0 0.177734375 0.03125 0.392578125 0.392578125
0 0.890625 0.96484375 0.138671875 0.138671875
0 0.765625 0.4375 0.13671875 0.13671875
0 0.060546875 0.84375 0.1171875 0.1171875
0 0.751953125 0.908203125 0.08203125 0.08203125
0 0.4140625 0.916015625 0.078125 0.078125
0 0.126953125 0.939453125 0.072265625 0.072265625
0 0.693359375 0.861328125 0.0625 0.0625
0 0.875 0.865234375 0.0546875 0.0546875
0 0.833984375 0.3125 0.05078125 0.05078125
0 0.45703125 0.5390625 0.05078125 0.05078125
0 0.56640625 0.572265625 0.044921875 0.044921875
0 0.08984375 0.7421875 0.044921875 0.044921875
0 0.88671875 0.708984375 0.044921875 0.044921875
0 0.515625 0.21484375 0.04296875 0.04296875
0 0.7578125 0.7109375 0.0390625 0.0390625
0 0.369140625 0.369140625 0.037109375 0.037109375
0 0.953125 0.32421875 0.03515625 0.03515625
0 0.060546875 0.548828125 0.03515625 0.03515625
0 0.140625 0.6015625 0.03515625 0.03515625
0 0.869140625 0.681640625 0.033203125 0.033203125
0 0.92578125 0.646484375 0.033203125 0.033203125
0 0.849609375 0.654296875 0.03125 0.03125
0 0.38671875 0.908203125 0.03125 0.03125
0 0.890625 0.796875 0.03125 0.03125
0 0.802734375 0.681640625 0.03125 0.03125
0 0.486328125 0.947265625 0.03125 0.03125
0 0.4140625 0.669921875 0.03125 0.03125
0 0.48046875 0.302734375 0.03125 0.03125
0 0.154296875 0.615234375 0.029296875 0.029296875
0 0.529296875 0.60546875 0.029296875 0.029296875
0 0.77734375 0.765625 0.029296875 0.029296875
0 0.7890625 0.712890625 0.029296875 0.029296875
0 0.91796875 0.501953125 0.02734375 0.02734375
0 0.458984375 0.439453125 0.02734375 0.02734375
0 0.119140625 0.876953125 0.025390625 0.025390625
0 0.267578125 0.826171875 0.025390625 0.025390625
