0 0.26953125 0.9765625 0.345703125 0.345703125
0 0.634765625 0.859375 0.28515625 0.28515625
0 0.7890625 0.083984375 0.18359375 0.18359375
0 0.908203125 0.904296875 0.16796875 0.16796875
0 0.341796875 0.744140625 0.12890625 0.12890625
0 0.880859375 0.6484375 0.11328125 0.11328125
0 0.521484375 0.396484375 0.109375 0.109375
0 0.755859375 0.255859375 0.07421875 0.07421875
0 0.630859375 0.64453125 0.0703125 0.0703125
0 0.978515625 0.734375 0.068359375 0.068359375
0 0.18359375 0.59375 0.06640625 0.06640625
0 0.775390625 0.845703125 0.0625 0.0625
0 0.12890625 0.6640625 0.060546875 0.060546875
0 0.447265625 0.13671875 0.056640625 0.056640625
0 0.755859375 0.8125 0.0546875 0.0546875
0 0.06640625 0.62890625 0.052734375 0.052734375
0 0.462890625 0.884765625 0.052734375 0.052734375
0 0.953125 0.564453125 0.05078125 0.05078125
0 0.119140625 0.60546875 0.05078125 0.05078125
0 0.912109375 0.349609375 0.046875 0.046875
0 0.07421875 0.6640625 0.044921875 0.044921875
0 0.71484375 0.578125 0.044921875 0.044921875
0 0.337890625 0.634765625 0.044921875 0.044921875
0 0.01171875 0.29296875 0.041015625 0.041015625
0 0.70703125 0.22265625 0.041015625 0.041015625
0 0.302734375 0.744140625 0.041015625 0.041015625
0 0.0234375 0.6953125 0.0390625 0.0390625
0 0.07421875 0.888671875 0.033203125 0.033203125
0 0.21875 0.9921875 0.033203125 0.033203125
0 0.173828125 0.083984375 0.033203125 0.033203125
0 0.099609375 0.908203125 0.033203125 0.033203125
0 0.35546875 0.818359375 0.033203125 0.033203125
0 0.880859375 0.443359375 0.03125 0.03125
0 0.548828125 0.013671875 0.03125 0.03125
0 0.943359375 0.5703125 0.029296875 0.029296875
0 0.75 0.55078125 0.029296875 0.029296875
0 0.35546875 0.380859375 0.029296875 0.029296875
0 0.16796875 0.8984375 0.02734375 0.02734375
0 0.234375 0.263671875 0.02734375 0.02734375
0 0.236328125 0.07421875 0.025390625 0.025390625
0 0.66796875 0.103515625 0.025390625 0.025390625
0 0.94140625 0.18359375 0.025390625 0.025390625
