0 0.302734375 0.087890625 1.541015625 1.541015625
0 0.380859375 0.9375 0.2109375 0.2109375
0 0.564453125 0.96875 0.19921875 0.19921875
0 0.818359375 0.625 0.171875 0.171875
0 0.974609375 0.388671875 0.15625 0.15625
0 0.052734375 0.75 0.146484375 0.146484375
0 0.3125 0.87109375 0.125 0.125
0 0.6640625 0.740234375 0.111328125 0.111328125
0 0.736328125 0.82421875 0.107421875 0.107421875
0 0.76171875 0.740234375 0.1015625 0.1015625
0 0.796875 0.9765625 0.09765625 0.09765625
0 0.19140625 0.28125 0.095703125 0.095703125
0 0.61328125 0.88671875 0.083984375 0.083984375
0 0.859375 0.712890625 0.08203125 0.08203125
0 0.1953125 0.8125 0.06640625 0.06640625
0 0.099609375 0.4609375 0.064453125 0.064453125
0 0.21484375 0.8515625 0.05859375 0.05859375
0 0.5390625 0.85546875 0.05078125 0.05078125
0 0.904296875 0.69140625 0.048828125 0.048828125
0 0.67578125 0.478515625 0.048828125 0.048828125
0 0.15234375 0.888671875 0.048828125 0.048828125
0 0.029296875 0.939453125 0.041015625 0.041015625
0 0.779296875 0.486328125 0.041015625 0.041015625
0 0.228515625 0.953125 0.041015625 0.041015625
0 0.74609375 0.990234375 0.03125 0.03125
0 0.92578125 0.087890625 0.03125 0.03125
0 0.89453125 0.55078125 0.02734375 0.02734375
0 0.578125 0.212890625 0.02734375 0.02734375
0 0.728515625 0.93359375 0.02734375 0.02734375
0 0.24609375 0.580078125 0.02734375 0.02734375
0 0.57421875 0.818359375 0.025390625 0.025390625
0 0.888671875 0.19921875 0.025390625 0.025390625
0 0.177734375 0.13671875 0.025390625 0.025390625
0 0.267578125 0.34765625 0.025390625 0.025390625
0 0.203125 0.509765625 0.025390625 0.025390625
0 0.4453125 0.017578125 0.025390625 0.025390625
