0 0.244140625 0.82421875 0.205078125 0.205078125
0 0.7421875 0.71484375 0.193359375 0.193359375
0 0.525390625 0.396484375 0.19140625 0.19140625
0 0.677734375 0.357421875 0.162109375 0.162109375
0 0.0703125 0.978515625 0.140625 0.140625
0 0.474609375 0.666015625 0.130859375 0.130859375
0 0.111328125 0.421875 0.10546875 0.10546875
0 0.216796875 0.43359375 0.099609375 0.099609375
0 0.283203125 0.962890625 0.09765625 0.09765625
0 0.17578125 0.716796875 0.08984375 0.08984375
0 0.08984375 0.703125 0.08203125 0.08203125
0 0.705078125 0.080078125 0.07421875 0.07421875
0 0.9296875 0.826171875 0.068359375 0.068359375
0 0.337890625 0.607421875 0.064453125 0.064453125
0 0.16796875 0.275390625 0.05859375 0.05859375
0 0.33203125 0.78515625 0.056640625 0.056640625
0 0.009765625 0.75 0.0546875 0.0546875
0 0.150390625 0.306640625 0.052734375 0.052734375
0 0.6796875 0.517578125 0.048828125 0.048828125
0 0.369140625 0.412109375 0.046875 0.046875
0 0.4140625 0.994140625 0.044921875 0.044921875
0 0.5390625 0.5703125 0.044921875 0.044921875
0 0.185546875 0.0625 0.044921875 0.044921875
0 0.330078125 0.078125 0.04296875 0.04296875
0 0.923828125 0.453125 0.04296875 0.04296875
0 0.654296875 0.119140625 0.041015625 0.041015625
0 0.337890625 0.376953125 0.037109375 0.037109375
0 0.572265625 0.763671875 0.037109375 0.037109375
0 0.4375 0.853515625 0.037109375 0.037109375
0 0.111328125 0.814453125 0.03515625 0.03515625
0 0.921875 0.310546875 0.033203125 0.033203125
0 0.849609375 0.150390625 0.03125 0.03125
0 0.91796875 0.68359375 0.03125 0.03125
0 0.369140625 0.203125 0.029296875 0.029296875
0 0.3359375 0.470703125 0.029296875 0.029296875
0 0.056640625 0.478515625 0.029296875 0.029296875
0 0.548828125 0.3125 0.029296875 0.029296875
0 0.28515625 0.81640625 0.029296875 0.029296875
0 0.548828125 0.265625 0.02734375 0.02734375
