0 0.615234375 0.8359375 0.2578125 0.2578125
0 0.041015625 0.984375 0.185546875 0.185546875
0 0.552734375 0.744140625 0.1796875 0.1796875
0 0.015625 0.248046875 0.171875 0.171875
0 0.34375 0.9375 0.166015625 0.166015625
0 0.3671875 0.009765625 0.150390625 0.150390625
0 0.36328125 0.486328125 0.140625 0.140625
0 0.140625 0.232421875 0.138671875 0.138671875
0 0.80859375 0.56640625 0.134765625 0.134765625
0 0.849609375 0.599609375 0.125 0.125
0 0.34375 0.232421875 0.123046875 0.123046875
0 0.22265625 0.33984375 0.115234375 0.115234375
0 0.66015625 0.650390625 0.10546875 0.10546875
0 0.8671875 0.955078125 0.1015625 0.1015625
0 0.861328125 0.056640625 0.09765625 0.09765625
0 0.99609375 0.76171875 0.095703125 0.095703125
0 0.13671875 0.87890625 0.08984375 0.08984375
0 0.16796875 0.3984375 0.087890625 0.087890625
0 0.666015625 0.90234375 0.0859375 0.0859375
0 0.162109375 0.01953125 0.083984375 0.083984375
0 0.240234375 0.1328125 0.08203125 0.08203125
0 0.748046875 0.85546875 0.080078125 0.080078125
0 0.685546875 0.41796875 0.078125 0.078125
0 0.654296875 0.064453125 0.078125 0.078125
0 0.90625 0.115234375 0.07421875 0.07421875
0 0.2578125 0.43359375 0.068359375 0.068359375
0 0.4453125 0.80078125 0.06640625 0.06640625
0 0.44140625 0.013671875 0.064453125 0.064453125
0 0.63671875 0.953125 0.0625 0.0625
0 0.044921875 0.70703125 0.05859375 0.05859375
0 0.4609375 0.05859375 0.056640625 0.056640625
0 0.634765625 0.54296875 0.056640625 0.056640625
0 0.2265625 0.970703125 0.056640625 0.056640625
0 0.60546875 0.5390625 0.0546875 0.0546875
0 0.49609375 0.130859375 0.052734375 0.052734375
0 0.287109375 0.54296875 0.05078125 0.05078125
0 0.837890625 0.125 0.048828125 0.048828125
0 0.060546875 0.640625 0.048828125 0.048828125
0 0.87890625 0.421875 0.048828125 0.048828125
0 0.580078125 0.470703125 0.046875 0.046875
0 0.669921875 0.005859375 0.044921875 0.044921875
0 0.59375 0.67578125 0.044921875 0.044921875
0 0.6328125 0.7109375 0.04296875 0.04296875
0 0.66796875 0.453125 0.041015625 0.041015625
0 0.21875 0.380859375 0.041015625 0.041015625
0 0.970703125 0.5703125 0.041015625 0.041015625
0 0.724609375 0.681640625 0.041015625 0.041015625
0 0.33984375 0.83203125 0.0390625 0.0390625
0 0.416015625 0.2734375 0.0390625 0.0390625
0 0.0390625 0.126953125 0.037109375 0.037109375
0 0.408203125 0.072265625 0.03515625 0.03515625
0 0.23828125 0.767578125 0.03515625 0.03515625
0 0.541015625 0.15625 0.033203125 0.033203125
0 0.775390625 0.595703125 0.033203125 0.033203125
0 0.90625 0.064453125 0.03125 0.03125
0 0.1171875 0.416015625 0.03125 0.03125
0 0.705078125 0.337890625 0.03125 0.03125
0 0.130859375 0.583984375 0.03125 0.03125
0 0.505859375 0.541015625 0.029296875 0.029296875
0 0.384765625 0.91796875 0.029296875 0.029296875
0 0.6015625 0.642578125 0.029296875 0.029296875
0 0.67578125 0.99609375 0.029296875 0.029296875
0 0.33984375 0.091796875 0.02734375 0.02734375
0 0.455078125 0.712890625 0.02734375 0.02734375
0 0.33203125 0.435546875 0.02734375 0.02734375
0 0.330078125 0.611328125 0.02734375 0.02734375
0 0.916015625 0.888671875 0.02734375 0.02734375
0 0.466796875 0.755859375 0.02734375 0.02734375
0 0.419921875 0.6015625 0.025390625 0.025390625
0 0.224609375 0.01953125 0.025390625 0.025390625
0 0.53515625 0.173828125 0.025390625 0.025390625
0 0.09375 0.044921875 0.025390625 0.025390625
