0 0.734375 0.69921875 0.3203125 0.3203125
0 0.9765625 0.91015625 0.240234375 0.240234375
0 0.634765625 0.35546875 0.17578125 0.17578125
0 0.083984375 0.33984375 0.150390625 0.150390625
0 0.724609375 0.91015625 0.140625 0.140625
0 0.408203125 0.6953125 0.13671875 0.13671875
0 0.484375 0.96875 0.1328125 0.1328125
0 0.025390625 0.505859375 0.123046875 0.123046875
0 0.015625 0.251953125 0.107421875 0.107421875
0 0.87109375 0.234375 0.095703125 0.095703125
0 0.51171875 0.72265625 0.09375 0.09375
0 0.029296875 0.85546875 0.083984375 0.083984375
0 0.685546875 0.69921875 0.076171875 0.076171875
0 0.4296875 0.8359375 0.072265625 0.072265625
0 0.333984375 0.919921875 0.068359375 0.068359375
0 0.052734375 0.0234375 0.064453125 0.064453125
0 0.232421875 0.26171875 0.060546875 0.060546875
0 0.498046875 0.646484375 0.060546875 0.060546875
0 0.5703125 0.0546875 0.05859375 0.05859375
0 0.947265625 0.509765625 0.044921875 0.044921875
0 0.328125 0.736328125 0.044921875 0.044921875
0 0.294921875 0.556640625 0.044921875 0.044921875
0 0.3671875 0.755859375 0.044921875 0.044921875
0 0.150390625 0.921875 0.041015625 0.041015625
0 0.59765625 0.853515625 0.041015625 0.041015625
0 0.626953125 0.037109375 0.0390625 0.0390625
0 0.46875 0.412109375 0.0390625 0.0390625
0 0.78125 0.384765625 0.037109375 0.037109375
0 0.185546875 0.736328125 0.037109375 0.037109375
0 0.640625 0.234375 0.03515625 0.03515625
0 0.66796875 0.095703125 0.03515625 0.03515625
0 0.255859375 0.03125 0.03515625 0.03515625
0 0.2109375 0.505859375 0.03515625 0.03515625
0 0.140625 0.466796875 0.033203125 0.033203125
0 0.244140625 0.349609375 0.033203125 0.033203125
0 0.34375 0.85546875 0.033203125 0.033203125
0 0.208984375 0.025390625 0.033203125 0.033203125
0 0.642578125 0.322265625 0.03125 0.03125
0 0.76953125 0.814453125 0.03125 0.03125
0 0.3828125 0.078125 0.03125 0.03125
0 0.494140625 0.109375 0.029296875 0.029296875
0 0.328125 0.693359375 0.029296875 0.029296875
0 0.71875 0.513671875 0.029296875 0.029296875
0 0.015625 0.25390625 0.02734375 0.02734375
