0 0.625 0.55859375 0.25390625 0.25390625
0 0.41015625 0.27734375 0.20703125 0.20703125
0 0.09765625 0.763671875 0.162109375 0.162109375
0 0.18359375 0.859375 0.146484375 0.146484375
0 0.880859375 0.681640625 0.115234375 0.115234375
0 0.755859375 0.462890625 0.111328125 0.111328125
0 0.9375 0.71875 0.1015625 0.1015625
0 0.970703125 0.76171875 0.095703125 0.095703125
0 0.298828125 0.490234375 0.095703125 0.095703125
0 0.626953125 0.96484375 0.08984375 0.08984375
0 0.41015625 0.57421875 0.08984375 0.08984375
0 0.900390625 0.552734375 0.0859375 0.0859375
0 0.755859375 0.52734375 0.078125 0.078125
0 0.8125 0.19140625 0.07421875 0.07421875
0 0.041015625 0.556640625 0.072265625 0.072265625
0 0.322265625 0.580078125 0.0703125 0.0703125
0 0.701171875 0.484375 0.068359375 0.068359375
0 0.1796875 0.03125 0.06640625 0.06640625
0 0.705078125 0.099609375 0.06640625 0.06640625
0 0.791015625 0.025390625 0.064453125 0.064453125
0 0.087890625 0.720703125 0.060546875 0.060546875
0 0.23046875 0.2109375 0.056640625 0.056640625
0 0.38671875 0.66796875 0.056640625 0.056640625
0 0.447265625 0.568359375 0.056640625 0.056640625
0 0.60546875 0.734375 0.0546875 0.0546875
0 0.91796875 0.37109375 0.052734375 0.052734375
0 0.74609375 0.2265625 0.05078125 0.05078125
0 0.333984375 0.943359375 0.05078125 0.05078125
0 0.71484375 0.75 0.048828125 0.048828125
0 0.95703125 0.98828125 0.048828125 0.048828125
0 0.607421875 0.615234375 0.046875 0.046875
0 0.38671875 0.90625 0.044921875 0.044921875
0 0.5703125 0.6328125 0.04296875 0.04296875
0 0.59375 0.703125 0.04296875 0.04296875
0 0.9296875 0.763671875 0.041015625 0.041015625
0 0.556640625 0.849609375 0.0390625 0.0390625
0 0.888671875 0.9375 0.0390625 0.0390625
0 0.001953125 0.32421875 0.0390625 0.0390625
0 0.693359375 0.908203125 0.0390625 0.0390625
0 0.140625 0.650390625 0.037109375 0.037109375
0 0.1640625 0.65625 0.037109375 0.037109375
0 0.14453125 0.14453125 0.03515625 0.03515625
0 0.08203125 0.302734375 0.03515625 0.03515625
0 0.650390625 0.478515625 0.033203125 0.033203125
0 0.826171875 0.365234375 0.033203125 0.033203125
0 0.28125 0.9765625 0.033203125 0.033203125
0 0.99609375 0.052734375 0.03125 0.03125
0 0.587890625 0.109375 0.029296875 0.029296875
0 0.85546875 0.970703125 0.029296875 0.029296875
0 0.890625 0.3046875 0.02734375 0.02734375
0 0.0234375 0.548828125 0.02734375 0.02734375
0 0.505859375 0.017578125 0.02734375 0.02734375
0 0.91796875 0.91015625 0.02734375 0.02734375
0 0.13671875 0.484375 0.02734375 0.02734375
0 0.9140625 0.587890625 0.025390625 0.025390625
