0 0.951171875 0.3359375 0.876953125 0.876953125
0 0.95703125 0.9921875 0.19140625 0.19140625
0 0.26953125 0.796875 0.15625 0.15625
0 0.23828125 0.552734375 0.146484375 0.146484375
0 0.345703125 0.982421875 0.126953125 0.126953125
0 0.724609375 0.5234375 0.1015625 0.1015625
0 0.42578125 0.8984375 0.078125 0.078125
0 0.54296875 0.453125 0.076171875 0.076171875
0 0.69140625 0.466796875 0.0703125 0.0703125
0 0.341796875 0.248046875 0.05859375 0.05859375
0 0.64453125 0.61328125 0.0546875 0.0546875
0 0.068359375 0.9453125 0.05078125 0.05078125
0 0.134765625 0.154296875 0.048828125 0.048828125
0 0.822265625 0.6015625 0.048828125 0.048828125
0 0.328125 0.73828125 0.044921875 0.044921875
0 0.0546875 0.81640625 0.0390625 0.0390625
0 0.109375 0.103515625 0.0390625 0.0390625
0 0.28125 0.173828125 0.037109375 0.037109375
0 0.33203125 0.54296875 0.037109375 0.037109375
0 0.23046875 0.681640625 0.03515625 0.03515625
0 0.228515625 0.505859375 0.033203125 0.033203125
0 0.009765625 0.30078125 0.033203125 0.033203125
0 0.84765625 0.09765625 0.03125 0.03125
0 0.1015625 0.908203125 0.029296875 0.029296875
0 0.73046875 0.00390625 0.029296875 0.029296875
0 0.3828125 0.033203125 0.025390625 0.025390625
