0 0.14453125 0.267578125 0.279296875 0.279296875
0 0.904296875 0.466796875 0.228515625 0.228515625
0 0.095703125 0.783203125 0.1953125 0.1953125
0 0.54296875 0.462890625 0.16015625 0.16015625
0 0.94921875 0.36328125 0.140625 0.140625
0 0.89453125 0.103515625 0.11328125 0.11328125
0 0.705078125 0.44140625 0.107421875 0.107421875
0 0.890625 0.705078125 0.068359375 0.068359375
0 0.716796875 0.279296875 0.052734375 0.052734375
0 0.638671875 0.111328125 0.046875 0.046875
0 0.376953125 0.40625 0.044921875 0.044921875
0 0.80859375 0.513671875 0.04296875 0.04296875
0 0.935546875 0.525390625 0.0390625 0.0390625
0 0.95703125 0.591796875 0.037109375 0.037109375
0 0.91796875 0.796875 0.03515625 0.03515625
0 0.59375 0.87109375 0.03515625 0.03515625
0 0.8125 0.390625 0.03125 0.03125
0 0.41796875 0.673828125 0.025390625 0.025390625
0 0.87109375 0.412109375 0.025390625 0.025390625
