0 0.18359375 0.064453125 0.234375 0.234375
0 0.8828125 0.365234375 0.205078125 0.205078125
0 0.4375 0.89453125 0.17578125 0.17578125
0 0.4140625 0.12890625 0.15625 0.15625
0 0.5546875 0.765625 0.134765625 0.134765625
0 0.337890625 0.744140625 0.12109375 0.12109375
0 0.302734375 0.310546875 0.119140625 0.119140625
0 0.15234375 0.91015625 0.119140625 0.119140625
0 0.130859375 0.171875 0.107421875 0.107421875
0 0.8984375 0.5625 0.09375 0.09375
0 0.103515625 0.560546875 0.08984375 0.08984375
0 0.021484375 0.427734375 0.08984375 0.08984375
0 0.650390625 0.75390625 0.087890625 0.087890625
0 0.767578125 0.90625 0.080078125 0.080078125
0 0.349609375 0.177734375 0.078125 0.078125
0 0.361328125 0.673828125 0.07421875 0.07421875
0 0.3359375 0.15625 0.0625 0.0625
0 0.84765625 0.21875 0.05859375 0.05859375
0 0.212890625 0.482421875 0.05078125 0.05078125
0 0.48828125 0.08203125 0.046875 0.046875
0 0.728515625 0.783203125 0.04296875 0.04296875
0 0.037109375 0.7890625 0.04296875 0.04296875
0 0.49609375 0.58984375 0.041015625 0.041015625
0 0.576171875 0.880859375 0.0390625 0.0390625
0 0.615234375 0.703125 0.037109375 0.037109375
0 0.001953125 0.990234375 0.037109375 0.037109375
0 0.716796875 0.708984375 0.03515625 0.03515625
0 0.5390625 0.25 0.03515625 0.03515625
0 0.859375 0.796875 0.03515625 0.03515625
0 0.021484375 0.4765625 0.03515625 0.03515625
0 0.423828125 0.52734375 0.03515625 0.03515625
0 0.115234375 0.5078125 0.033203125 0.033203125
0 0.67578125 0.34765625 0.03125 0.03125
0 0.87109375 0.6484375 0.029296875 0.029296875
0 0.822265625 0.25390625 0.02734375 0.02734375
0 0.2109375 0.5078125 0.02734375 0.02734375
0 0.33203125 0.845703125 0.025390625 0.025390625
0 0.501953125 0.982421875 0.025390625 0.025390625
0 0.85546875 0.080078125 0.025390625 0.025390625
