0 0.193359375 0.259765625 0.236328125 0.236328125
0 0.36328125 0.119140625 0.125 0.125
0 0.7109375 0.22265625 0.0546875 0.0546875
0 0.767578125 0.0859375 0.048828125 0.048828125
0 0.978515625 0.68359375 0.046875 0.046875
0 0.974609375 0.1796875 0.044921875 0.044921875
0 0.826171875 0.205078125 0.03515625 0.03515625
0 0.984375 0.205078125 0.033203125 0.033203125
0 0.1875 0.353515625 0.033203125 0.033203125
0 0.982421875 0.6953125 0.03125 0.03125
0 0.6171875 0.734375 0.03125 0.03125
0 0.75390625 0.9296875 0.025390625 0.025390625
