0 0.208984375 0.09765625 0.287109375 0.287109375
0 0.08984375 0.294921875 0.208984375 0.208984375
0 0.970703125 0.236328125 0.201171875 0.201171875
0 0.560546875 0.71484375 0.181640625 0.181640625
0 0.208984375 0.67578125 0.1640625 0.1640625
0 0.83984375 0.767578125 0.15625 0.15625
0 0.134765625 0.455078125 0.142578125 0.142578125
0 0.541015625 0.9296875 0.140625 0.140625
0 0.603515625 0.2109375 0.130859375 0.130859375
0 0.0703125 0.71875 0.125 0.125
0 0.515625 0.388671875 0.119140625 0.119140625
0 0.087890625 0.625 0.083984375 0.083984375
0 0.40234375 0.669921875 0.06640625 0.06640625
0 0.640625 0.0234375 0.060546875 0.060546875
0 0.4296875 0.10546875 0.05859375 0.05859375
0 0.416015625 0.529296875 0.056640625 0.056640625
0 0.86328125 0.49609375 0.0546875 0.0546875
0 0.736328125 0.8125 0.0546875 0.0546875
0 0.228515625 0.73046875 0.0546875 0.0546875
0 0.908203125 0.736328125 0.0546875 0.0546875
0 0.412109375 0.919921875 0.052734375 0.052734375
0 0.7734375 0.388671875 0.052734375 0.052734375
0 0.673828125 0.275390625 0.05078125 0.05078125
0 0.431640625 0.197265625 0.048828125 0.048828125
0 0.484375 0.056640625 0.048828125 0.048828125
0 0.0078125 0.162109375 0.046875 0.046875
0 0.224609375 0.134765625 0.046875 0.046875
0 0.724609375 0.78125 0.041015625 0.041015625
0 0.642578125 0.439453125 0.0390625 0.0390625
0 0.810546875 0.65234375 0.0390625 0.0390625
0 0.5859375 0.869140625 0.037109375 0.037109375
0 0.982421875 0.873046875 0.037109375 0.037109375
0 0.634765625 0.41015625 0.03515625 0.03515625
0 0.51171875 0.138671875 0.03515625 0.03515625
0 0.861328125 0.845703125 0.033203125 0.033203125
0 0.6953125 0.193359375 0.029296875 0.029296875
0 0.228515625 0.98828125 0.029296875 0.029296875
0 0.9453125 0.236328125 0.029296875 0.029296875
0 0.7890625 0.53515625 0.029296875 0.029296875
0 0.044921875 0.05859375 0.029296875 0.029296875
0 0.861328125 0.92578125 0.02734375 0.02734375
0 0.84765625 0.849609375 0.02734375 0.02734375
0 0.9453125 0.365234375 0.02734375 0.02734375
0 0.00390625 0.07421875 0.025390625 0.025390625
