0 0.296875 0.52734375 0.322265625 0.322265625
0 0.72265625 0.474609375 0.22265625 0.22265625
0 0.140625 0.78515625 0.15234375 0.15234375
0 0.248046875 0.908203125 0.1328125 0.1328125
0 0.80859375 0.712890625 0.1328125 0.1328125
0 0.919921875 0.2578125 0.1171875 0.1171875
0 0.205078125 0.7734375 0.111328125 0.111328125
0 0.41796875 0.99609375 0.09375 0.09375
0 0.59375 0.302734375 0.0859375 0.0859375
0 0.908203125 0.646484375 0.064453125 0.064453125
0 0.0625 0.1796875 0.0546875 0.0546875
0 0.283203125 0.771484375 0.0546875 0.0546875
0 0.400390625 0.17578125 0.052734375 0.052734375
0 0.62109375 0.1328125 0.05078125 0.05078125
0 0.171875 0.080078125 0.05078125 0.05078125
0 0.26953125 0.189453125 0.05078125 0.05078125
0 0.2109375 0.20703125 0.048828125 0.048828125
0 0.51953125 0.673828125 0.046875 0.046875
0 0.13671875 0.09765625 0.046875 0.046875
0 0.115234375 0.65234375 0.046875 0.046875
0 0.744140625 0.7109375 0.044921875 0.044921875
0 0.3125 0.0625 0.04296875 0.04296875
0 0.595703125 0.27734375 0.037109375 0.037109375
0 0.513671875 0.193359375 0.037109375 0.037109375
0 0.013671875 0.40234375 0.03515625 0.03515625
0 0.9921875 0.27734375 0.03515625 0.03515625
0 0.203125 0.3984375 0.03515625 0.03515625
0 0.849609375 0.083984375 0.03515625 0.03515625
0 0.083984375 0.576171875 0.029296875 0.029296875
0 0.259765625 0.109375 0.029296875 0.029296875
0 0.099609375 0.8984375 0.029296875 0.029296875
0 0.95703125 0.115234375 0.02734375 0.02734375
