0 0.7109375 0.0703125 0.21875 0.21875
0 0.060546875 0.89453125 0.130859375 0.130859375
0 0.318359375 0.115234375 0.125 0.125
0 0.5859375 0.3046875 0.12109375 0.12109375
0 0.34375 0.5859375 0.1171875 0.1171875
0 0.943359375 0.548828125 0.115234375 0.115234375
0 0.591796875 0.216796875 0.115234375 0.115234375
0 0.880859375 0.837890625 0.10546875 0.10546875
0 0.951171875 0.31640625 0.10546875 0.10546875
0 0.177734375 0.240234375 0.0859375 0.0859375
0 0.08984375 0.794921875 0.0859375 0.0859375
0 0.966796875 0.39453125 0.08203125 0.08203125
0 0.216796875 0.875 0.080078125 0.080078125
0 0.30078125 0.828125 0.078125 0.078125
0 0.3828125 0.076171875 0.076171875 0.076171875
0 0.2265625 0.556640625 0.076171875 0.076171875
0 0.654296875 0.837890625 0.072265625 0.072265625
0 0.43359375 0.60546875 0.068359375 0.068359375
0 0.244140625 0.521484375 0.06640625 0.06640625
0 0.5625 0.21875 0.06640625 0.06640625
0 0.279296875 0.97265625 0.06640625 0.06640625
0 0.580078125 0.955078125 0.064453125 0.064453125
0 0.12109375 0.6953125 0.05859375 0.05859375
0 0.119140625 0.478515625 0.0546875 0.0546875
0 0.0703125 0.638671875 0.0546875 0.0546875
0 0.046875 0.583984375 0.0546875 0.0546875
0 0.646484375 0.5234375 0.05078125 0.05078125
0 0.37890625 0.255859375 0.048828125 0.048828125
0 0.599609375 0.568359375 0.046875 0.046875
0 0.525390625 0.705078125 0.046875 0.046875
0 0.98046875 0.234375 0.044921875 0.044921875
0 0.439453125 0.328125 0.044921875 0.044921875
0 0.41015625 0.23046875 0.04296875 0.04296875
0 0.517578125 0.73828125 0.04296875 0.04296875
0 0.826171875 0.5 0.041015625 0.041015625
0 0.49609375 0.447265625 0.0390625 0.0390625
0 0.171875 0.34765625 0.0390625 0.0390625
0 0.515625 0.65234375 0.033203125 0.033203125
0 0.1015625 0.21875 0.033203125 0.033203125
0 0.08984375 0.052734375 0.033203125 0.033203125
0 0.642578125 0.9375 0.03125 0.03125
0 0.673828125 0.908203125 0.03125 0.03125
0 0.35546875 0.19921875 0.03125 0.03125
0 0.236328125 0.203125 0.029296875 0.029296875
0 0.529296875 0.498046875 0.029296875 0.029296875
0 0.431640625 0.408203125 0.029296875 0.029296875
0 0.31640625 0.52734375 0.029296875 0.029296875
0 0.056640625 0.48828125 0.02734375 0.02734375
0 0.5625 0.1484375 0.02734375 0.02734375
