0 0.904296875 0.6640625 0.28125 0.28125
0 0.01171875 0.0390625 0.181640625 0.181640625
0 0.025390625 0.4375 0.15234375 0.15234375
0 0.794921875 0.318359375 0.130859375 0.130859375
0 0.830078125 0.16796875 0.126953125 0.126953125
0 0.36328125 0.099609375 0.1171875 0.1171875
0 0.33984375 0.91015625 0.10546875 0.10546875
0 0.54296875 0.169921875 0.080078125 0.080078125
0 0.791015625 0.50390625 0.080078125 0.080078125
0 0.287109375 0.611328125 0.064453125 0.064453125
0 0.111328125 0.74609375 0.0625 0.0625
0 0.72265625 0.5625 0.060546875 0.060546875
0 0.580078125 0.384765625 0.0546875 0.0546875
0 0.646484375 0.0703125 0.0546875 0.0546875
0 0.03125 0.25 0.052734375 0.052734375
0 0.001953125 0.9453125 0.05078125 0.05078125
0 0.212890625 0.65234375 0.05078125 0.05078125
0 0.412109375 0.541015625 0.048828125 0.048828125
0 0.630859375 0.62109375 0.046875 0.046875
0 0.650390625 0.513671875 0.044921875 0.044921875
0 0.33203125 0.59375 0.04296875 0.04296875
0 0.046875 0.61328125 0.04296875 0.04296875
0 0.513671875 0.138671875 0.04296875 0.04296875
0 0.390625 0.705078125 0.041015625 0.041015625
0 0.099609375 0.67578125 0.0390625 0.0390625
0 0.595703125 0.328125 0.0390625 0.0390625
0 0.458984375 0.521484375 0.0390625 0.0390625
0 0.83984375 0.03515625 0.037109375 0.037109375
0 0.1015625 0.6171875 0.03515625 0.03515625
0 0.28515625 0.166015625 0.03515625 0.03515625
0 0.1328125 0.732421875 0.033203125 0.033203125
0 0.8984375 0.921875 0.033203125 0.033203125
0 0.740234375 0.07421875 0.03125 0.03125
0 0.0546875 0.7109375 0.03125 0.03125
0 0.857421875 0.931640625 0.03125 0.03125
0 0.65234375 0.384765625 0.03125 0.03125
0 0.771484375 0.85546875 0.03125 0.03125
0 0.22265625 0.0234375 0.029296875 0.029296875
0 0.369140625 0.3984375 0.029296875 0.029296875
0 0.20703125 0.783203125 0.02734375 0.02734375
0 0.23828125 0.58984375 0.025390625 0.025390625
0 0.037109375 0.98046875 0.025390625 0.025390625
0 0.51171875 0.98046875 0.025390625 0.025390625
0 0.1484375 0.23828125 0.025390625 0.025390625
0 0.208984375 0.359375 0.025390625 0.025390625
0 0.560546875 0.068359375 0.025390625 0.025390625
