0 0.048828125 0.966796875 0.1953125 0.1953125
0 0.201171875 0.689453125 0.125 0.125
0 0.619140625 0.265625 0.064453125 0.064453125
0 0.287109375 0.8984375 0.0625 0.0625
0 0.53515625 0.515625 0.052734375 0.052734375
0 0.947265625 0.1875 0.048828125 0.048828125
0 0.607421875 0.31640625 0.0390625 0.0390625
0 0.12109375 0.966796875 0.033203125 0.033203125
0 0.66796875 0.076171875 0.03125 0.03125
0 0.537109375 0.017578125 0.03125 0.03125
0 0.609375 0.345703125 0.02734375 0.02734375
0 0.7265625 0.13671875 0.02734375 0.02734375
