0 0.462890625 0.5859375 0.20703125 0.20703125
0 0.91015625 0.822265625 0.154296875 0.154296875
0 0.900390625 0.744140625 0.130859375 0.130859375
0 0.890625 0.498046875 0.123046875 0.123046875
0 0.439453125 0.76953125 0.10546875 0.10546875
0 0.4765625 0.443359375 0.095703125 0.095703125
0 0.25 0.068359375 0.09375 0.09375
0 0.810546875 0.599609375 0.08203125 0.08203125
0 0.984375 0.8828125 0.060546875 0.060546875
0 0.142578125 0.7578125 0.060546875 0.060546875
0 0.478515625 0.482421875 0.0546875 0.0546875
0 0.69140625 0.021484375 0.052734375 0.052734375
0 0.15625 0.20703125 0.046875 0.046875
0 0.849609375 0.900390625 0.044921875 0.044921875
0 0.30078125 0.556640625 0.04296875 0.04296875
0 0.314453125 0.275390625 0.041015625 0.041015625
0 0.078125 0.921875 0.0390625 0.0390625
0 0.14453125 0.986328125 0.033203125 0.033203125
0 0.748046875 0.779296875 0.033203125 0.033203125
0 0.150390625 0.24609375 0.02734375 0.02734375
0 0.28125 0.501953125 0.02734375 0.02734375
0 0.53515625 0.326171875 0.025390625 0.025390625
0 0.009765625 0.8671875 0.025390625 0.025390625
0 0.0703125 0.0546875 0.025390625 0.025390625
