0 0.828125 0.80859375 0.1796875 0.1796875
0 0.060546875 0.25 0.1796875 0.1796875
0 0.95703125 0.083984375 0.1484375 0.1484375
0 0.64453125 0.79296875 0.099609375 0.099609375
0 0.876953125 0.166015625 0.076171875 0.076171875
0 0.6015625 0.86328125 0.060546875 0.060546875
0 0.720703125 0.92578125 0.056640625 0.056640625
0 0.482421875 0.888671875 0.0546875 0.0546875
0 0.392578125 0.89453125 0.04296875 0.04296875
0 0.43359375 0.806640625 0.041015625 0.041015625
0 0.314453125 0.783203125 0.033203125 0.033203125
0 0.634765625 0.837890625 0.029296875 0.029296875
0 0.361328125 0.8671875 0.02734375 0.02734375
0 0.052734375 0.755859375 0.02734375 0.02734375
0 0.826171875 0.53125 0.02734375 0.02734375
