0 0.619140625 0.5703125 0.259765625 0.259765625
0 0.4375 0.416015625 0.115234375 0.115234375
0 0.791015625 0.640625 0.1015625 0.1015625
0 0.39453125 0.951171875 0.099609375 0.099609375
0 0.41796875 0.48828125 0.087890625 0.087890625
0 0.2109375 0.595703125 0.08203125 0.08203125
0 0.763671875 0.0078125 0.076171875 0.076171875
0 0.326171875 0.03125 0.07421875 0.07421875
0 0.2578125 0.1484375 0.064453125 0.064453125
0 0.70703125 0.09765625 0.064453125 0.064453125
0 0.041015625 0.966796875 0.0625 0.0625
0 0.91796875 0.798828125 0.060546875 0.060546875
0 0.408203125 0.65234375 0.0546875 0.0546875
0 0.125 0.681640625 0.05078125 0.05078125
0 0.244140625 0.357421875 0.05078125 0.05078125
0 0.146484375 0.19140625 0.048828125 0.048828125
0 0.0859375 0.224609375 0.048828125 0.048828125
0 0.814453125 0.80859375 0.046875 0.046875
0 0.712890625 0.19921875 0.04296875 0.04296875
0 0.2890625 0.205078125 0.04296875 0.04296875
0 0.712890625 0.05078125 0.04296875 0.04296875
0 0.89453125 0.9453125 0.0390625 0.0390625
0 0.14453125 0.720703125 0.037109375 0.037109375
0 0.591796875 0.123046875 0.037109375 0.037109375
0 0.0 0.291015625 0.037109375 0.037109375
0 0.314453125 0.6640625 0.03515625 0.03515625
0 0.439453125 0.1484375 0.033203125 0.033203125
0 0.494140625 0.076171875 0.029296875 0.029296875
0 0.470703125 0.384765625 0.029296875 0.029296875
0 0.462890625 0.0390625 0.02734375 0.02734375
0 0.470703125 0.27734375 0.02734375 0.02734375
0 0.46484375 0.51953125 0.02734375 0.02734375
0 0.921875 0.154296875 0.02734375 0.02734375
