0 0.314453125 0.9921875 0.123046875 0.123046875
0 0.640625 0.076171875 0.10546875 0.10546875
0 0.53515625 0.013671875 0.099609375 0.099609375
0 0.7421875 0.279296875 0.099609375 0.099609375
0 0.173828125 0.888671875 0.08984375 0.08984375
0 0.236328125 0.029296875 0.08984375 0.08984375
0 0.962890625 0.28515625 0.0859375 0.0859375
0 0.5078125 0.392578125 0.0859375 0.0859375
0 0.955078125 0.083984375 0.083984375 0.083984375
0 0.3046875 0.890625 0.083984375 0.083984375
0 0.564453125 0.89453125 0.08203125 0.08203125
0 0.22265625 0.328125 0.076171875 0.076171875
0 0.28515625 0.7109375 0.0703125 0.0703125
0 0.1640625 0.123046875 0.06640625 0.06640625
0 0.73828125 0.814453125 0.06640625 0.06640625
0 0.615234375 0.791015625 0.06640625 0.06640625
0 0.1015625 0.15625 0.06640625 0.06640625
0 0.72265625 0.76953125 0.0625 0.0625
0 0.142578125 0.99609375 0.060546875 0.060546875
0 0.953125 0.041015625 0.056640625 0.056640625
0 0.146484375 0.201171875 0.056640625 0.056640625
0 0.751953125 0.392578125 0.0546875 0.0546875
0 0.19140625 0.826171875 0.052734375 0.052734375
0 0.03125 0.392578125 0.05078125 0.05078125
0 0.662109375 0.26171875 0.048828125 0.048828125
0 0.20703125 0.048828125 0.046875 0.046875
0 0.84765625 0.376953125 0.046875 0.046875
0 0.857421875 0.587890625 0.046875 0.046875
0 0.013671875 0.412109375 0.044921875 0.044921875
0 0.9765625 0.873046875 0.044921875 0.044921875
0 0.587890625 0.26953125 0.04296875 0.04296875
0 0.70703125 0.212890625 0.04296875 0.04296875
0 0.498046875 0.12890625 0.041015625 0.041015625
0 0.1328125 0.0078125 0.041015625 0.041015625
0 0.697265625 0.1171875 0.0390625 0.0390625
0 0.978515625 0.48828125 0.0390625 0.0390625
0 0.267578125 0.8046875 0.0390625 0.0390625
0 0.412109375 0.482421875 0.037109375 0.037109375
0 0.537109375 0.5390625 0.037109375 0.037109375
0 0.62109375 0.650390625 0.037109375 0.037109375
0 0.021484375 0.576171875 0.03515625 0.03515625
0 0.78515625 0.66796875 0.03515625 0.03515625
0 0.693359375 0.90234375 0.033203125 0.033203125
0 0.54296875 0.45703125 0.033203125 0.033203125
0 0.041015625 0.505859375 0.033203125 0.033203125
0 0.376953125 0.001953125 0.03125 0.03125
0 0.283203125 0.484375 0.03125 0.03125
0 0.1328125 0.255859375 0.03125 0.03125
0 0.7578125 0.720703125 0.029296875 0.029296875
0 0.927734375 0.650390625 0.029296875 0.029296875
0 0.759765625 0.578125 0.029296875 0.029296875
0 0.224609375 0.45703125 0.029296875 0.029296875
0 0.53125 0.76953125 0.029296875 0.029296875
0 0.884765625 0.556640625 0.029296875 0.029296875
0 0.91796875 0.431640625 0.02734375 0.02734375
0 0.986328125 0.046875 0.02734375 0.02734375
0 0.255859375 0.97265625 0.02734375 0.02734375
0 0.208984375 0.763671875 0.025390625 0.025390625
0 0.919921875 0.1328125 0.025390625 0.025390625
0 0.580078125 0.05859375 0.025390625 0.025390625
