0 0.98046875 0.29296875 0.228515625 0.228515625
0 0.44921875 0.87109375 0.181640625 0.181640625
0 0.208984375 0.990234375 0.142578125 0.142578125
0 0.111328125 0.005859375 0.1328125 0.1328125
0 0.578125 0.818359375 0.12109375 0.12109375
0 0.97265625 0.583984375 0.11328125 0.11328125
0 0.734375 0.9296875 0.109375 0.109375
0 0.68359375 0.63671875 0.109375 0.109375
0 0.767578125 0.541015625 0.109375 0.109375
0 0.22265625 0.853515625 0.1015625 0.1015625
0 0.3984375 0.68359375 0.099609375 0.099609375
0 0.1640625 0.00390625 0.099609375 0.099609375
0 0.576171875 0.685546875 0.09765625 0.09765625
0 0.21484375 0.4765625 0.095703125 0.095703125
0 0.9765625 0.416015625 0.091796875 0.091796875
0 0.076171875 0.5703125 0.087890625 0.087890625
0 0.6484375 0.380859375 0.087890625 0.087890625
0 0.591796875 0.291015625 0.083984375 0.083984375
0 0.099609375 0.92578125 0.080078125 0.080078125
0 0.87890625 0.85546875 0.078125 0.078125
0 0.271484375 0.703125 0.078125 0.078125
0 0.416015625 0.650390625 0.076171875 0.076171875
0 0.296875 0.640625 0.07421875 0.07421875
0 0.3203125 0.685546875 0.068359375 0.068359375
0 0.40234375 0.90625 0.068359375 0.068359375
0 0.59375 0.134765625 0.060546875 0.060546875
0 0.841796875 0.517578125 0.05859375 0.05859375
0 0.61328125 0.98046875 0.0546875 0.0546875
0 0.216796875 0.390625 0.05078125 0.05078125
0 0.525390625 0.5 0.048828125 0.048828125
0 0.484375 0.59765625 0.046875 0.046875
0 0.74609375 0.666015625 0.046875 0.046875
0 0.970703125 0.9296875 0.044921875 0.044921875
0 0.203125 0.794921875 0.044921875 0.044921875
0 0.05078125 0.517578125 0.041015625 0.041015625
0 0.6171875 0.23828125 0.041015625 0.041015625
0 0.095703125 0.1171875 0.041015625 0.041015625
0 0.310546875 0.060546875 0.0390625 0.0390625
0 0.28515625 0.58203125 0.0390625 0.0390625
0 0.435546875 0.515625 0.037109375 0.037109375
0 0.46484375 0.15234375 0.03515625 0.03515625
0 0.1328125 0.888671875 0.033203125 0.033203125
0 0.6875 0.0 0.03125 0.03125
0 0.341796875 0.70703125 0.02734375 0.02734375
0 0.443359375 0.783203125 0.02734375 0.02734375
0 0.40625 0.236328125 0.02734375 0.02734375
0 0.765625 0.390625 0.02734375 0.02734375
