0 0.669921875 0.546875 0.205078125 0.205078125
0 0.22265625 0.916015625 0.18359375 0.18359375
0 0.685546875 0.181640625 0.16796875 0.16796875
0 0.1484375 0.41796875 0.1640625 0.1640625
0 0.0625 0.1640625 0.162109375 0.162109375
0 0.734375 0.123046875 0.11328125 0.11328125
0 0.82421875 0.30078125 0.095703125 0.095703125
0 0.23828125 0.201171875 0.091796875 0.091796875
0 0.279296875 0.705078125 0.08203125 0.08203125
0 0.123046875 0.11328125 0.080078125 0.080078125
0 0.638671875 0.103515625 0.080078125 0.080078125
0 0.705078125 0.796875 0.080078125 0.080078125
0 0.1484375 0.544921875 0.076171875 0.076171875
0 0.583984375 0.6484375 0.076171875 0.076171875
0 0.478515625 0.1171875 0.05859375 0.05859375
0 0.80859375 0.62109375 0.056640625 0.056640625
0 0.373046875 0.462890625 0.056640625 0.056640625
0 0.40625 0.16796875 0.0546875 0.0546875
0 0.591796875 0.123046875 0.052734375 0.052734375
0 0.78125 0.224609375 0.05078125 0.05078125
0 0.21875 0.58203125 0.05078125 0.05078125
0 0.6328125 0.66015625 0.05078125 0.05078125
0 0.84765625 0.287109375 0.05078125 0.05078125
0 0.486328125 0.828125 0.048828125 0.048828125
0 0.51953125 0.607421875 0.046875 0.046875
0 0.677734375 0.37109375 0.046875 0.046875
0 0.130859375 0.490234375 0.044921875 0.044921875
0 0.4921875 0.802734375 0.041015625 0.041015625
0 0.9296875 0.359375 0.041015625 0.041015625
0 0.1953125 0.56640625 0.041015625 0.041015625
0 0.416015625 0.67578125 0.0390625 0.0390625
0 0.5234375 0.916015625 0.03515625 0.03515625
0 0.85546875 0.947265625 0.03515625 0.03515625
0 0.62109375 0.310546875 0.03515625 0.03515625
0 0.134765625 0.5859375 0.03515625 0.03515625
0 0.38671875 0.212890625 0.033203125 0.033203125
0 0.40625 0.943359375 0.033203125 0.033203125
0 0.0390625 0.318359375 0.033203125 0.033203125
0 0.90625 0.27734375 0.03125 0.03125
0 0.98828125 0.662109375 0.03125 0.03125
0 0.416015625 0.359375 0.03125 0.03125
0 0.17578125 0.6171875 0.03125 0.03125
0 0.451171875 0.630859375 0.029296875 0.029296875
0 0.45703125 0.341796875 0.029296875 0.029296875
0 0.4296875 0.220703125 0.029296875 0.029296875
0 0.6640625 0.96875 0.029296875 0.029296875
0 0.48828125 0.634765625 0.02734375 0.02734375
0 0.287109375 0.07421875 0.02734375 0.02734375
0 0.017578125 0.275390625 0.02734375 0.02734375
0 0.19921875 0.599609375 0.02734375 0.02734375
0 0.05859375 0.705078125 0.025390625 0.025390625
0 0.271484375 0.24609375 0.025390625 0.025390625
0 0.3984375 0.833984375 0.025390625 0.025390625
0 0.93359375 0.875 0.025390625 0.025390625
