0 0.82421875 0.322265625 0.10546875 0.10546875
0 0.76171875 0.2734375 0.08203125 0.08203125
0 0.322265625 0.158203125 0.06640625 0.06640625
0 0.931640625 0.31640625 0.048828125 0.048828125
0 0.939453125 0.064453125 0.044921875 0.044921875
0 0.826171875 0.154296875 0.037109375 0.037109375
0 0.146484375 0.017578125 0.029296875 0.029296875
0 0.15234375 0.119140625 0.029296875 0.029296875
0 0.240234375 0.146484375 0.02734375 0.02734375
0 0.96875 0.7578125 0.328125 0.328125
0 0.162109375 0.857421875 0.19921875 0.19921875
0 0.654296875 0.3828125 0.171875 0.171875
0 0.787109375 0.46875 0.13671875 0.13671875
0 0.83203125 0.890625 0.09765625 0.09765625
0 0.763671875 0.349609375 0.08203125 0.08203125
0 0.71484375 0.728515625 0.07421875 0.07421875
0 0.93359375 0.400390625 0.0546875 0.0546875
0 0.66015625 0.625 0.044921875 0.044921875
0 0.1953125 0.77734375 0.04296875 0.04296875
0 0.10546875 0.40234375 0.041015625 0.041015625
0 0.103515625 0.349609375 0.0390625 0.0390625
0 0.94140625 0.935546875 0.03125 0.03125
0 0.779296875 0.85546875 0.029296875 0.029296875
0 0.76953125 0.392578125 0.029296875 0.029296875
0 0.927734375 0.580078125 0.029296875 0.029296875
0 0.025390625 0.81640625 0.029296875 0.029296875
0 0.287109375 0.5625 0.02734375 0.02734375
0 0.55078125 0.921875 0.02734375 0.02734375
0 0.35546875 0.59765625 0.025390625 0.025390625
0 0.5859375 0.623046875 0.025390625 0.025390625
