0 0.923828125 0.376953125 0.263671875 0.263671875
0 0.240234375 0.31640625 0.25390625 0.25390625
0 0.87890625 0.8984375 0.24609375 0.24609375
0 0.001953125 0.716796875 0.220703125 0.220703125
0 0.8046875 0.123046875 0.193359375 0.193359375
0 0.13671875 0.208984375 0.154296875 0.154296875
0 0.14453125 0.943359375 0.130859375 0.130859375
0 0.6796875 0.515625 0.123046875 0.123046875
0 0.25 0.115234375 0.09375 0.09375
0 0.67578125 0.892578125 0.091796875 0.091796875
0 0.224609375 0.78515625 0.076171875 0.076171875
0 0.822265625 0.59765625 0.076171875 0.076171875
0 0.001953125 0.205078125 0.07421875 0.07421875
0 0.595703125 0.8984375 0.064453125 0.064453125
0 0.6640625 0.595703125 0.060546875 0.060546875
0 0.2578125 0.32421875 0.056640625 0.056640625
0 0.283203125 0.23046875 0.052734375 0.052734375
0 0.890625 0.359375 0.05078125 0.05078125
0 0.537109375 0.326171875 0.048828125 0.048828125
0 0.59375 0.736328125 0.046875 0.046875
0 0.146484375 0.240234375 0.044921875 0.044921875
0 0.42578125 0.154296875 0.041015625 0.041015625
0 0.572265625 0.32421875 0.0390625 0.0390625
0 0.587890625 0.9296875 0.0390625 0.0390625
0 0.876953125 0.07421875 0.037109375 0.037109375
0 0.0234375 0.548828125 0.037109375 0.037109375
0 0.044921875 0.32421875 0.03515625 0.03515625
0 0.1953125 0.583984375 0.033203125 0.033203125
0 0.66796875 0.744140625 0.033203125 0.033203125
0 0.40234375 0.111328125 0.03125 0.03125
0 0.615234375 0.2578125 0.03125 0.03125
0 0.6953125 0.583984375 0.03125 0.03125
0 0.1484375 0.1953125 0.03125 0.03125
0 0.89453125 0.77734375 0.029296875 0.029296875
0 0.900390625 0.978515625 0.02734375 0.02734375
0 0.93359375 0.046875 0.02734375 0.02734375
0 0.517578125 0.505859375 0.02734375 0.02734375
0 0.41015625 0.060546875 0.025390625 0.025390625
0 0.021484375 0.876953125 0.025390625 0.025390625
