0 0.884765625 0.990234375 0.287109375 0.287109375
0 0.755859375 0.38671875 0.208984375 0.208984375
0 0.986328125 0.533203125 0.1875 0.1875
0 0.6328125 0.3515625 0.1796875 0.1796875
0 0.833984375 0.71875 0.173828125 0.173828125
0 0.80859375 0.376953125 0.140625 0.140625
0 0.892578125 0.578125 0.12109375 0.12109375
0 0.267578125 0.486328125 0.109375 0.109375
0 0.48046875 0.13671875 0.08984375 0.08984375
0 0.93359375 0.349609375 0.087890625 0.087890625
0 0.392578125 0.423828125 0.083984375 0.083984375
0 0.3125 0.466796875 0.083984375 0.083984375
0 0.751953125 0.359375 0.083984375 0.083984375
0 0.412109375 0.26171875 0.083984375 0.083984375
0 0.28515625 0.994140625 0.08203125 0.08203125
0 0.830078125 0.076171875 0.078125 0.078125
0 0.27734375 0.61328125 0.078125 0.078125
0 0.037109375 0.369140625 0.078125 0.078125
0 0.2890625 0.931640625 0.068359375 0.068359375
0 0.15234375 0.73046875 0.064453125 0.064453125
0 0.857421875 0.697265625 0.056640625 0.056640625
0 0.39453125 0.30078125 0.0546875 0.0546875
0 0.30078125 0.896484375 0.0546875 0.0546875
0 0.470703125 0.9921875 0.0546875 0.0546875
0 0.197265625 0.033203125 0.052734375 0.052734375
0 0.08984375 0.7265625 0.048828125 0.048828125
0 0.044921875 0.9453125 0.046875 0.046875
0 0.43359375 0.6328125 0.044921875 0.044921875
0 0.1953125 0.59375 0.044921875 0.044921875
0 0.966796875 0.2265625 0.041015625 0.041015625
0 0.1875 0.0625 0.041015625 0.041015625
0 0.810546875 0.728515625 0.0390625 0.0390625
0 0.267578125 0.26953125 0.0390625 0.0390625
0 0.5859375 0.052734375 0.0390625 0.0390625
0 0.138671875 0.15234375 0.0390625 0.0390625
0 0.857421875 0.048828125 0.0390625 0.0390625
0 0.44140625 0.388671875 0.037109375 0.037109375
0 0.248046875 0.5546875 0.03515625 0.03515625
0 0.77734375 0.80859375 0.033203125 0.033203125
0 0.048828125 0.802734375 0.03125 0.03125
0 0.283203125 0.22265625 0.03125 0.03125
0 0.021484375 0.57421875 0.029296875 0.029296875
0 0.162109375 0.26953125 0.029296875 0.029296875
0 0.814453125 0.654296875 0.029296875 0.029296875
0 0.130859375 0.6015625 0.029296875 0.029296875
0 0.9140625 0.189453125 0.02734375 0.02734375
0 0.87890625 0.087890625 0.025390625 0.025390625
0 0.021484375 0.6015625 0.025390625 0.025390625
