0 0.302734375 0.408203125 0.2421875 0.2421875
0 0.255859375 0.455078125 0.234375 0.234375
0 0.224609375 0.33203125 0.201171875 0.201171875
0 0.44140625 0.099609375 0.19140625 0.19140625
0 0.5234375 0.529296875 0.185546875 0.185546875
0 0.044921875 0.216796875 0.17578125 0.17578125
0 0.09375 0.693359375 0.140625 0.140625
0 0.7421875 0.359375 0.13671875 0.13671875
0 0.373046875 0.77734375 0.134765625 0.134765625
0 0.15234375 0.916015625 0.111328125 0.111328125
0 0.791015625 0.41796875 0.103515625 0.103515625
0 0.958984375 0.802734375 0.08203125 0.08203125
0 0.7421875 0.91015625 0.078125 0.078125
0 0.126953125 0.7578125 0.0703125 0.0703125
0 0.349609375 0.056640625 0.0703125 0.0703125
0 0.53515625 0.03125 0.0625 0.0625
0 0.078125 0.869140625 0.0625 0.0625
0 0.16796875 0.953125 0.060546875 0.060546875
0 0.978515625 0.908203125 0.0546875 0.0546875
0 0.763671875 0.8203125 0.05078125 0.05078125
0 0.869140625 0.81640625 0.048828125 0.048828125
0 0.388671875 0.208984375 0.048828125 0.048828125
0 0.568359375 0.3984375 0.041015625 0.041015625
0 0.25390625 0.806640625 0.041015625 0.041015625
0 0.3828125 0.587890625 0.041015625 0.041015625
0 0.69140625 0.611328125 0.0390625 0.0390625
0 0.462890625 0.619140625 0.037109375 0.037109375
0 0.92578125 0.34765625 0.037109375 0.037109375
0 0.5 0.408203125 0.03515625 0.03515625
0 0.6171875 0.453125 0.03515625 0.03515625
0 0.7421875 0.099609375 0.03515625 0.03515625
0 0.822265625 0.291015625 0.03515625 0.03515625
0 0.884765625 0.35546875 0.033203125 0.033203125
0 0.5703125 0.130859375 0.03125 0.03125
0 0.419921875 0.583984375 0.03125 0.03125
0 0.84375 0.841796875 0.03125 0.03125
0 0.5546875 0.13671875 0.029296875 0.029296875
0 0.115234375 0.521484375 0.02734375 0.02734375
0 0.708984375 0.5234375 0.02734375 0.02734375
0 0.59375 0.140625 0.02734375 0.02734375
0 0.408203125 0.322265625 0.02734375 0.02734375
0 0.890625 0.201171875 0.02734375 0.02734375
0 0.982421875 0.63671875 0.025390625 0.025390625
0 0.6015625 0.15234375 0.025390625 0.025390625
