0 0.625 0.091796875 0.109375 0.109375
0 0.369140625 0.23046875 0.048828125 0.048828125
0 0.85546875 0.076171875 0.048828125 0.048828125
0 0.14453125 0.283203125 0.046875 0.046875
0 0.671875 0.1953125 0.03515625 0.03515625
0 0.857421875 0.115234375 0.03125 0.03125
0 0.00390625 0.80859375 0.14453125 0.14453125
0 0.142578125 0.388671875 0.087890625 0.087890625
0 0.0859375 0.775390625 0.06640625 0.06640625
0 0.060546875 0.986328125 0.060546875 0.060546875
0 0.044921875 0.955078125 0.03125 0.03125
0 0.02734375 0.916015625 0.03125 0.03125
0 0.33203125 0.51953125 0.107421875 0.107421875
0 0.927734375 0.62890625 0.078125 0.078125
0 0.794921875 0.91796875 0.076171875 0.076171875
0 0.91796875 0.658203125 0.060546875 0.060546875
0 0.8984375 0.927734375 0.05078125 0.05078125
0 0.685546875 0.37890625 0.05078125 0.05078125
0 0.33203125 0.806640625 0.044921875 0.044921875
0 0.650390625 0.822265625 0.044921875 0.044921875
0 0.58984375 0.529296875 0.041015625 0.041015625
0 0.8046875 0.828125 0.041015625 0.041015625
0 0.595703125 0.919921875 0.0390625 0.0390625
0 0.9609375 0.9765625 0.03125 0.03125
0 0.98828125 0.380859375 0.029296875 0.029296875
0 0.8203125 0.37109375 0.02734375 0.02734375
0 0.939453125 0.943359375 0.02734375 0.02734375
0 0.359375 0.6484375 0.025390625 0.025390625
0 0.705078125 0.8203125 0.025390625 0.025390625
