0 0.78515625 0.2890625 0.21484375 0.21484375
0 0.2578125 0.294921875 0.044921875 0.044921875
0 0.125 0.09765625 0.03515625 0.03515625
0 0.677734375 0.296875 0.03125 0.03125
0 0.826171875 0.423828125 0.283203125 0.283203125
0 0.630859375 0.66015625 0.1484375 0.1484375
0 0.193359375 0.58203125 0.134765625 0.134765625
0 0.31640625 0.439453125 0.0703125 0.0703125
0 0.03125 0.81640625 0.056640625 0.056640625
0 0.3046875 0.40625 0.04296875 0.04296875
0 0.6484375 0.576171875 0.033203125 0.033203125
0 0.669921875 0.619140625 0.03125 0.03125
0 0.712890625 0.587890625 0.029296875 0.029296875
0 0.935546875 0.396484375 0.02734375 0.02734375
0 0.435546875 0.90234375 0.025390625 0.025390625
0 0.79296875 0.3828125 0.025390625 0.025390625
0 0.0234375 0.427734375 0.025390625 0.025390625
