0 0.89453125 0.046875 0.296875 0.296875
0 0.27734375 0.12890625 0.10546875 0.10546875
0 0.21484375 0.28515625 0.08203125 0.08203125
0 0.33203125 0.208984375 0.078125 0.078125
0 0.654296875 0.033203125 0.07421875 0.07421875
0 0.19140625 0.029296875 0.072265625 0.072265625
0 0.8828125 0.015625 0.068359375 0.068359375
0 0.5625 0.087890625 0.06640625 0.06640625
0 0.775390625 0.064453125 0.0625 0.0625
0 0.6015625 0.14453125 0.041015625 0.041015625
0 0.5703125 0.25 0.033203125 0.033203125
0 0.888671875 0.234375 0.029296875 0.029296875
0 0.005859375 0.056640625 0.025390625 0.025390625
0 0.923828125 0.166015625 0.025390625 0.025390625
0 0.326171875 0.888671875 0.19921875 0.19921875
0 0.22265625 0.89453125 0.150390625 0.150390625
0 0.744140625 0.5390625 0.150390625 0.150390625
0 0.392578125 0.783203125 0.1015625 0.1015625
0 0.701171875 0.62109375 0.0859375 0.0859375
0 0.154296875 0.59765625 0.0859375 0.0859375
0 0.173828125 0.84375 0.078125 0.078125
0 0.548828125 0.97265625 0.064453125 0.064453125
0 0.994140625 0.447265625 0.060546875 0.060546875
0 0.849609375 0.802734375 0.0546875 0.0546875
0 0.60546875 0.734375 0.046875 0.046875
0 0.90625 0.400390625 0.046875 0.046875
0 0.513671875 0.677734375 0.041015625 0.041015625
0 0.572265625 0.91796875 0.041015625 0.041015625
0 0.150390625 0.400390625 0.03125 0.03125
0 0.50390625 0.712890625 0.03125 0.03125
0 0.98046875 0.54296875 0.03125 0.03125
0 0.759765625 0.9609375 0.029296875 0.029296875
0 0.578125 0.55859375 0.02734375 0.02734375
0 0.53125 0.669921875 0.025390625 0.025390625
