0 0.884765625 0.248046875 0.1171875 0.1171875
0 0.7421875 0.189453125 0.06640625 0.06640625
0 0.828125 0.203125 0.06640625 0.06640625
0 0.0703125 0.025390625 0.0546875 0.0546875
0 0.232421875 0.30859375 0.0546875 0.0546875
0 0.171875 0.294921875 0.052734375 0.052734375
0 0.990234375 0.16015625 0.037109375 0.037109375
0 0.990234375 0.19921875 0.033203125 0.033203125
0 0.974609375 0.26171875 0.033203125 0.033203125
0 0.759765625 0.302734375 0.029296875 0.029296875
0 0.380859375 0.34765625 0.125 0.125
0 0.45703125 0.8984375 0.099609375 0.099609375
0 0.38671875 0.779296875 0.099609375 0.099609375
0 0.83203125 0.9375 0.091796875 0.091796875
0 0.80859375 0.755859375 0.087890625 0.087890625
0 0.015625 0.513671875 0.078125 0.078125
0 0.72265625 0.630859375 0.076171875 0.076171875
0 0.11328125 0.78515625 0.076171875 0.076171875
0 0.81640625 0.453125 0.07421875 0.07421875
0 0.265625 0.92578125 0.06640625 0.06640625
0 0.734375 0.916015625 0.0625 0.0625
0 0.82421875 0.994140625 0.052734375 0.052734375
0 0.328125 0.892578125 0.05078125 0.05078125
0 0.828125 0.572265625 0.05078125 0.05078125
0 0.38671875 0.771484375 0.046875 0.046875
0 0.666015625 0.478515625 0.046875 0.046875
0 0.154296875 0.505859375 0.04296875 0.04296875
0 0.8203125 0.912109375 0.04296875 0.04296875
0 0.603515625 0.69921875 0.041015625 0.041015625
0 0.8359375 0.5546875 0.0390625 0.0390625
0 0.978515625 0.716796875 0.0390625 0.0390625
0 0.45703125 0.58203125 0.03515625 0.03515625
0 0.64453125 0.572265625 0.033203125 0.033203125
0 0.45703125 0.705078125 0.029296875 0.029296875
0 0.169921875 0.537109375 0.029296875 0.029296875
0 0.287109375 0.359375 0.029296875 0.029296875
0 0.72265625 0.859375 0.029296875 0.029296875
0 0.12109375 0.58203125 0.02734375 0.02734375
0 0.87890625 0.783203125 0.02734375 0.02734375
0 0.07421875 0.822265625 0.02734375 0.02734375
0 0.9765625 0.37890625 0.025390625 0.025390625
