0 0.30859375 0.3046875 0.14453125 0.14453125
0 0.65234375 0.119140625 0.142578125 0.142578125
0 0.779296875 0.22265625 0.126953125 0.126953125
0 0.037109375 0.24609375 0.080078125 0.080078125
0 0.015625 0.330078125 0.05859375 0.05859375
0 0.0546875 0.12890625 0.05078125 0.05078125
0 0.115234375 0.283203125 0.046875 0.046875
0 0.703125 0.15625 0.046875 0.046875
0 0.373046875 0.05078125 0.041015625 0.041015625
0 0.5703125 0.228515625 0.0390625 0.0390625
0 0.205078125 0.3203125 0.0390625 0.0390625
0 0.51171875 0.08203125 0.0390625 0.0390625
0 0.537109375 0.1171875 0.037109375 0.037109375
0 0.5703125 0.1640625 0.029296875 0.029296875
0 0.2265625 0.099609375 0.02734375 0.02734375
0 0.03125 0.681640625 0.138671875 0.138671875
0 0.046875 0.828125 0.099609375 0.099609375
0 0.333984375 0.93359375 0.0625 0.0625
0 0.171875 0.96484375 0.04296875 0.04296875
0 0.1171875 0.751953125 0.04296875 0.04296875
0 0.064453125 0.625 0.037109375 0.037109375
0 0.9453125 0.767578125 0.033203125 0.033203125
0 0.0390625 0.376953125 0.03125 0.03125
