0 0.048828125 0.357421875 0.275390625 0.275390625
0 0.98046875 0.44140625 0.1875 0.1875
0 0.46484375 0.228515625 0.181640625 0.181640625
0 0.6328125 0.080078125 0.162109375 0.162109375
0 0.2265625 0.70703125 0.138671875 0.138671875
0 0.814453125 0.771484375 0.13671875 0.13671875
0 0.1640625 0.421875 0.12109375 0.12109375
0 0.55078125 0.54296875 0.111328125 0.111328125
0 0.58984375 0.912109375 0.09765625 0.09765625
0 0.357421875 0.26953125 0.0859375 0.0859375
0 0.263671875 0.330078125 0.083984375 0.083984375
0 0.740234375 0.515625 0.08203125 0.08203125
0 0.287109375 0.05859375 0.078125 0.078125
0 0.55078125 0.349609375 0.076171875 0.076171875
0 0.00390625 0.546875 0.072265625 0.072265625
0 0.779296875 0.669921875 0.064453125 0.064453125
0 0.00390625 0.119140625 0.05859375 0.05859375
0 0.71484375 0.48046875 0.05859375 0.05859375
0 0.427734375 0.396484375 0.05859375 0.05859375
0 0.90234375 0.76953125 0.05859375 0.05859375
0 0.015625 0.833984375 0.052734375 0.052734375
0 0.12109375 0.091796875 0.052734375 0.052734375
0 0.4375 0.8125 0.046875 0.046875
0 0.73828125 0.33984375 0.046875 0.046875
0 0.369140625 0.9453125 0.046875 0.046875
0 0.974609375 0.74609375 0.04296875 0.04296875
0 0.875 0.8828125 0.0390625 0.0390625
0 0.78125 0.1328125 0.037109375 0.037109375
0 0.828125 0.16796875 0.037109375 0.037109375
0 0.03515625 0.865234375 0.03515625 0.03515625
0 0.3671875 0.923828125 0.033203125 0.033203125
0 0.607421875 0.255859375 0.033203125 0.033203125
0 0.48828125 0.755859375 0.03125 0.03125
0 0.56640625 0.671875 0.03125 0.03125
0 0.876953125 0.822265625 0.03125 0.03125
0 0.109375 0.748046875 0.03125 0.03125
0 0.001953125 0.96484375 0.029296875 0.029296875
0 0.630859375 0.04296875 0.02734375 0.02734375
0 0.248046875 0.861328125 0.02734375 0.02734375
0 0.8125 0.474609375 0.02734375 0.02734375
0 0.8984375 0.68359375 0.025390625 0.025390625
0 0.60546875 0.611328125 0.025390625 0.025390625
0 0.046875 0.58203125 0.025390625 0.025390625
0 0.8671875 0.455078125 0.025390625 0.025390625
