0 0.58984375 0.005859375 0.078125 0.078125
0 0.291015625 0.12109375 0.064453125 0.064453125
0 0.51953125 0.326171875 0.056640625 0.056640625
0 0.9609375 0.19140625 0.052734375 0.052734375
0 0.251953125 0.103515625 0.048828125 0.048828125
0 0.970703125 0.01171875 0.033203125 0.033203125
0 0.857421875 0.244140625 0.02734375 0.02734375
0 0.185546875 0.193359375 0.02734375 0.02734375
0 0.296875 0.669921875 0.158203125 0.158203125
0 0.853515625 0.59375 0.146484375 0.146484375
0 0.072265625 0.97265625 0.142578125 0.142578125
0 0.48828125 0.83984375 0.125 0.125
0 0.884765625 0.775390625 0.115234375 0.115234375
0 0.76171875 0.736328125 0.11328125 0.11328125
0 0.86328125 0.34765625 0.09375 0.09375
0 0.435546875 0.595703125 0.072265625 0.072265625
0 0.05859375 0.880859375 0.05859375 0.05859375
0 0.158203125 0.453125 0.056640625 0.056640625
0 0.828125 0.4375 0.0546875 0.0546875
0 0.0703125 0.35546875 0.052734375 0.052734375
0 0.78125 0.9765625 0.052734375 0.052734375
0 0.603515625 0.677734375 0.048828125 0.048828125
0 0.26171875 0.853515625 0.046875 0.046875
0 0.970703125 0.970703125 0.046875 0.046875
0 0.03125 0.814453125 0.046875 0.046875
0 0.361328125 0.359375 0.04296875 0.04296875
0 0.68359375 0.458984375 0.04296875 0.04296875
0 0.931640625 0.7734375 0.04296875 0.04296875
0 0.96875 0.521484375 0.041015625 0.041015625
0 0.6484375 0.669921875 0.033203125 0.033203125
0 0.826171875 0.978515625 0.03125 0.03125
0 0.138671875 0.908203125 0.025390625 0.025390625
