0 0.01953125 0.5625 0.26953125 0.26953125
0 0.3203125 0.755859375 0.25390625 0.25390625
0 0.470703125 0.611328125 0.2109375 0.2109375
0 0.69921875 0.890625 0.203125 0.203125
0 0.17578125 0.91796875 0.1796875 0.1796875
0 0.607421875 0.15234375 0.1796875 0.1796875
0 0.751953125 0.583984375 0.17578125 0.17578125
0 0.47265625 0.216796875 0.1640625 0.1640625
0 0.923828125 0.935546875 0.09765625 0.09765625
0 0.017578125 0.107421875 0.09765625 0.09765625
0 0.919921875 0.3125 0.09375 0.09375
0 0.353515625 0.20703125 0.09375 0.09375
0 0.97265625 0.970703125 0.083984375 0.083984375
0 0.81640625 0.228515625 0.072265625 0.072265625
0 0.783203125 0.447265625 0.072265625 0.072265625
0 0.01171875 0.267578125 0.0703125 0.0703125
0 0.1953125 0.21875 0.0703125 0.0703125
0 0.78515625 0.3671875 0.064453125 0.064453125
0 0.986328125 0.51171875 0.0625 0.0625
0 0.341796875 0.001953125 0.0625 0.0625
0 0.255859375 0.24609375 0.0546875 0.0546875
0 0.845703125 0.2109375 0.05078125 0.05078125
0 0.353515625 0.328125 0.05078125 0.05078125
0 0.84765625 0.705078125 0.044921875 0.044921875
0 0.15234375 0.158203125 0.044921875 0.044921875
0 0.9921875 0.427734375 0.04296875 0.04296875
0 0.85546875 0.607421875 0.04296875 0.04296875
0 0.9609375 0.361328125 0.0390625 0.0390625
0 0.787109375 0.794921875 0.037109375 0.037109375
0 0.94140625 0.830078125 0.03515625 0.03515625
0 0.9140625 0.771484375 0.03515625 0.03515625
0 0.896484375 0.841796875 0.03515625 0.03515625
0 0.03515625 0.93359375 0.03515625 0.03515625
0 0.294921875 0.271484375 0.033203125 0.033203125
0 0.44921875 0.349609375 0.033203125 0.033203125
0 0.955078125 0.26953125 0.033203125 0.033203125
0 0.66796875 0.056640625 0.03125 0.03125
0 0.177734375 0.0234375 0.029296875 0.029296875
0 0.884765625 0.09375 0.029296875 0.029296875
0 0.052734375 0.4453125 0.02734375 0.02734375
0 0.1875 0.759765625 0.02734375 0.02734375
0 0.08984375 0.845703125 0.025390625 0.025390625
0 0.962890625 0.5859375 0.025390625 0.025390625
