0 0.85546875 0.771484375 0.1875 0.1875
0 0.990234375 0.517578125 0.181640625 0.181640625
0 0.9765625 0.984375 0.173828125 0.173828125
0 0.921875 0.7421875 0.146484375 0.146484375
0 0.71484375 0.361328125 0.13671875 0.13671875
0 0.97265625 0.037109375 0.126953125 0.126953125
0 0.962890625 0.28515625 0.119140625 0.119140625
0 0.84765625 0.259765625 0.115234375 0.115234375
0 0.23828125 0.568359375 0.103515625 0.103515625
0 0.3125 0.0 0.095703125 0.095703125
0 0.70703125 0.69140625 0.09375 0.09375
0 0.849609375 0.544921875 0.087890625 0.087890625
0 0.212890625 0.51953125 0.087890625 0.087890625
0 0.076171875 0.818359375 0.080078125 0.080078125
0 0.00390625 0.505859375 0.0546875 0.0546875
0 0.0390625 0.947265625 0.046875 0.046875
0 0.205078125 0.572265625 0.04296875 0.04296875
0 0.294921875 0.548828125 0.041015625 0.041015625
0 0.234375 0.875 0.0390625 0.0390625
0 0.021484375 0.029296875 0.0390625 0.0390625
0 0.673828125 0.03125 0.033203125 0.033203125
0 0.755859375 0.921875 0.03125 0.03125
0 0.828125 0.7734375 0.029296875 0.029296875
0 0.388671875 0.564453125 0.02734375 0.02734375
0 0.37109375 0.595703125 0.02734375 0.02734375
0 0.6328125 0.662109375 0.025390625 0.025390625
