0 0.11328125 0.89453125 0.283203125 0.283203125
0 0.2890625 0.814453125 0.1328125 0.1328125
0 0.66796875 0.1640625 0.115234375 0.115234375
0 0.62890625 0.0703125 0.109375 0.109375
0 0.240234375 0.85546875 0.08984375 0.08984375
0 0.302734375 0.76953125 0.0859375 0.0859375
0 0.421875 0.38671875 0.07421875 0.07421875
0 0.1484375 0.138671875 0.07421875 0.07421875
0 0.517578125 0.380859375 0.064453125 0.064453125
0 0.79296875 0.564453125 0.060546875 0.060546875
0 0.111328125 0.6015625 0.05859375 0.05859375
0 0.375 0.658203125 0.056640625 0.056640625
0 0.123046875 0.0234375 0.056640625 0.056640625
0 0.427734375 0.232421875 0.05078125 0.05078125
0 0.666015625 0.173828125 0.048828125 0.048828125
0 0.05859375 0.755859375 0.048828125 0.048828125
0 0.716796875 0.578125 0.044921875 0.044921875
0 0.6796875 0.6875 0.044921875 0.044921875
0 0.353515625 0.166015625 0.04296875 0.04296875
0 0.828125 0.298828125 0.04296875 0.04296875
0 0.279296875 0.3125 0.041015625 0.041015625
0 0.013671875 0.19140625 0.037109375 0.037109375
0 0.107421875 0.080078125 0.03515625 0.03515625
0 0.302734375 0.744140625 0.03515625 0.03515625
0 0.4921875 0.056640625 0.029296875 0.029296875
0 0.408203125 0.439453125 0.029296875 0.029296875
0 0.02734375 0.22265625 0.029296875 0.029296875
0 0.447265625 0.802734375 0.029296875 0.029296875
0 0.248046875 0.609375 0.029296875 0.029296875
0 0.626953125 0.677734375 0.02734375 0.02734375
0 0.64453125 0.564453125 0.02734375 0.02734375
0 0.55859375 0.244140625 0.02734375 0.02734375
0 0.1015625 0.341796875 0.02734375 0.02734375
0 0.5625 0.43359375 0.025390625 0.025390625
