0 0.826171875 0.681640625 0.265625 0.265625
0 0.60546875 0.30859375 0.228515625 0.228515625
0 0.205078125 0.671875 0.19140625 0.19140625
0 0.615234375 0.791015625 0.173828125 0.173828125
0 0.697265625 0.8828125 0.140625 0.140625
0 0.396484375 0.75 0.134765625 0.134765625
0 0.052734375 0.896484375 0.111328125 0.111328125
0 0.060546875 0.490234375 0.087890625 0.087890625
0 0.85546875 0.962890625 0.05859375 0.05859375
0 0.28515625 0.78515625 0.046875 0.046875
0 0.1484375 0.77734375 0.041015625 0.041015625
0 0.640625 0.712890625 0.03515625 0.03515625
0 0.671875 0.97265625 0.03515625 0.03515625
0 0.1796875 0.291015625 0.033203125 0.033203125
0 0.970703125 0.267578125 0.03125 0.03125
0 0.845703125 0.72265625 0.03125 0.03125
0 0.4921875 0.064453125 0.029296875 0.029296875
0 0.02734375 0.46484375 0.02734375 0.02734375
0 0.0 0.90625 0.02734375 0.02734375
0 0.203125 0.3359375 0.02734375 0.02734375
0 0.12109375 0.5078125 0.02734375 0.02734375
0 0.048828125 0.716796875 0.025390625 0.025390625
