0 0.9453125 0.17578125 0.19921875 0.19921875
0 0.1328125 0.23046875 0.140625 0.140625
0 0.13671875 0.205078125 0.115234375 0.115234375
0 0.763671875 0.076171875 0.080078125 0.080078125
0 0.77734375 0.0390625 0.060546875 0.060546875
0 0.189453125 0.052734375 0.060546875 0.060546875
0 0.15234375 0.30078125 0.060546875 0.060546875
0 0.3046875 0.1484375 0.041015625 0.041015625
0 0.60546875 0.01171875 0.0390625 0.0390625
0 0.708984375 0.232421875 0.03515625 0.03515625
0 0.552734375 0.294921875 0.033203125 0.033203125
0 0.9375 0.162109375 0.02734375 0.02734375
0 0.966796875 0.234375 0.02734375 0.02734375
0 0.359375 0.19140625 0.02734375 0.02734375
0 0.884765625 0.083984375 0.02734375 0.02734375
0 0.890625 0.259765625 0.025390625 0.025390625
0 0.0859375 0.984375 0.236328125 0.236328125
0 0.9765625 0.798828125 0.130859375 0.130859375
0 0.32421875 0.701171875 0.12109375 0.12109375
0 0.552734375 0.916015625 0.10546875 0.10546875
0 0.595703125 0.404296875 0.095703125 0.095703125
0 0.837890625 0.8125 0.0859375 0.0859375
0 0.6015625 0.865234375 0.072265625 0.072265625
0 0.3515625 0.65625 0.068359375 0.068359375
0 0.296875 0.732421875 0.064453125 0.064453125
0 0.83984375 0.494140625 0.05859375 0.05859375
0 0.748046875 0.923828125 0.05859375 0.05859375
0 0.291015625 0.53515625 0.0546875 0.0546875
0 0.4375 0.548828125 0.04296875 0.04296875
0 0.3515625 0.552734375 0.037109375 0.037109375
0 0.7265625 0.701171875 0.037109375 0.037109375
0 0.716796875 0.955078125 0.03515625 0.03515625
0 0.44921875 0.82421875 0.029296875 0.029296875
0 0.142578125 0.828125 0.02734375 0.02734375
0 0.755859375 0.6171875 0.02734375 0.02734375
