0 0.275390625 0.384765625 0.166015625 0.166015625
0 0.658203125 0.34765625 0.162109375 0.162109375
0 0.642578125 0.021484375 0.111328125 0.111328125
0 0.87109375 0.68359375 0.109375 0.109375
0 0.38671875 0.36328125 0.1015625 0.1015625
0 0.71484375 0.54296875 0.078125 0.078125
0 0.064453125 0.857421875 0.078125 0.078125
0 0.228515625 0.7109375 0.0703125 0.0703125
0 0.927734375 0.970703125 0.0703125 0.0703125
0 0.234375 0.88671875 0.068359375 0.068359375
0 0.70703125 0.734375 0.060546875 0.060546875
0 0.9453125 0.62109375 0.05859375 0.05859375
0 0.107421875 0.935546875 0.0546875 0.0546875
0 0.05078125 0.306640625 0.052734375 0.052734375
0 0.1640625 0.62109375 0.048828125 0.048828125
0 0.833984375 0.658203125 0.048828125 0.048828125
0 0.138671875 0.361328125 0.046875 0.046875
0 0.69921875 0.25 0.046875 0.046875
0 0.37890625 0.267578125 0.044921875 0.044921875
0 0.0625 0.21484375 0.041015625 0.041015625
0 0.806640625 0.8203125 0.041015625 0.041015625
0 0.90625 0.078125 0.0390625 0.0390625
0 0.732421875 0.935546875 0.03515625 0.03515625
0 0.0625 0.5703125 0.033203125 0.033203125
0 0.34765625 0.169921875 0.033203125 0.033203125
0 0.509765625 0.287109375 0.033203125 0.033203125
0 0.65625 0.4921875 0.03125 0.03125
0 0.455078125 0.46875 0.03125 0.03125
0 0.521484375 0.9453125 0.03125 0.03125
0 0.693359375 0.734375 0.029296875 0.029296875
0 0.408203125 0.80078125 0.029296875 0.029296875
0 0.744140625 0.03125 0.02734375 0.02734375
0 0.36328125 0.083984375 0.02734375 0.02734375
0 0.126953125 0.8984375 0.025390625 0.025390625
