0 0.580078125 0.166015625 0.28125 0.28125
0 0.75 0.62109375 0.166015625 0.166015625
0 0.865234375 0.259765625 0.154296875 0.154296875
0 0.236328125 0.296875 0.142578125 0.142578125
0 0.01171875 0.26953125 0.09375 0.09375
0 0.71484375 0.05859375 0.044921875 0.044921875
0 0.853515625 0.044921875 0.041015625 0.041015625
0 0.451171875 0.443359375 0.0390625 0.0390625
0 0.1015625 0.73828125 0.0390625 0.0390625
0 0.328125 0.69921875 0.037109375 0.037109375
0 0.916015625 0.67578125 0.037109375 0.037109375
0 0.958984375 0.294921875 0.037109375 0.037109375
0 0.240234375 0.958984375 0.037109375 0.037109375
0 0.259765625 0.57421875 0.03515625 0.03515625
0 0.345703125 0.52734375 0.033203125 0.033203125
0 0.349609375 0.900390625 0.033203125 0.033203125
0 0.794921875 0.318359375 0.03125 0.03125
0 0.716796875 0.0234375 0.029296875 0.029296875
