0 0.294921875 0.9921875 0.240234375 0.240234375
0 0.009765625 0.6328125 0.177734375 0.177734375
0 0.06640625 0.84765625 0.162109375 0.162109375
0 0.783203125 0.775390625 0.134765625 0.134765625
0 0.1875 0.78125 0.1328125 0.1328125
0 0.5234375 0.740234375 0.09765625 0.09765625
0 0.818359375 0.830078125 0.083984375 0.083984375
0 0.1640625 0.478515625 0.08203125 0.08203125
0 0.03515625 0.927734375 0.080078125 0.080078125
0 0.6171875 0.203125 0.07421875 0.07421875
0 0.4375 0.388671875 0.0703125 0.0703125
0 0.0390625 0.20703125 0.068359375 0.068359375
0 0.685546875 0.12109375 0.06640625 0.06640625
0 0.259765625 0.921875 0.0625 0.0625
0 0.814453125 0.51171875 0.060546875 0.060546875
0 0.546875 0.150390625 0.05859375 0.05859375
0 0.466796875 0.650390625 0.056640625 0.056640625
0 0.92578125 0.603515625 0.052734375 0.052734375
0 0.931640625 0.265625 0.052734375 0.052734375
0 0.263671875 0.71484375 0.052734375 0.052734375
0 0.6953125 0.75390625 0.05078125 0.05078125
0 0.88671875 0.546875 0.048828125 0.048828125
0 0.044921875 0.51953125 0.048828125 0.048828125
0 0.552734375 0.744140625 0.044921875 0.044921875
0 0.92578125 0.669921875 0.044921875 0.044921875
0 0.6484375 0.40234375 0.044921875 0.044921875
0 0.880859375 0.01953125 0.04296875 0.04296875
0 0.955078125 0.134765625 0.04296875 0.04296875
0 0.16796875 0.287109375 0.0390625 0.0390625
0 0.8515625 0.4296875 0.0390625 0.0390625
0 0.61328125 0.4453125 0.037109375 0.037109375
0 0.44140625 0.5078125 0.037109375 0.037109375
0 0.47265625 0.279296875 0.033203125 0.033203125
0 0.623046875 0.638671875 0.029296875 0.029296875
0 0.734375 0.724609375 0.029296875 0.029296875
0 0.208984375 0.86328125 0.02734375 0.02734375
0 0.248046875 0.265625 0.02734375 0.02734375
0 0.5390625 0.6328125 0.02734375 0.02734375
0 0.701171875 0.5625 0.02734375 0.02734375
0 0.1171875 0.193359375 0.02734375 0.02734375
0 0.373046875 0.296875 0.025390625 0.025390625
