0 0.91796875 0.46484375 0.283203125 0.283203125
0 0.251953125 0.7421875 0.14453125 0.14453125
0 0.0546875 0.9921875 0.080078125 0.080078125
0 0.599609375 0.388671875 0.068359375 0.068359375
0 0.017578125 0.216796875 0.0546875 0.0546875
0 0.052734375 0.13671875 0.048828125 0.048828125
0 0.169921875 0.525390625 0.046875 0.046875
0 0.115234375 0.9609375 0.04296875 0.04296875
0 0.16796875 0.923828125 0.0390625 0.0390625
0 0.99609375 0.546875 0.0390625 0.0390625
0 0.24609375 0.578125 0.03515625 0.03515625
0 0.79296875 0.884765625 0.03125 0.03125
0 0.8046875 0.369140625 0.03125 0.03125
0 0.853515625 0.06640625 0.02734375 0.02734375
0 0.337890625 0.951171875 0.02734375 0.02734375
0 0.09765625 0.416015625 0.025390625 0.025390625
