0 0.0390625 0.044921875 0.205078125 0.205078125
0 0.787109375 0.533203125 0.11328125 0.11328125
0 0.310546875 0.89453125 0.111328125 0.111328125
0 0.193359375 0.775390625 0.107421875 0.107421875
0 0.3203125 0.2421875 0.103515625 0.103515625
0 0.4375 0.17578125 0.078125 0.078125
0 0.30078125 0.177734375 0.076171875 0.076171875
0 0.537109375 0.84375 0.076171875 0.076171875
0 0.521484375 0.23046875 0.076171875 0.076171875
0 0.125 0.50390625 0.072265625 0.072265625
0 0.134765625 0.95703125 0.06640625 0.06640625
0 0.6640625 0.525390625 0.064453125 0.064453125
0 0.439453125 0.62890625 0.0625 0.0625
0 0.8828125 0.28515625 0.060546875 0.060546875
0 0.0859375 0.611328125 0.0546875 0.0546875
0 0.607421875 0.58984375 0.0546875 0.0546875
0 0.916015625 0.931640625 0.052734375 0.052734375
0 0.671875 0.892578125 0.052734375 0.052734375
0 0.53515625 0.1171875 0.05078125 0.05078125
0 0.158203125 0.552734375 0.048828125 0.048828125
0 0.7109375 0.603515625 0.046875 0.046875
0 0.466796875 0.806640625 0.046875 0.046875
0 0.92578125 0.876953125 0.046875 0.046875
0 0.7265625 0.125 0.044921875 0.044921875
0 0.203125 0.896484375 0.04296875 0.04296875
0 0.46875 0.431640625 0.04296875 0.04296875
0 0.380859375 0.1015625 0.041015625 0.041015625
0 0.892578125 0.1796875 0.041015625 0.041015625
0 0.1953125 0.216796875 0.0390625 0.0390625
0 0.359375 0.818359375 0.0390625 0.0390625
0 0.705078125 0.64453125 0.0390625 0.0390625
0 0.251953125 0.98828125 0.0390625 0.0390625
0 0.357421875 0.462890625 0.037109375 0.037109375
0 0.44140625 0.685546875 0.037109375 0.037109375
0 0.787109375 0.482421875 0.033203125 0.033203125
0 0.21484375 0.701171875 0.033203125 0.033203125
0 0.322265625 0.4453125 0.033203125 0.033203125
0 0.7578125 0.0625 0.03125 0.03125
0 0.265625 0.390625 0.03125 0.03125
0 0.19140625 0.44140625 0.03125 0.03125
0 0.9140625 0.36328125 0.03125 0.03125
0 0.373046875 0.978515625 0.029296875 0.029296875
0 0.513671875 0.8515625 0.029296875 0.029296875
0 0.5390625 0.318359375 0.02734375 0.02734375
0 0.57421875 0.037109375 0.02734375 0.02734375
0 0.171875 0.8203125 0.02734375 0.02734375
0 0.619140625 0.001953125 0.025390625 0.025390625
0 0.55078125 0.08984375 0.025390625 0.025390625
