0 0.255859375 0.271484375 0.22265625 0.22265625
0 0.5859375 0.40625 0.171875 0.171875
0 0.6875 0.51953125 0.138671875 0.138671875
0 0.84765625 0.197265625 0.1328125 0.1328125
0 0.970703125 0.09375 0.10546875 0.10546875
0 0.29296875 0.02734375 0.099609375 0.099609375
0 0.74609375 0.36328125 0.09765625 0.09765625
0 0.28125 0.04296875 0.083984375 0.083984375
0 0.576171875 0.376953125 0.06640625 0.06640625
0 0.04296875 0.158203125 0.064453125 0.064453125
0 0.595703125 0.078125 0.056640625 0.056640625
0 0.197265625 0.00390625 0.05078125 0.05078125
0 0.046875 0.607421875 0.04296875 0.04296875
0 0.681640625 0.5859375 0.04296875 0.04296875
0 0.9375 0.328125 0.041015625 0.041015625
0 0.982421875 0.447265625 0.0390625 0.0390625
0 0.37109375 0.224609375 0.03515625 0.03515625
0 0.1484375 0.375 0.033203125 0.033203125
0 0.796875 0.630859375 0.033203125 0.033203125
0 0.826171875 0.099609375 0.029296875 0.029296875
0 0.857421875 0.4921875 0.029296875 0.029296875
0 0.32421875 0.201171875 0.029296875 0.029296875
0 0.451171875 0.25 0.029296875 0.029296875
0 0.70703125 0.109375 0.02734375 0.02734375
0 0.220703125 0.04296875 0.02734375 0.02734375
0 0.29296875 0.40234375 0.025390625 0.025390625
0 0.9140625 0.490234375 0.025390625 0.025390625
0 0.693359375 0.650390625 0.025390625 0.025390625
0 0.974609375 0.81640625 0.07421875 0.07421875
0 0.0390625 0.712890625 0.072265625 0.072265625
0 0.48046875 0.818359375 0.0703125 0.0703125
0 0.99609375 0.7265625 0.0625 0.0625
0 0.072265625 0.84765625 0.060546875 0.060546875
0 0.095703125 0.8984375 0.056640625 0.056640625
0 0.396484375 0.880859375 0.048828125 0.048828125
0 0.65234375 0.7421875 0.041015625 0.041015625
0 0.232421875 0.716796875 0.041015625 0.041015625
0 0.630859375 0.6875 0.041015625 0.041015625
0 0.72265625 0.884765625 0.033203125 0.033203125
0 0.287109375 0.83203125 0.029296875 0.029296875
0 0.599609375 0.951171875 0.029296875 0.029296875
0 0.357421875 0.896484375 0.02734375 0.02734375
