0 0.439453125 0.83203125 0.197265625 0.197265625
0 0.78515625 0.673828125 0.095703125 0.095703125
0 0.6328125 0.81640625 0.0390625 0.0390625
0 0.30859375 0.541015625 0.037109375 0.037109375
0 0.7421875 0.201171875 0.037109375 0.037109375
0 0.36328125 0.060546875 0.03515625 0.03515625
0 0.73046875 0.9140625 0.03515625 0.03515625
0 0.703125 0.310546875 0.033203125 0.033203125
0 0.560546875 0.373046875 0.033203125 0.033203125
0 0.44140625 0.3828125 0.03125 0.03125
0 0.34375 0.873046875 0.02734375 0.02734375
