0 0.87109375 0.61328125 0.14453125 0.14453125
0 0.720703125 0.34765625 0.125 0.125
0 0.787109375 0.427734375 0.119140625 0.119140625
0 0.681640625 0.455078125 0.115234375 0.115234375
0 0.205078125 0.642578125 0.107421875 0.107421875
0 0.94921875 0.615234375 0.10546875 0.10546875
0 0.287109375 0.05078125 0.083984375 0.083984375
0 0.904296875 0.783203125 0.0703125 0.0703125
0 0.572265625 0.888671875 0.064453125 0.064453125
0 0.4296875 0.6640625 0.064453125 0.064453125
0 0.462890625 0.14453125 0.0625 0.0625
0 0.068359375 0.884765625 0.0625 0.0625
0 0.34765625 0.517578125 0.056640625 0.056640625
0 0.669921875 0.955078125 0.0546875 0.0546875
0 0.619140625 0.9296875 0.052734375 0.052734375
0 0.603515625 0.798828125 0.048828125 0.048828125
0 0.85546875 0.8828125 0.048828125 0.048828125
0 0.763671875 0.623046875 0.046875 0.046875
0 0.83203125 0.96484375 0.041015625 0.041015625
0 0.794921875 0.66796875 0.041015625 0.041015625
0 0.091796875 0.66015625 0.037109375 0.037109375
0 0.697265625 0.984375 0.03515625 0.03515625
0 0.630859375 0.0703125 0.03515625 0.03515625
0 0.390625 0.810546875 0.033203125 0.033203125
0 0.943359375 0.44140625 0.033203125 0.033203125
0 0.33984375 0.953125 0.033203125 0.033203125
0 0.58984375 0.171875 0.03125 0.03125
0 0.4375 0.873046875 0.03125 0.03125
0 0.625 0.95703125 0.029296875 0.029296875
0 0.728515625 0.490234375 0.029296875 0.029296875
0 0.125 0.359375 0.029296875 0.029296875
0 0.572265625 0.93359375 0.029296875 0.029296875
0 0.48046875 0.185546875 0.02734375 0.02734375
0 0.623046875 0.505859375 0.025390625 0.025390625
0 0.32421875 0.724609375 0.025390625 0.025390625
