0 0.294921875 0.6953125 0.181640625 0.181640625
0 0.556640625 0.43359375 0.169921875 0.169921875
0 0.625 0.0078125 0.150390625 0.150390625
0 0.2109375 0.853515625 0.146484375 0.146484375
0 0.103515625 0.236328125 0.12109375 0.12109375
0 0.21484375 0.427734375 0.111328125 0.111328125
0 0.04296875 0.498046875 0.111328125 0.111328125
0 0.646484375 0.169921875 0.1015625 0.1015625
0 0.666015625 0.33984375 0.091796875 0.091796875
0 0.380859375 0.580078125 0.08984375 0.08984375
0 0.71484375 0.376953125 0.087890625 0.087890625
0 0.888671875 0.546875 0.083984375 0.083984375
0 0.14453125 0.994140625 0.072265625 0.072265625
0 0.466796875 0.388671875 0.072265625 0.072265625
0 0.978515625 0.8359375 0.0703125 0.0703125
0 0.546875 0.328125 0.064453125 0.064453125
0 0.068359375 0.95703125 0.056640625 0.056640625
0 0.041015625 0.15234375 0.05078125 0.05078125
0 0.951171875 0.572265625 0.046875 0.046875
0 0.009765625 0.822265625 0.046875 0.046875
0 0.427734375 0.8046875 0.044921875 0.044921875
0 0.560546875 0.62890625 0.04296875 0.04296875
0 0.505859375 0.55859375 0.0390625 0.0390625
0 0.779296875 0.609375 0.03515625 0.03515625
0 0.71484375 0.8046875 0.03515625 0.03515625
0 0.083984375 0.98046875 0.03515625 0.03515625
0 0.576171875 0.529296875 0.03515625 0.03515625
0 0.44921875 0.0 0.033203125 0.033203125
0 0.490234375 0.5703125 0.033203125 0.033203125
0 0.77734375 0.248046875 0.03125 0.03125
0 0.482421875 0.751953125 0.029296875 0.029296875
0 0.080078125 0.4140625 0.029296875 0.029296875
0 0.650390625 0.62890625 0.029296875 0.029296875
0 0.140625 0.076171875 0.02734375 0.02734375
0 0.70703125 0.572265625 0.02734375 0.02734375
0 0.57421875 0.310546875 0.025390625 0.025390625
0 0.515625 0.5390625 0.025390625 0.025390625
0 0.16015625 0.490234375 0.025390625 0.025390625
0 0.162109375 0.634765625 0.025390625 0.025390625
