0 0.041015625 0.009765625 0.150390625 0.150390625
0 0.69921875 0.462890625 0.146484375 0.146484375
0 0.041015625 0.939453125 0.14453125 0.14453125
0 0.87890625 0.87109375 0.126953125 0.126953125
0 0.623046875 0.158203125 0.125 0.125
0 0.689453125 0.93359375 0.11328125 0.11328125
0 0.173828125 0.51953125 0.095703125 0.095703125
0 0.45703125 0.06640625 0.08984375 0.08984375
0 0.068359375 0.185546875 0.0859375 0.0859375
0 0.10546875 0.951171875 0.076171875 0.076171875
0 0.587890625 0.599609375 0.068359375 0.068359375
0 0.703125 0.857421875 0.06640625 0.06640625
0 0.791015625 0.6484375 0.056640625 0.056640625
0 0.109375 0.34375 0.046875 0.046875
0 0.439453125 0.154296875 0.046875 0.046875
0 0.75 0.57421875 0.046875 0.046875
0 0.0390625 0.142578125 0.044921875 0.044921875
0 0.15625 0.01953125 0.04296875 0.04296875
0 0.384765625 0.236328125 0.04296875 0.04296875
0 0.306640625 0.3828125 0.04296875 0.04296875
0 0.90625 0.611328125 0.04296875 0.04296875
0 0.62890625 0.36328125 0.041015625 0.041015625
0 0.13671875 0.869140625 0.0390625 0.0390625
0 0.23828125 0.71484375 0.037109375 0.037109375
0 0.349609375 0.8828125 0.037109375 0.037109375
0 0.810546875 0.6796875 0.037109375 0.037109375
0 0.013671875 0.91796875 0.037109375 0.037109375
0 0.552734375 0.416015625 0.03515625 0.03515625
0 0.19140625 0.908203125 0.03515625 0.03515625
0 0.00390625 0.19921875 0.03515625 0.03515625
0 0.109375 0.69921875 0.03515625 0.03515625
0 0.29296875 0.255859375 0.03515625 0.03515625
0 0.712890625 0.58984375 0.033203125 0.033203125
0 0.16796875 0.36328125 0.03125 0.03125
0 0.353515625 0.517578125 0.03125 0.03125
0 0.240234375 0.22265625 0.03125 0.03125
0 0.677734375 0.8046875 0.029296875 0.029296875
0 0.06640625 0.556640625 0.029296875 0.029296875
0 0.935546875 0.708984375 0.029296875 0.029296875
0 0.28515625 0.068359375 0.029296875 0.029296875
0 0.54296875 0.876953125 0.02734375 0.02734375
0 0.376953125 0.47265625 0.02734375 0.02734375
0 0.328125 0.142578125 0.02734375 0.02734375
0 0.1875 0.009765625 0.02734375 0.02734375
0 0.982421875 0.70703125 0.025390625 0.025390625
0 0.3671875 0.083984375 0.025390625 0.025390625
0 0.640625 0.06640625 0.025390625 0.025390625
0 0.794921875 0.181640625 0.025390625 0.025390625
0 0.5546875 0.884765625 0.025390625 0.025390625
0 0.8515625 0.181640625 0.025390625 0.025390625
