0 0.296875 0.748046875 0.111328125 0.111328125
0 0.619140625 0.984375 0.07421875 0.07421875
0 0.408203125 0.974609375 0.060546875 0.060546875
0 0.814453125 0.98046875 0.056640625 0.056640625
0 0.736328125 0.984375 0.048828125 0.048828125
0 0.2109375 0.96484375 0.037109375 0.037109375
0 0.806640625 0.236328125 0.033203125 0.033203125
0 0.9921875 0.90625 0.033203125 0.033203125
0 0.58984375 0.03515625 0.03125 0.03125
0 0.873046875 0.984375 0.03125 0.03125
0 0.267578125 0.681640625 0.02734375 0.02734375
0 0.28515625 0.9921875 0.02734375 0.02734375
0 0.876953125 0.865234375 0.02734375 0.02734375
0 0.314453125 0.341796875 0.025390625 0.025390625
