0 0.56640625 0.9140625 0.244140625 0.244140625
0 0.380859375 0.873046875 0.16796875 0.16796875
0 0.880859375 0.763671875 0.166015625 0.166015625
0 0.732421875 0.3828125 0.162109375 0.162109375
0 0.732421875 0.55859375 0.115234375 0.115234375
0 0.125 0.296875 0.09765625 0.09765625
0 0.12890625 0.341796875 0.09765625 0.09765625
0 0.5703125 0.5546875 0.095703125 0.095703125
0 0.837890625 0.158203125 0.0859375 0.0859375
0 0.103515625 0.73828125 0.0859375 0.0859375
0 0.380859375 0.384765625 0.083984375 0.083984375
0 0.50390625 0.32421875 0.083984375 0.083984375
0 0.7265625 0.6328125 0.078125 0.078125
0 0.494140625 0.095703125 0.0703125 0.0703125
0 0.669921875 0.150390625 0.056640625 0.056640625
0 0.9140625 0.37109375 0.056640625 0.056640625
0 0.7421875 0.84765625 0.056640625 0.056640625
0 0.525390625 0.052734375 0.056640625 0.056640625
0 0.197265625 0.2421875 0.0546875 0.0546875
0 0.35546875 0.234375 0.05078125 0.05078125
0 0.896484375 0.265625 0.048828125 0.048828125
0 0.30078125 0.041015625 0.046875 0.046875
0 0.56640625 0.166015625 0.046875 0.046875
0 0.9921875 0.724609375 0.046875 0.046875
0 0.626953125 0.009765625 0.044921875 0.044921875
0 0.44140625 0.3515625 0.04296875 0.04296875
0 0.6015625 0.53125 0.04296875 0.04296875
0 0.314453125 0.01171875 0.04296875 0.04296875
0 0.068359375 0.630859375 0.04296875 0.04296875
0 0.205078125 0.4296875 0.041015625 0.041015625
0 0.583984375 0.27734375 0.0390625 0.0390625
0 0.935546875 0.625 0.0390625 0.0390625
0 0.60546875 0.080078125 0.037109375 0.037109375
0 0.349609375 0.482421875 0.03515625 0.03515625
0 0.828125 0.205078125 0.03515625 0.03515625
0 0.4453125 0.25390625 0.03515625 0.03515625
0 0.130859375 0.029296875 0.033203125 0.033203125
0 0.4296875 0.740234375 0.033203125 0.033203125
0 0.271484375 0.650390625 0.03125 0.03125
0 0.962890625 0.642578125 0.02734375 0.02734375
0 0.455078125 0.4609375 0.02734375 0.02734375
0 0.796875 0.751953125 0.025390625 0.025390625
