0 0.16796875 0.080078125 0.50390625 0.50390625
0 0.548828125 0.6953125 0.4140625 0.4140625
0 0.392578125 0.599609375 0.23046875 0.23046875
0 0.08984375 0.69140625 0.21875 0.21875
0 0.9296875 0.095703125 0.142578125 0.142578125
0 0.494140625 0.25390625 0.134765625 0.134765625
0 0.92578125 0.33203125 0.1328125 0.1328125
0 0.791015625 0.8125 0.125 0.125
0 0.859375 0.224609375 0.119140625 0.119140625
0 0.173828125 0.8828125 0.11328125 0.11328125
0 0.568359375 0.876953125 0.087890625 0.087890625
0 0.638671875 0.78125 0.0859375 0.0859375
0 0.623046875 0.3046875 0.083984375 0.083984375
0 0.490234375 0.87109375 0.078125 0.078125
0 0.162109375 0.646484375 0.076171875 0.076171875
0 0.853515625 0.2734375 0.072265625 0.072265625
0 0.826171875 0.03125 0.068359375 0.068359375
0 0.03125 0.974609375 0.06640625 0.06640625
0 0.416015625 0.53125 0.064453125 0.064453125
0 0.955078125 0.953125 0.048828125 0.048828125
0 0.44921875 0.49609375 0.046875 0.046875
0 0.595703125 0.447265625 0.041015625 0.041015625
0 0.40234375 0.90625 0.041015625 0.041015625
0 0.328125 0.6796875 0.037109375 0.037109375
0 0.74609375 0.740234375 0.037109375 0.037109375
0 0.94140625 0.771484375 0.03515625 0.03515625
0 0.271484375 0.626953125 0.033203125 0.033203125
0 0.9765625 0.822265625 0.03125 0.03125
0 0.779296875 0.09765625 0.03125 0.03125
0 0.712890625 0.578125 0.03125 0.03125
0 0.556640625 0.08203125 0.029296875 0.029296875
0 0.38671875 0.2109375 0.029296875 0.029296875
0 0.119140625 0.029296875 0.02734375 0.02734375
0 0.990234375 0.98828125 0.02734375 0.02734375
0 0.888671875 0.345703125 0.02734375 0.02734375
0 0.55859375 0.21484375 0.025390625 0.025390625
0 0.970703125 0.169921875 0.025390625 0.025390625
0 0.765625 0.6328125 0.025390625 0.025390625
0 0.533203125 0.0 0.025390625 0.025390625
