0 0.46875 0.763671875 0.30859375 0.30859375
0 0.1796875 0.796875 0.306640625 0.306640625
0 0.6015625 0.322265625 0.169921875 0.169921875
0 0.341796875 0.6484375 0.1328125 0.1328125
0 0.861328125 0.025390625 0.1328125 0.1328125
0 0.42578125 0.189453125 0.12890625 0.12890625
0 0.75390625 0.609375 0.126953125 0.126953125
0 0.037109375 0.421875 0.115234375 0.115234375
0 0.748046875 0.33984375 0.11328125 0.11328125
0 0.138671875 0.15625 0.111328125 0.111328125
0 0.09375 0.390625 0.10546875 0.10546875
0 0.013671875 0.12109375 0.09765625 0.09765625
0 0.73828125 0.798828125 0.09765625 0.09765625
0 0.96875 0.6171875 0.09765625 0.09765625
0 0.21484375 0.337890625 0.087890625 0.087890625
0 0.755859375 0.193359375 0.080078125 0.080078125
0 0.30078125 0.392578125 0.078125 0.078125
0 0.29296875 0.73046875 0.076171875 0.076171875
0 0.833984375 0.640625 0.07421875 0.07421875
0 0.671875 0.892578125 0.0703125 0.0703125
0 0.669921875 0.146484375 0.06640625 0.06640625
0 0.986328125 0.533203125 0.05859375 0.05859375
0 0.681640625 0.47265625 0.044921875 0.044921875
0 0.9921875 0.3203125 0.0390625 0.0390625
0 0.75390625 0.623046875 0.0390625 0.0390625
0 0.7890625 0.943359375 0.037109375 0.037109375
0 0.8671875 0.4921875 0.037109375 0.037109375
0 0.0078125 0.900390625 0.037109375 0.037109375
0 0.958984375 0.048828125 0.037109375 0.037109375
0 0.94140625 0.9453125 0.03515625 0.03515625
0 0.08984375 0.83203125 0.03515625 0.03515625
0 0.900390625 0.591796875 0.03515625 0.03515625
0 0.04296875 0.7265625 0.03515625 0.03515625
0 0.78515625 0.515625 0.033203125 0.033203125
0 0.791015625 0.408203125 0.033203125 0.033203125
0 0.455078125 0.076171875 0.03125 0.03125
0 0.181640625 0.662109375 0.03125 0.03125
0 0.859375 0.291015625 0.03125 0.03125
0 0.126953125 0.052734375 0.03125 0.03125
0 0.65625 0.416015625 0.03125 0.03125
0 0.90625 0.751953125 0.02734375 0.02734375
0 0.41015625 0.498046875 0.02734375 0.02734375
0 0.5859375 0.232421875 0.025390625 0.025390625
