0 0.634765625 0.642578125 0.1328125 0.1328125
0 0.93359375 0.1171875 0.11328125 0.11328125
0 0.86328125 0.013671875 0.099609375 0.099609375
0 0.849609375 0.560546875 0.09765625 0.09765625
0 0.994140625 0.552734375 0.095703125 0.095703125
0 0.783203125 0.427734375 0.09375 0.09375
0 0.931640625 0.3828125 0.080078125 0.080078125
0 0.470703125 0.431640625 0.080078125 0.080078125
0 0.833984375 0.095703125 0.068359375 0.068359375
0 0.77734375 0.552734375 0.06640625 0.06640625
0 0.5078125 0.5546875 0.060546875 0.060546875
0 0.12109375 0.25 0.05859375 0.05859375
0 0.47265625 0.3203125 0.052734375 0.052734375
0 0.84765625 0.3359375 0.052734375 0.052734375
0 0.103515625 0.517578125 0.05078125 0.05078125
0 0.380859375 0.611328125 0.05078125 0.05078125
0 0.34375 0.14453125 0.046875 0.046875
0 0.529296875 0.171875 0.046875 0.046875
0 0.201171875 0.283203125 0.044921875 0.044921875
0 0.263671875 0.556640625 0.04296875 0.04296875
0 0.07421875 0.16015625 0.04296875 0.04296875
0 0.373046875 0.591796875 0.041015625 0.041015625
0 0.04296875 0.6015625 0.0390625 0.0390625
0 0.1015625 0.185546875 0.0390625 0.0390625
0 0.61328125 0.19140625 0.037109375 0.037109375
0 0.41015625 0.1796875 0.037109375 0.037109375
0 0.291015625 0.064453125 0.03515625 0.03515625
0 0.291015625 0.439453125 0.033203125 0.033203125
0 0.521484375 0.48046875 0.03125 0.03125
0 0.408203125 0.443359375 0.029296875 0.029296875
0 0.068359375 0.21484375 0.029296875 0.029296875
0 0.271484375 0.236328125 0.029296875 0.029296875
0 0.142578125 0.232421875 0.029296875 0.029296875
0 0.208984375 0.10546875 0.02734375 0.02734375
0 0.46484375 0.126953125 0.025390625 0.025390625
0 0.587890625 0.1796875 0.025390625 0.025390625
0 0.095703125 0.392578125 0.025390625 0.025390625
0 0.63671875 0.1484375 0.025390625 0.025390625
0 0.462890625 0.697265625 0.072265625 0.072265625
0 0.185546875 0.69140625 0.0703125 0.0703125
0 0.021484375 0.71875 0.0703125 0.0703125
0 0.833984375 0.703125 0.068359375 0.068359375
0 0.693359375 0.76171875 0.064453125 0.064453125
0 0.2265625 0.92578125 0.056640625 0.056640625
0 0.7265625 0.962890625 0.052734375 0.052734375
0 0.46875 0.671875 0.048828125 0.048828125
0 0.138671875 0.69140625 0.044921875 0.044921875
0 0.77734375 0.759765625 0.04296875 0.04296875
0 0.013671875 0.833984375 0.0390625 0.0390625
0 0.76171875 0.94921875 0.033203125 0.033203125
0 0.08984375 0.9921875 0.03125 0.03125
0 0.6328125 0.724609375 0.029296875 0.029296875
0 0.9609375 0.81640625 0.02734375 0.02734375
0 0.48828125 0.888671875 0.02734375 0.02734375
