0 0.375 0.001953125 0.203125 0.203125
0 0.044921875 0.318359375 0.197265625 0.197265625
0 0.115234375 0.224609375 0.134765625 0.134765625
0 0.779296875 0.79296875 0.12890625 0.12890625
0 0.7890625 0.486328125 0.125 0.125
0 0.994140625 0.033203125 0.11328125 0.11328125
0 0.00390625 0.0078125 0.10546875 0.10546875
0 0.5703125 0.326171875 0.1015625 0.1015625
0 0.154296875 0.669921875 0.09375 0.09375
0 0.228515625 0.173828125 0.083984375 0.083984375
0 0.015625 0.14453125 0.07421875 0.07421875
0 0.205078125 0.953125 0.068359375 0.068359375
0 0.7578125 0.4140625 0.064453125 0.064453125
0 0.30859375 0.5390625 0.05859375 0.05859375
0 0.853515625 0.20703125 0.056640625 0.056640625
0 0.03125 0.94140625 0.0546875 0.0546875
0 0.529296875 0.109375 0.052734375 0.052734375
0 0.689453125 0.0859375 0.044921875 0.044921875
0 0.9453125 0.291015625 0.041015625 0.041015625
0 0.8046875 0.21484375 0.041015625 0.041015625
0 0.123046875 0.111328125 0.041015625 0.041015625
0 0.380859375 0.259765625 0.0390625 0.0390625
0 0.05859375 0.90234375 0.0390625 0.0390625
0 0.083984375 0.87109375 0.0390625 0.0390625
0 0.525390625 0.67578125 0.0390625 0.0390625
0 0.447265625 0.576171875 0.037109375 0.037109375
0 0.990234375 0.83203125 0.03515625 0.03515625
0 0.078125 0.83984375 0.03515625 0.03515625
0 0.48828125 0.70703125 0.03515625 0.03515625
0 0.4453125 0.68359375 0.033203125 0.033203125
0 0.2265625 0.421875 0.033203125 0.033203125
0 0.88671875 0.5546875 0.033203125 0.033203125
0 0.91015625 0.408203125 0.03125 0.03125
0 0.140625 0.736328125 0.03125 0.03125
0 0.443359375 0.341796875 0.02734375 0.02734375
0 0.79296875 0.392578125 0.02734375 0.02734375
0 0.279296875 0.53515625 0.02734375 0.02734375
0 0.517578125 0.603515625 0.025390625 0.025390625
