0 0.478515625 0.353515625 0.271484375 0.271484375
0 0.34375 0.970703125 0.111328125 0.111328125
0 0.8671875 0.3203125 0.111328125 0.111328125
0 0.9296875 0.646484375 0.1015625 0.1015625
0 0.302734375 0.423828125 0.0859375 0.0859375
0 0.01171875 0.888671875 0.068359375 0.068359375
0 0.115234375 0.255859375 0.06640625 0.06640625
0 0.8203125 0.06640625 0.060546875 0.060546875
0 0.537109375 0.603515625 0.05859375 0.05859375
0 0.44921875 0.724609375 0.056640625 0.056640625
0 0.357421875 0.826171875 0.0546875 0.0546875
0 0.826171875 0.978515625 0.04296875 0.04296875
0 0.521484375 0.044921875 0.04296875 0.04296875
0 0.150390625 0.919921875 0.041015625 0.041015625
0 0.072265625 0.666015625 0.041015625 0.041015625
0 0.916015625 0.986328125 0.041015625 0.041015625
0 0.173828125 0.08984375 0.0390625 0.0390625
0 0.275390625 0.599609375 0.037109375 0.037109375
0 0.056640625 0.255859375 0.037109375 0.037109375
0 0.615234375 0.962890625 0.03125 0.03125
0 0.90625 0.1015625 0.03125 0.03125
0 0.275390625 0.0546875 0.03125 0.03125
0 0.095703125 0.208984375 0.029296875 0.029296875
0 0.625 0.01171875 0.029296875 0.029296875
0 0.970703125 0.5 0.029296875 0.029296875
0 0.01953125 0.259765625 0.029296875 0.029296875
0 0.115234375 0.1171875 0.02734375 0.02734375
0 0.146484375 0.8671875 0.02734375 0.02734375
0 0.28515625 0.5703125 0.02734375 0.02734375
0 0.791015625 0.345703125 0.025390625 0.025390625
0 0.50390625 0.779296875 0.025390625 0.025390625
0 0.740234375 0.0234375 0.025390625 0.025390625
