0 0.0546875 0.083984375 0.267578125 0.267578125
0 0.1015625 0.326171875 0.09765625 0.09765625
0 0.373046875 0.04296875 0.083984375 0.083984375
0 0.025390625 0.287109375 0.080078125 0.080078125
0 0.349609375 0.169921875 0.06640625 0.06640625
0 0.84765625 0.056640625 0.056640625 0.056640625
0 0.90234375 0.265625 0.037109375 0.037109375
0 0.83203125 0.259765625 0.033203125 0.033203125
0 0.890625 0.158203125 0.03125 0.03125
0 0.2421875 0.130859375 0.025390625 0.025390625
0 0.515625 0.376953125 0.279296875 0.279296875
0 0.427734375 0.6640625 0.12109375 0.12109375
0 0.150390625 0.677734375 0.109375 0.109375
0 0.119140625 0.98828125 0.08984375 0.08984375
0 0.17578125 0.42578125 0.083984375 0.083984375
0 0.12109375 0.775390625 0.076171875 0.076171875
0 0.177734375 0.76953125 0.0546875 0.0546875
0 0.318359375 0.494140625 0.044921875 0.044921875
0 0.060546875 0.7734375 0.02734375 0.02734375
0 0.61328125 0.94140625 0.02734375 0.02734375
0 0.81640625 0.935546875 0.080078125 0.080078125
0 0.833984375 0.81640625 0.076171875 0.076171875
0 0.677734375 0.72265625 0.06640625 0.06640625
0 0.8125 0.4765625 0.03515625 0.03515625
0 0.787109375 0.40625 0.03515625 0.03515625
0 0.8828125 0.3515625 0.02734375 0.02734375
