0 0.12109375 0.43359375 0.21484375 0.21484375
0 0.166015625 0.7890625 0.150390625 0.150390625
0 0.619140625 0.68359375 0.1328125 0.1328125
0 0.2734375 0.130859375 0.111328125 0.111328125
0 0.291015625 0.28515625 0.103515625 0.103515625
0 0.2890625 0.681640625 0.091796875 0.091796875
0 0.345703125 0.783203125 0.046875 0.046875
0 0.13671875 0.615234375 0.046875 0.046875
0 0.884765625 0.564453125 0.0390625 0.0390625
0 0.5703125 0.13671875 0.037109375 0.037109375
0 0.55078125 0.125 0.03515625 0.03515625
0 0.7734375 0.25 0.03515625 0.03515625
0 0.296875 0.05078125 0.03515625 0.03515625
0 0.6484375 0.171875 0.033203125 0.033203125
0 0.62109375 0.30078125 0.033203125 0.033203125
0 0.15234375 0.498046875 0.033203125 0.033203125
0 0.6953125 0.27734375 0.033203125 0.033203125
0 0.6875 0.326171875 0.03125 0.03125
0 0.599609375 0.19921875 0.03125 0.03125
0 0.623046875 0.02734375 0.02734375 0.02734375
0 0.11328125 0.8515625 0.02734375 0.02734375
0 0.734375 0.13671875 0.02734375 0.02734375
