0 0.75 0.08984375 0.21484375 0.21484375
0 0.208984375 0.947265625 0.16796875 0.16796875
0 0.205078125 0.298828125 0.166015625 0.166015625
0 0.232421875 0.0859375 0.12109375 0.12109375
0 0.5 0.056640625 0.10546875 0.10546875
0 0.7890625 0.16796875 0.1015625 0.1015625
0 0.59765625 0.443359375 0.08984375 0.08984375
0 0.8125 0.427734375 0.087890625 0.087890625
0 0.662109375 0.392578125 0.0859375 0.0859375
0 0.83203125 0.234375 0.08203125 0.08203125
0 0.2890625 0.015625 0.07421875 0.07421875
0 0.92578125 0.609375 0.072265625 0.072265625
0 0.369140625 0.51953125 0.0703125 0.0703125
0 0.177734375 0.345703125 0.0703125 0.0703125
0 0.689453125 0.73046875 0.068359375 0.068359375
0 0.123046875 0.328125 0.068359375 0.068359375
0 0.689453125 0.44140625 0.06640625 0.06640625
0 0.302734375 0.51171875 0.064453125 0.064453125
0 0.525390625 0.19921875 0.05078125 0.05078125
0 0.330078125 0.556640625 0.05078125 0.05078125
0 0.404296875 0.06640625 0.046875 0.046875
0 0.36328125 0.83984375 0.046875 0.046875
0 0.310546875 0.408203125 0.046875 0.046875
0 0.98046875 0.986328125 0.044921875 0.044921875
0 0.208984375 0.8046875 0.04296875 0.04296875
0 0.23046875 0.025390625 0.04296875 0.04296875
0 0.421875 0.4609375 0.04296875 0.04296875
0 0.529296875 0.84765625 0.04296875 0.04296875
0 0.0703125 0.640625 0.04296875 0.04296875
0 0.736328125 0.5078125 0.041015625 0.041015625
0 0.673828125 0.5390625 0.041015625 0.041015625
0 0.794921875 0.96875 0.037109375 0.037109375
0 0.888671875 0.677734375 0.037109375 0.037109375
0 0.61328125 0.7109375 0.033203125 0.033203125
0 0.5234375 0.294921875 0.033203125 0.033203125
0 0.634765625 0.294921875 0.033203125 0.033203125
0 0.724609375 0.314453125 0.03125 0.03125
0 0.9921875 0.8359375 0.029296875 0.029296875
0 0.205078125 0.154296875 0.02734375 0.02734375
0 0.728515625 0.126953125 0.02734375 0.02734375
0 0.41015625 0.482421875 0.025390625 0.025390625
0 0.3203125 0.3203125 0.025390625 0.025390625
