0 0.5703125 0.7109375 0.236328125 0.236328125
0 0.30078125 0.244140625 0.18359375 0.18359375
0 0.005859375 0.1484375 0.169921875 0.169921875
0 0.896484375 0.353515625 0.169921875 0.169921875
0 0.734375 0.537109375 0.14453125 0.14453125
0 0.484375 0.630859375 0.13671875 0.13671875
0 0.923828125 0.80859375 0.13671875 0.13671875
0 0.61328125 0.556640625 0.08984375 0.08984375
0 0.169921875 0.013671875 0.078125 0.078125
0 0.79296875 0.6484375 0.072265625 0.072265625
0 0.19921875 0.30078125 0.05859375 0.05859375
0 0.6796875 0.04296875 0.056640625 0.056640625
0 0.619140625 0.4921875 0.048828125 0.048828125
0 0.306640625 0.796875 0.04296875 0.04296875
0 0.166015625 0.201171875 0.041015625 0.041015625
0 0.517578125 0.859375 0.0390625 0.0390625
0 0.634765625 0.759765625 0.037109375 0.037109375
0 0.69921875 0.00390625 0.037109375 0.037109375
0 0.025390625 0.51953125 0.037109375 0.037109375
0 0.060546875 0.392578125 0.03515625 0.03515625
0 0.2421875 0.716796875 0.03515625 0.03515625
0 0.470703125 0.939453125 0.033203125 0.033203125
0 0.076171875 0.501953125 0.033203125 0.033203125
0 0.2890625 0.431640625 0.03125 0.03125
0 0.376953125 0.43359375 0.029296875 0.029296875
0 0.125 0.435546875 0.029296875 0.029296875
0 0.7734375 0.201171875 0.02734375 0.02734375
0 0.71484375 0.212890625 0.02734375 0.02734375
0 0.14453125 0.7734375 0.025390625 0.025390625
0 0.0703125 0.255859375 0.025390625 0.025390625
