0 0.603515625 0.27734375 0.18359375 0.18359375
0 0.84765625 0.42578125 0.173828125 0.173828125
0 0.158203125 0.537109375 0.173828125 0.173828125
0 0.23828125 0.744140625 0.13671875 0.13671875
0 0.759765625 0.3125 0.126953125 0.126953125
0 0.759765625 0.52734375 0.1171875 0.1171875
0 0.265625 0.474609375 0.1015625 0.1015625
0 0.044921875 0.646484375 0.09765625 0.09765625
0 0.734375 0.65625 0.083984375 0.083984375
0 0.265625 0.05859375 0.078125 0.078125
0 0.880859375 0.787109375 0.07421875 0.07421875
0 0.02734375 0.6015625 0.0703125 0.0703125
0 0.111328125 0.69921875 0.06640625 0.06640625
0 0.359375 0.9921875 0.060546875 0.060546875
0 0.705078125 0.361328125 0.044921875 0.044921875
0 0.0390625 0.294921875 0.041015625 0.041015625
0 0.576171875 0.287109375 0.0390625 0.0390625
0 0.025390625 0.1484375 0.033203125 0.033203125
0 0.4296875 0.865234375 0.033203125 0.033203125
0 0.048828125 0.919921875 0.029296875 0.029296875
0 0.169921875 0.705078125 0.02734375 0.02734375
0 0.109375 0.203125 0.025390625 0.025390625
0 0.919921875 0.462890625 0.025390625 0.025390625
0 0.0390625 0.0546875 0.025390625 0.025390625
