0 0.296875 0.671875 0.5 0.5
0 0.826171875 0.953125 0.2265625 0.2265625
0 0.498046875 0.2265625 0.205078125 0.205078125
0 0.98828125 0.564453125 0.115234375 0.115234375
0 0.240234375 0.046875 0.07421875 0.07421875
0 0.458984375 0.650390625 0.07421875 0.07421875
0 0.28515625 0.21875 0.0703125 0.0703125
0 0.240234375 0.146484375 0.068359375 0.068359375
0 0.17578125 0.1171875 0.060546875 0.060546875
0 0.3671875 0.388671875 0.05859375 0.05859375
0 0.48046875 0.453125 0.05078125 0.05078125
0 0.994140625 0.81640625 0.044921875 0.044921875
0 0.708984375 0.6953125 0.037109375 0.037109375
0 0.623046875 0.85546875 0.037109375 0.037109375
0 0.47265625 0.166015625 0.02734375 0.02734375
0 0.134765625 0.12109375 0.02734375 0.02734375
0 0.76953125 0.30078125 0.025390625 0.025390625
