0 0.162109375 0.73828125 0.146484375 0.146484375
0 0.193359375 0.03515625 0.115234375 0.115234375
0 0.796875 0.73046875 0.111328125 0.111328125
0 0.62109375 0.32421875 0.109375 0.109375
0 0.21875 0.41796875 0.107421875 0.107421875
0 0.876953125 0.3359375 0.107421875 0.107421875
0 0.060546875 0.16796875 0.10546875 0.10546875
0 0.734375 0.591796875 0.087890625 0.087890625
0 0.625 0.904296875 0.0703125 0.0703125
0 0.189453125 0.63671875 0.0703125 0.0703125
0 0.025390625 0.67578125 0.068359375 0.068359375
0 0.033203125 0.072265625 0.06640625 0.06640625
0 0.78515625 0.25390625 0.05859375 0.05859375
0 0.1171875 0.87890625 0.05859375 0.05859375
0 0.091796875 0.91015625 0.05078125 0.05078125
0 0.265625 0.369140625 0.05078125 0.05078125
0 0.4609375 0.814453125 0.05078125 0.05078125
0 0.232421875 0.703125 0.048828125 0.048828125
0 0.89453125 0.828125 0.046875 0.046875
0 0.310546875 0.576171875 0.044921875 0.044921875
0 0.314453125 0.27734375 0.044921875 0.044921875
0 0.208984375 0.46875 0.044921875 0.044921875
0 0.443359375 0.6875 0.04296875 0.04296875
0 0.75 0.94140625 0.04296875 0.04296875
0 0.96875 0.60546875 0.041015625 0.041015625
0 0.287109375 0.828125 0.041015625 0.041015625
0 0.876953125 0.58984375 0.041015625 0.041015625
0 0.03515625 0.47265625 0.037109375 0.037109375
0 0.48828125 0.029296875 0.037109375 0.037109375
0 0.859375 0.421875 0.037109375 0.037109375
0 0.943359375 0.955078125 0.03515625 0.03515625
0 0.8515625 0.51171875 0.03515625 0.03515625
0 0.6328125 0.8515625 0.03515625 0.03515625
0 0.2578125 0.705078125 0.033203125 0.033203125
0 0.8046875 0.27734375 0.033203125 0.033203125
0 0.404296875 0.771484375 0.033203125 0.033203125
0 0.23828125 0.173828125 0.03125 0.03125
0 0.267578125 0.646484375 0.03125 0.03125
0 0.296875 0.767578125 0.029296875 0.029296875
0 0.75 0.322265625 0.029296875 0.029296875
0 0.3125 0.076171875 0.029296875 0.029296875
0 0.01953125 0.552734375 0.029296875 0.029296875
0 0.771484375 0.587890625 0.029296875 0.029296875
0 0.966796875 0.8359375 0.029296875 0.029296875
0 0.08203125 0.07421875 0.02734375 0.02734375
0 0.333984375 0.6171875 0.02734375 0.02734375
0 0.150390625 0.32421875 0.02734375 0.02734375
0 0.83984375 0.2734375 0.02734375 0.02734375
