0 0.66796875 0.064453125 0.166015625 0.166015625
0 0.25390625 0.150390625 0.13671875 0.13671875
0 0.3515625 0.095703125 0.072265625 0.072265625
0 0.0546875 0.283203125 0.033203125 0.033203125
0 0.0078125 0.412109375 0.146484375 0.146484375
0 0.748046875 0.5546875 0.109375 0.109375
0 0.650390625 0.62109375 0.046875 0.046875
0 0.984375 0.884765625 0.041015625 0.041015625
0 0.7890625 0.390625 0.03515625 0.03515625
0 0.94921875 0.880859375 0.033203125 0.033203125
0 0.03125 0.712890625 0.029296875 0.029296875
0 0.19140625 0.669921875 0.02734375 0.02734375
0 0.90625 0.923828125 0.02734375 0.02734375
