0 0.68359375 0.703125 0.23828125 0.23828125
0 0.119140625 0.3984375 0.13671875 0.13671875
0 0.70703125 0.548828125 0.109375 0.109375
0 0.533203125 0.66796875 0.064453125 0.064453125
0 0.203125 0.92578125 0.046875 0.046875
0 0.72265625 0.96875 0.046875 0.046875
0 0.34375 0.291015625 0.03515625 0.03515625
0 0.48046875 0.357421875 0.03515625 0.03515625
0 0.029296875 0.416015625 0.033203125 0.033203125
0 0.802734375 0.0703125 0.033203125 0.033203125
0 0.20703125 0.47265625 0.033203125 0.033203125
0 0.09375 0.69921875 0.033203125 0.033203125
0 0.580078125 0.537109375 0.03125 0.03125
0 0.0859375 0.2890625 0.029296875 0.029296875
0 0.4765625 0.994140625 0.025390625 0.025390625
