0 0.685546875 0.060546875 0.41796875 0.41796875
0 0.951171875 0.45703125 0.310546875 0.310546875
0 0.046875 0.060546875 0.1484375 0.1484375
0 0.9765625 0.6640625 0.142578125 0.142578125
0 0.076171875 0.12890625 0.130859375 0.130859375
0 0.44921875 0.345703125 0.12109375 0.12109375
0 0.06640625 0.35546875 0.1015625 0.1015625
0 0.8671875 0.232421875 0.095703125 0.095703125
0 0.77734375 0.37109375 0.08984375 0.08984375
0 0.30859375 0.904296875 0.087890625 0.087890625
0 0.099609375 0.04296875 0.0859375 0.0859375
0 0.13671875 0.662109375 0.08203125 0.08203125
0 0.048828125 0.59765625 0.078125 0.078125
0 0.30078125 0.236328125 0.06640625 0.06640625
0 0.6953125 0.07421875 0.06640625 0.06640625
0 0.416015625 0.388671875 0.06640625 0.06640625
0 0.283203125 0.78125 0.064453125 0.064453125
0 0.583984375 0.890625 0.0625 0.0625
0 0.833984375 0.169921875 0.056640625 0.056640625
0 0.291015625 0.986328125 0.05078125 0.05078125
0 0.357421875 0.404296875 0.05078125 0.05078125
0 0.26171875 0.837890625 0.048828125 0.048828125
0 0.18359375 0.19140625 0.044921875 0.044921875
0 0.224609375 0.26171875 0.044921875 0.044921875
0 0.18359375 0.49609375 0.04296875 0.04296875
0 0.20703125 0.029296875 0.041015625 0.041015625
0 0.408203125 0.7578125 0.041015625 0.041015625
0 0.01171875 0.966796875 0.0390625 0.0390625
0 0.3046875 0.607421875 0.03515625 0.03515625
0 0.41015625 0.939453125 0.033203125 0.033203125
0 0.330078125 0.439453125 0.03125 0.03125
0 0.79296875 0.638671875 0.03125 0.03125
0 0.958984375 0.76953125 0.03125 0.03125
0 0.38671875 0.150390625 0.025390625 0.025390625
0 0.626953125 0.5625 0.025390625 0.025390625
0 0.654296875 0.75 0.025390625 0.025390625
