0 0.9453125 0.728515625 0.306640625 0.306640625
0 0.099609375 0.201171875 0.298828125 0.298828125
0 0.431640625 0.83203125 0.275390625 0.275390625
0 0.9609375 0.7890625 0.140625 0.140625
0 0.580078125 0.427734375 0.138671875 0.138671875
0 0.0 0.029296875 0.126953125 0.126953125
0 0.75 0.296875 0.109375 0.109375
0 0.796875 0.736328125 0.107421875 0.107421875
0 0.611328125 0.4609375 0.08984375 0.08984375
0 0.3984375 0.533203125 0.0859375 0.0859375
0 0.90625 0.91796875 0.083984375 0.083984375
0 0.431640625 0.396484375 0.08203125 0.08203125
0 0.232421875 0.81640625 0.076171875 0.076171875
0 0.166015625 0.26953125 0.068359375 0.068359375
0 0.84765625 0.337890625 0.06640625 0.06640625
0 0.408203125 0.6015625 0.06640625 0.06640625
0 0.931640625 0.529296875 0.0625 0.0625
0 0.396484375 0.423828125 0.05859375 0.05859375
0 0.875 0.310546875 0.056640625 0.056640625
0 0.53515625 0.755859375 0.056640625 0.056640625
0 0.466796875 0.759765625 0.0546875 0.0546875
0 0.353515625 0.1796875 0.052734375 0.052734375
0 0.900390625 0.494140625 0.046875 0.046875
0 0.875 0.357421875 0.046875 0.046875
0 0.955078125 0.78515625 0.03515625 0.03515625
0 0.3046875 0.552734375 0.03515625 0.03515625
0 0.333984375 0.537109375 0.03125 0.03125
0 0.951171875 0.44140625 0.03125 0.03125
0 0.9375 0.41796875 0.029296875 0.029296875
0 0.419921875 0.427734375 0.02734375 0.02734375
0 0.849609375 0.990234375 0.02734375 0.02734375
0 0.73046875 0.869140625 0.02734375 0.02734375
0 0.818359375 0.51171875 0.02734375 0.02734375
0 0.09765625 0.556640625 0.02734375 0.02734375
0 0.841796875 0.12109375 0.025390625 0.025390625
0 0.423828125 0.279296875 0.025390625 0.025390625
0 0.90234375 0.373046875 0.025390625 0.025390625
