0 0.580078125 0.513671875 0.5234375 0.5234375
0 0.435546875 0.93359375 0.220703125 0.220703125
0 0.841796875 0.953125 0.19140625 0.19140625
0 0.8125 0.685546875 0.17578125 0.17578125
0 0.44140625 0.74609375 0.171875 0.171875
0 0.302734375 0.06640625 0.11328125 0.11328125
0 0.46484375 0.224609375 0.078125 0.078125
0 0.224609375 0.34375 0.07421875 0.07421875
0 0.005859375 0.123046875 0.060546875 0.060546875
0 0.64453125 0.078125 0.05859375 0.05859375
0 0.40234375 0.1484375 0.056640625 0.056640625
0 0.046875 0.216796875 0.052734375 0.052734375
0 0.677734375 0.046875 0.048828125 0.048828125
0 0.818359375 0.314453125 0.044921875 0.044921875
0 0.96484375 0.48046875 0.044921875 0.044921875
0 0.884765625 0.408203125 0.044921875 0.044921875
0 0.990234375 0.078125 0.04296875 0.04296875
0 0.345703125 0.3359375 0.041015625 0.041015625
0 0.248046875 0.8828125 0.041015625 0.041015625
0 0.416015625 0.341796875 0.03515625 0.03515625
0 0.3671875 0.47265625 0.03515625 0.03515625
0 0.18359375 0.798828125 0.03515625 0.03515625
0 0.0546875 0.150390625 0.033203125 0.033203125
0 0.23828125 0.140625 0.033203125 0.033203125
0 0.21875 0.1875 0.033203125 0.033203125
0 0.283203125 0.123046875 0.03125 0.03125
0 0.767578125 0.40625 0.03125 0.03125
0 0.7421875 0.28515625 0.029296875 0.029296875
0 0.462890625 0.587890625 0.029296875 0.029296875
0 0.013671875 0.34375 0.02734375 0.02734375
0 0.5 0.431640625 0.02734375 0.02734375
0 0.923828125 0.5234375 0.02734375 0.02734375
0 0.091796875 0.955078125 0.025390625 0.025390625
0 0.9296875 0.013671875 0.025390625 0.025390625
0 0.24609375 0.580078125 0.025390625 0.025390625
0 0.666015625 0.212890625 0.025390625 0.025390625
