0 0.271484375 0.43359375 0.634765625 0.634765625
0 0.470703125 0.833984375 0.26953125 0.26953125
0 0.9609375 0.123046875 0.22265625 0.22265625
0 0.896484375 0.26171875 0.193359375 0.193359375
0 0.23828125 0.646484375 0.169921875 0.169921875
0 0.552734375 0.17578125 0.13671875 0.13671875
0 0.158203125 0.037109375 0.115234375 0.115234375
0 0.3515625 0.490234375 0.109375 0.109375
0 0.859375 0.638671875 0.10546875 0.10546875
0 0.271484375 0.40625 0.103515625 0.103515625
0 0.884765625 0.466796875 0.1015625 0.1015625
0 0.1875 0.181640625 0.091796875 0.091796875
0 0.26953125 0.75 0.083984375 0.083984375
0 0.12109375 0.87109375 0.07421875 0.07421875
0 0.451171875 0.66796875 0.07421875 0.07421875
0 0.400390625 0.80859375 0.07421875 0.07421875
0 0.826171875 0.771484375 0.068359375 0.068359375
0 0.3046875 0.796875 0.068359375 0.068359375
0 0.974609375 0.525390625 0.068359375 0.068359375
0 0.009765625 0.326171875 0.0546875 0.0546875
0 0.732421875 0.01953125 0.0546875 0.0546875
0 0.119140625 0.58203125 0.052734375 0.052734375
0 0.62109375 0.41015625 0.05078125 0.05078125
0 0.294921875 0.1875 0.05078125 0.05078125
0 0.59765625 0.689453125 0.048828125 0.048828125
0 0.072265625 0.09765625 0.044921875 0.044921875
0 0.328125 0.009765625 0.04296875 0.04296875
0 0.5625 0.18359375 0.037109375 0.037109375
0 0.361328125 0.7265625 0.037109375 0.037109375
0 0.232421875 0.080078125 0.03515625 0.03515625
0 0.380859375 0.7734375 0.033203125 0.033203125
0 0.5703125 0.37109375 0.029296875 0.029296875
0 0.716796875 0.849609375 0.02734375 0.02734375
0 0.453125 0.955078125 0.02734375 0.02734375
0 0.03515625 0.140625 0.025390625 0.025390625
0 0.875 0.96484375 0.025390625 0.025390625
0 0.802734375 0.576171875 0.025390625 0.025390625
0 0.71875 0.580078125 0.025390625 0.025390625
