0 0.8828125 0.6328125 0.322265625 0.322265625
0 0.263671875 0.98046875 0.1796875 0.1796875
0 0.9609375 0.3515625 0.1640625 0.1640625
0 0.84375 0.765625 0.150390625 0.150390625
0 0.44921875 0.2265625 0.107421875 0.107421875
0 0.0703125 0.732421875 0.10546875 0.10546875
0 0.416015625 0.564453125 0.09375 0.09375
0 0.9375 0.091796875 0.091796875 0.091796875
0 0.091796875 0.4921875 0.091796875 0.091796875
0 0.72265625 0.283203125 0.087890625 0.087890625
0 0.640625 0.7109375 0.083984375 0.083984375
0 0.533203125 0.111328125 0.072265625 0.072265625
0 0.5078125 0.78125 0.0625 0.0625
0 0.91796875 0.19921875 0.060546875 0.060546875
0 0.19921875 0.119140625 0.060546875 0.060546875
0 0.732421875 0.8203125 0.05859375 0.05859375
0 0.12890625 0.52734375 0.056640625 0.056640625
0 0.00390625 0.244140625 0.056640625 0.056640625
0 0.611328125 0.291015625 0.0546875 0.0546875
0 0.978515625 0.5078125 0.05078125 0.05078125
0 0.509765625 0.796875 0.05078125 0.05078125
0 0.525390625 0.814453125 0.048828125 0.048828125
0 0.791015625 0.234375 0.048828125 0.048828125
0 0.05859375 0.259765625 0.046875 0.046875
0 0.4296875 0.353515625 0.046875 0.046875
0 0.0859375 0.447265625 0.046875 0.046875
0 0.361328125 0.6796875 0.044921875 0.044921875
0 0.5078125 0.294921875 0.044921875 0.044921875
0 0.71484375 0.173828125 0.04296875 0.04296875
0 0.509765625 0.951171875 0.04296875 0.04296875
0 0.224609375 0.455078125 0.04296875 0.04296875
0 0.546875 0.494140625 0.04296875 0.04296875
0 0.23828125 0.28515625 0.0390625 0.0390625
0 0.630859375 0.484375 0.0390625 0.0390625
0 0.109375 0.36328125 0.0390625 0.0390625
0 0.75 0.23046875 0.037109375 0.037109375
0 0.271484375 0.845703125 0.037109375 0.037109375
0 0.37109375 0.3671875 0.037109375 0.037109375
0 0.638671875 0.974609375 0.037109375 0.037109375
0 0.390625 0.955078125 0.03515625 0.03515625
0 0.462890625 0.828125 0.03515625 0.03515625
0 0.51953125 0.91015625 0.03515625 0.03515625
0 0.775390625 0.048828125 0.033203125 0.033203125
0 0.484375 0.91015625 0.033203125 0.033203125
0 0.396484375 0.021484375 0.033203125 0.033203125
0 0.443359375 0.845703125 0.029296875 0.029296875
0 0.677734375 0.357421875 0.029296875 0.029296875
0 0.642578125 0.5859375 0.02734375 0.02734375
0 0.2421875 0.84765625 0.02734375 0.02734375
0 0.150390625 0.626953125 0.02734375 0.02734375
0 0.169921875 0.81640625 0.025390625 0.025390625
0 0.875 0.0234375 0.025390625 0.025390625
