0 0.798828125 0.3125 0.27734375 0.27734375
0 0.25390625 0.857421875 0.22265625 0.22265625
0 0.9921875 0.951171875 0.2109375 0.2109375
0 0.072265625 0.47265625 0.1875 0.1875
0 0.35546875 0.884765625 0.169921875 0.169921875
0 0.533203125 0.177734375 0.158203125 0.158203125
0 0.59375 0.37109375 0.150390625 0.150390625
0 0.75 0.548828125 0.146484375 0.146484375
0 0.4296875 0.455078125 0.13671875 0.13671875
0 0.056640625 0.763671875 0.126953125 0.126953125
0 0.599609375 0.474609375 0.111328125 0.111328125
0 0.623046875 0.583984375 0.10546875 0.10546875
0 0.0625 0.810546875 0.1015625 0.1015625
0 0.548828125 0.8828125 0.095703125 0.095703125
0 0.3515625 0.78515625 0.095703125 0.095703125
0 0.42578125 0.744140625 0.091796875 0.091796875
0 0.87890625 0.7890625 0.0859375 0.0859375
0 0.2265625 0.259765625 0.0859375 0.0859375
0 0.189453125 0.220703125 0.08203125 0.08203125
0 0.810546875 0.732421875 0.07421875 0.07421875
0 0.349609375 0.1953125 0.0703125 0.0703125
0 0.23828125 0.474609375 0.06640625 0.06640625
0 0.375 0.005859375 0.0625 0.0625
0 0.076171875 0.322265625 0.052734375 0.052734375
0 0.978515625 0.794921875 0.052734375 0.052734375
0 0.765625 0.822265625 0.052734375 0.052734375
0 0.361328125 0.703125 0.05078125 0.05078125
0 0.974609375 0.634765625 0.048828125 0.048828125
0 0.314453125 0.181640625 0.048828125 0.048828125
0 0.021484375 0.158203125 0.04296875 0.04296875
0 0.900390625 0.201171875 0.037109375 0.037109375
0 0.59375 0.53125 0.037109375 0.037109375
0 0.9765625 0.751953125 0.033203125 0.033203125
0 0.830078125 0.111328125 0.033203125 0.033203125
0 0.87109375 0.45703125 0.033203125 0.033203125
0 0.21484375 0.14453125 0.03125 0.03125
0 0.50390625 0.69921875 0.029296875 0.029296875
0 0.109375 0.21484375 0.029296875 0.029296875
0 0.2578125 0.0625 0.02734375 0.02734375
0 0.111328125 0.130859375 0.02734375 0.02734375
0 0.666015625 0.203125 0.02734375 0.02734375
0 0.578125 0.58203125 0.025390625 0.025390625
0 0.337890625 0.759765625 0.025390625 0.025390625
0 0.2578125 0.75390625 0.025390625 0.025390625
0 0.833984375 0.35546875 0.025390625 0.025390625
