0 0.001953125 0.1015625 0.197265625 0.197265625
0 0.501953125 0.087890625 0.103515625 0.103515625
0 0.986328125 0.125 0.06640625 0.06640625
0 0.73046875 0.197265625 0.060546875 0.060546875
0 0.51171875 0.619140625 0.05859375 0.05859375
0 0.123046875 0.3046875 0.048828125 0.048828125
0 0.8125 0.18359375 0.04296875 0.04296875
0 0.90625 0.955078125 0.0390625 0.0390625
0 0.173828125 0.85546875 0.03515625 0.03515625
0 0.96484375 0.7109375 0.029296875 0.029296875
0 0.38671875 0.908203125 0.02734375 0.02734375
0 0.177734375 0.314453125 0.02734375 0.02734375
0 0.357421875 0.767578125 0.02734375 0.02734375
0 0.62890625 0.76953125 0.025390625 0.025390625
0 0.169921875 0.958984375 0.025390625 0.025390625
0 0.412109375 0.861328125 0.025390625 0.025390625
0 0.0859375 0.744140625 0.025390625 0.025390625
