0 0.8671875 0.91015625 0.130859375 0.130859375
0 0.49609375 0.642578125 0.076171875 0.076171875
0 0.84375 0.6328125 0.072265625 0.072265625
0 0.873046875 0.482421875 0.04296875 0.04296875
0 0.20703125 0.876953125 0.041015625 0.041015625
0 0.06640625 0.82421875 0.03515625 0.03515625
0 0.02734375 0.322265625 0.033203125 0.033203125
0 0.28515625 0.669921875 0.033203125 0.033203125
0 0.001953125 0.591796875 0.03125 0.03125
0 0.7734375 0.595703125 0.03125 0.03125
0 0.892578125 0.7109375 0.02734375 0.02734375
