0 0.326171875 0.025390625 0.20703125 0.20703125
0 0.470703125 0.794921875 0.140625 0.140625
0 0.126953125 0.70703125 0.11328125 0.11328125
0 0.7265625 0.9609375 0.111328125 0.111328125
0 0.50390625 0.9453125 0.091796875 0.091796875
0 0.19140625 0.75 0.08203125 0.08203125
0 0.951171875 0.599609375 0.05859375 0.05859375
0 0.37109375 0.44140625 0.05859375 0.05859375
0 0.412109375 0.171875 0.0546875 0.0546875
0 0.55859375 0.728515625 0.046875 0.046875
0 0.41796875 0.955078125 0.04296875 0.04296875
0 0.935546875 0.8515625 0.041015625 0.041015625
0 0.37890625 0.77734375 0.033203125 0.033203125
0 0.6796875 0.388671875 0.033203125 0.033203125
0 0.275390625 0.9296875 0.033203125 0.033203125
0 0.853515625 0.45703125 0.029296875 0.029296875
0 0.357421875 0.255859375 0.02734375 0.02734375
0 0.8515625 0.982421875 0.02734375 0.02734375
