0 0.271484375 0.603515625 0.12109375 0.12109375
0 0.43359375 0.853515625 0.099609375 0.099609375
0 0.615234375 0.951171875 0.08984375 0.08984375
0 0.06640625 0.8125 0.060546875 0.060546875
0 0.169921875 0.939453125 0.056640625 0.056640625
0 0.01171875 0.73828125 0.044921875 0.044921875
0 0.03515625 0.017578125 0.044921875 0.044921875
0 0.29296875 0.041015625 0.0390625 0.0390625
0 0.861328125 0.90625 0.0390625 0.0390625
0 0.798828125 0.560546875 0.037109375 0.037109375
0 0.728515625 0.912109375 0.033203125 0.033203125
