0 0.84765625 0.58203125 0.13671875 0.13671875
0 0.73828125 0.509765625 0.11328125 0.11328125
0 0.021484375 0.271484375 0.0859375 0.0859375
0 0.703125 0.87890625 0.078125 0.078125
0 0.275390625 0.51953125 0.060546875 0.060546875
0 0.95703125 0.123046875 0.05859375 0.05859375
0 0.466796875 0.025390625 0.0546875 0.0546875
0 0.18359375 0.8046875 0.05078125 0.05078125
0 0.423828125 0.294921875 0.03515625 0.03515625
0 0.94921875 0.609375 0.033203125 0.033203125
0 0.06640625 0.6015625 0.033203125 0.033203125
0 0.216796875 0.771484375 0.02734375 0.02734375
0 0.423828125 0.13671875 0.02734375 0.02734375
