0 0.109375 0.58984375 0.462890625 0.462890625
0 0.369140625 0.068359375 0.396484375 0.396484375
0 0.8203125 0.267578125 0.37109375 0.37109375
0 0.103515625 0.228515625 0.283203125 0.283203125
0 0.6015625 0.9375 0.138671875 0.138671875
0 0.416015625 0.931640625 0.134765625 0.134765625
0 0.361328125 0.65234375 0.130859375 0.130859375
0 0.73046875 0.349609375 0.12890625 0.12890625
0 0.740234375 0.009765625 0.109375 0.109375
0 0.896484375 0.59375 0.091796875 0.091796875
0 0.126953125 0.005859375 0.08203125 0.08203125
0 0.654296875 0.072265625 0.078125 0.078125
0 0.056640625 0.640625 0.078125 0.078125
0 0.28125 0.783203125 0.076171875 0.076171875
0 0.177734375 0.013671875 0.072265625 0.072265625
0 0.615234375 0.521484375 0.068359375 0.068359375
0 0.5703125 0.13671875 0.06640625 0.06640625
0 0.232421875 0.51953125 0.06640625 0.06640625
0 0.13671875 0.94921875 0.0625 0.0625
0 0.546875 0.19921875 0.060546875 0.060546875
0 0.63671875 0.02734375 0.05859375 0.05859375
0 0.36328125 0.111328125 0.056640625 0.056640625
0 0.25 0.59765625 0.052734375 0.052734375
0 0.716796875 0.36328125 0.052734375 0.052734375
0 0.1015625 0.80859375 0.05078125 0.05078125
0 0.599609375 0.892578125 0.05078125 0.05078125
0 0.541015625 0.43359375 0.048828125 0.048828125
0 0.775390625 0.900390625 0.046875 0.046875
0 0.09375 0.435546875 0.046875 0.046875
0 0.9609375 0.65234375 0.044921875 0.044921875
0 0.521484375 0.39453125 0.044921875 0.044921875
0 0.658203125 0.466796875 0.044921875 0.044921875
0 0.705078125 0.2421875 0.041015625 0.041015625
0 0.099609375 0.033203125 0.03515625 0.03515625
0 0.373046875 0.626953125 0.03515625 0.03515625
0 0.8046875 0.29296875 0.03515625 0.03515625
0 0.666015625 0.77734375 0.03515625 0.03515625
0 0.513671875 0.349609375 0.03515625 0.03515625
0 0.056640625 0.3125 0.033203125 0.033203125
0 0.34765625 0.041015625 0.033203125 0.033203125
0 0.068359375 0.833984375 0.033203125 0.033203125
0 0.1171875 0.884765625 0.033203125 0.033203125
0 0.162109375 0.8671875 0.03125 0.03125
0 0.578125 0.80078125 0.03125 0.03125
0 0.75390625 0.69921875 0.03125 0.03125
0 0.04296875 0.357421875 0.03125 0.03125
0 0.00390625 0.130859375 0.029296875 0.029296875
0 0.63671875 0.64453125 0.02734375 0.02734375
0 0.19921875 0.421875 0.02734375 0.02734375
0 0.234375 0.8828125 0.025390625 0.025390625
0 0.490234375 0.2265625 0.025390625 0.025390625
0 0.34765625 0.36328125 0.025390625 0.025390625
0 0.953125 0.40234375 0.025390625 0.025390625
