0 0.765625 0.9609375 0.130859375 0.130859375
0 0.244140625 0.302734375 0.12109375 0.12109375
0 0.09765625 0.14453125 0.111328125 0.111328125
0 0.4375 0.125 0.107421875 0.107421875
0 0.53515625 0.279296875 0.08984375 0.08984375
0 0.861328125 0.087890625 0.08203125 0.08203125
0 0.865234375 0.62890625 0.08203125 0.08203125
0 0.830078125 0.857421875 0.080078125 0.080078125
0 0.638671875 0.849609375 0.07421875 0.07421875
0 0.005859375 0.40625 0.072265625 0.072265625
0 0.90625 0.01171875 0.05859375 0.05859375
0 0.490234375 0.19140625 0.05859375 0.05859375
0 0.392578125 0.62109375 0.05859375 0.05859375
0 0.12890625 0.455078125 0.056640625 0.056640625
0 0.310546875 0.15625 0.0546875 0.0546875
0 0.771484375 0.251953125 0.048828125 0.048828125
0 0.955078125 0.203125 0.048828125 0.048828125
0 0.8515625 0.779296875 0.048828125 0.048828125
0 0.123046875 0.953125 0.046875 0.046875
0 0.0078125 0.33203125 0.046875 0.046875
0 0.55859375 0.65625 0.044921875 0.044921875
0 0.283203125 0.677734375 0.044921875 0.044921875
0 0.580078125 0.337890625 0.041015625 0.041015625
0 0.193359375 0.53125 0.0390625 0.0390625
0 0.875 0.189453125 0.037109375 0.037109375
0 0.099609375 0.4140625 0.03515625 0.03515625
0 0.19140625 0.240234375 0.033203125 0.033203125
0 0.66796875 0.328125 0.033203125 0.033203125
0 0.125 0.25390625 0.033203125 0.033203125
0 0.26953125 0.994140625 0.03125 0.03125
0 0.6953125 0.3359375 0.029296875 0.029296875
0 0.494140625 0.21875 0.029296875 0.029296875
0 0.36328125 0.3203125 0.02734375 0.02734375
0 0.232421875 0.490234375 0.02734375 0.02734375
0 0.271484375 0.8359375 0.025390625 0.025390625
