0 0.197265625 0.126953125 0.4375 0.4375
0 0.810546875 0.052734375 0.189453125 0.189453125
0 0.7734375 0.2109375 0.1328125 0.1328125
0 0.056640625 0.23046875 0.1328125 0.1328125
0 0.234375 0.509765625 0.126953125 0.126953125
0 0.525390625 0.5234375 0.083984375 0.083984375
0 0.38671875 0.134765625 0.04296875 0.04296875
0 0.609375 0.564453125 0.04296875 0.04296875
0 0.73046875 0.634765625 0.037109375 0.037109375
0 0.953125 0.046875 0.037109375 0.037109375
0 0.544921875 0.189453125 0.037109375 0.037109375
0 0.908203125 0.158203125 0.033203125 0.033203125
0 0.44140625 0.623046875 0.033203125 0.033203125
0 0.4609375 0.0625 0.03125 0.03125
0 0.85546875 0.306640625 0.03125 0.03125
0 0.494140625 0.12109375 0.03125 0.03125
0 0.2265625 0.52734375 0.029296875 0.029296875
0 0.42578125 0.6875 0.09765625 0.09765625
0 0.55078125 0.798828125 0.080078125 0.080078125
0 0.07421875 0.896484375 0.05859375 0.05859375
0 0.77734375 0.73046875 0.048828125 0.048828125
0 0.5859375 0.84375 0.0390625 0.0390625
0 0.486328125 0.681640625 0.03515625 0.03515625
0 0.578125 0.970703125 0.03515625 0.03515625
0 0.638671875 0.81640625 0.03515625 0.03515625
0 0.345703125 0.701171875 0.03515625 0.03515625
0 0.951171875 0.955078125 0.02734375 0.02734375
0 0.265625 0.794921875 0.02734375 0.02734375
0 0.76171875 0.67578125 0.02734375 0.02734375
0 0.59765625 0.97265625 0.025390625 0.025390625
0 0.533203125 0.978515625 0.025390625 0.025390625
