0 0.689453125 0.796875 0.177734375 0.177734375
0 0.685546875 0.287109375 0.0703125 0.0703125
0 0.01171875 0.2734375 0.052734375 0.052734375
0 0.171875 0.134765625 0.048828125 0.048828125
0 0.953125 0.732421875 0.044921875 0.044921875
0 0.70703125 0.470703125 0.041015625 0.041015625
0 0.166015625 0.828125 0.037109375 0.037109375
0 0.9921875 0.904296875 0.037109375 0.037109375
0 0.1484375 0.93359375 0.033203125 0.033203125
0 0.41796875 0.095703125 0.033203125 0.033203125
0 0.84765625 0.05859375 0.029296875 0.029296875
0 0.787109375 0.1640625 0.02734375 0.02734375
