0 0.396484375 0.71875 0.27734375 0.27734375
0 0.421875 0.33203125 0.23046875 0.23046875
0 0.603515625 0.54296875 0.19140625 0.19140625
0 0.58203125 0.966796875 0.126953125 0.126953125
0 0.583984375 0.048828125 0.11328125 0.11328125
0 0.939453125 0.2734375 0.091796875 0.091796875
0 0.0078125 0.3203125 0.076171875 0.076171875
0 0.396484375 0.140625 0.07421875 0.07421875
0 0.447265625 0.650390625 0.068359375 0.068359375
0 0.02734375 0.888671875 0.06640625 0.06640625
0 0.8203125 0.00390625 0.064453125 0.064453125
0 0.134765625 0.8203125 0.0625 0.0625
0 0.69140625 0.171875 0.05859375 0.05859375
0 0.333984375 0.833984375 0.056640625 0.056640625
0 0.544921875 0.55859375 0.044921875 0.044921875
0 0.859375 0.044921875 0.041015625 0.041015625
0 0.5703125 0.8359375 0.037109375 0.037109375
0 0.669921875 0.638671875 0.03515625 0.03515625
0 0.68359375 0.53125 0.033203125 0.033203125
0 0.3984375 0.326171875 0.03125 0.03125
0 0.169921875 0.935546875 0.029296875 0.029296875
0 0.48828125 0.30078125 0.029296875 0.029296875
0 0.765625 0.01171875 0.02734375 0.02734375
0 0.224609375 0.482421875 0.025390625 0.025390625
