0 0.28125 0.853515625 0.150390625 0.150390625
0 0.982421875 0.099609375 0.134765625 0.134765625
0 0.18359375 0.67578125 0.130859375 0.130859375
0 0.02734375 0.05078125 0.125 0.125
0 0.615234375 0.64453125 0.107421875 0.107421875
0 0.716796875 0.294921875 0.09375 0.09375
0 0.220703125 0.978515625 0.091796875 0.091796875
0 0.123046875 0.51171875 0.087890625 0.087890625
0 0.8125 0.19921875 0.0859375 0.0859375
0 0.796875 0.158203125 0.080078125 0.080078125
0 0.048828125 0.12109375 0.072265625 0.072265625
0 0.046875 0.701171875 0.0703125 0.0703125
0 0.630859375 0.82421875 0.0703125 0.0703125
0 0.966796875 0.98828125 0.0625 0.0625
0 0.796875 0.79296875 0.0625 0.0625
0 0.12890625 0.86328125 0.05859375 0.05859375
0 0.9765625 0.9453125 0.056640625 0.056640625
0 0.845703125 0.408203125 0.056640625 0.056640625
0 0.337890625 0.443359375 0.0546875 0.0546875
0 0.513671875 0.470703125 0.0546875 0.0546875
0 0.869140625 0.1796875 0.05078125 0.05078125
0 0.9921875 0.484375 0.05078125 0.05078125
0 0.6796875 0.544921875 0.048828125 0.048828125
0 0.767578125 0.64453125 0.044921875 0.044921875
0 0.3046875 0.0 0.044921875 0.044921875
0 0.32421875 0.669921875 0.04296875 0.04296875
0 0.53125 0.162109375 0.04296875 0.04296875
0 0.939453125 0.578125 0.041015625 0.041015625
0 0.642578125 0.3828125 0.0390625 0.0390625
0 0.359375 0.419921875 0.0390625 0.0390625
0 0.93359375 0.5390625 0.0390625 0.0390625
0 0.203125 0.185546875 0.0390625 0.0390625
0 0.76953125 0.060546875 0.037109375 0.037109375
0 0.091796875 0.349609375 0.037109375 0.037109375
0 0.3359375 0.05859375 0.037109375 0.037109375
0 0.62890625 0.75390625 0.037109375 0.037109375
0 0.353515625 0.666015625 0.03515625 0.03515625
0 0.044921875 0.638671875 0.03515625 0.03515625
0 0.4375 0.275390625 0.03515625 0.03515625
0 0.556640625 0.927734375 0.03515625 0.03515625
0 0.5234375 0.87109375 0.033203125 0.033203125
0 0.001953125 0.55078125 0.033203125 0.033203125
0 0.927734375 0.658203125 0.033203125 0.033203125
0 0.6171875 0.390625 0.03125 0.03125
0 0.166015625 0.25 0.03125 0.03125
0 0.986328125 0.8828125 0.03125 0.03125
0 0.89453125 0.77734375 0.02734375 0.02734375
0 0.67578125 0.376953125 0.02734375 0.02734375
0 0.45703125 0.63671875 0.02734375 0.02734375
0 0.240234375 0.79296875 0.02734375 0.02734375
0 0.91796875 0.90625 0.02734375 0.02734375
0 0.388671875 0.89453125 0.02734375 0.02734375
0 0.697265625 0.39453125 0.02734375 0.02734375
0 0.73828125 0.81640625 0.02734375 0.02734375
0 0.837890625 0.3359375 0.025390625 0.025390625
0 0.89453125 0.025390625 0.025390625 0.025390625
0 0.779296875 0.6640625 0.025390625 0.025390625
0 0.58203125 0.720703125 0.025390625 0.025390625
0 0.69921875 0.369140625 0.025390625 0.025390625
0 0.2421875 0.76171875 0.025390625 0.025390625
