0 0.27734375 0.62109375 0.107421875 0.107421875
0 0.671875 0.017578125 0.05859375 0.05859375
0 0.17578125 0.716796875 0.0546875 0.0546875
0 0.900390625 0.1953125 0.052734375 0.052734375
0 0.07421875 0.5703125 0.048828125 0.048828125
0 0.783203125 0.810546875 0.044921875 0.044921875
0 0.400390625 0.91015625 0.04296875 0.04296875
0 0.2421875 0.771484375 0.041015625 0.041015625
0 0.673828125 0.71875 0.03515625 0.03515625
0 0.052734375 0.95703125 0.03125 0.03125
0 0.84765625 0.830078125 0.029296875 0.029296875
0 0.3359375 0.728515625 0.02734375 0.02734375
0 0.42578125 0.42578125 0.02734375 0.02734375
0 0.681640625 0.73046875 0.025390625 0.025390625
