0 0.90234375 0.302734375 0.134765625 0.134765625
0 0.392578125 0.01171875 0.126953125 0.126953125
0 0.966796875 0.34375 0.123046875 0.123046875
0 0.99609375 0.224609375 0.115234375 0.115234375
0 0.529296875 0.080078125 0.1015625 0.1015625
0 0.05078125 0.28125 0.1015625 0.1015625
0 0.494140625 0.306640625 0.09375 0.09375
0 0.76953125 0.064453125 0.09375 0.09375
0 0.341796875 0.0859375 0.091796875 0.091796875
0 0.421875 0.75 0.091796875 0.091796875
0 0.322265625 0.123046875 0.091796875 0.091796875
0 0.326171875 0.86328125 0.083984375 0.083984375
0 0.962890625 0.73046875 0.076171875 0.076171875
0 0.1796875 0.43359375 0.07421875 0.07421875
0 0.078125 0.90625 0.06640625 0.06640625
0 0.70703125 0.373046875 0.0625 0.0625
0 0.06640625 0.142578125 0.0625 0.0625
0 0.060546875 0.09765625 0.0625 0.0625
0 0.595703125 0.923828125 0.056640625 0.056640625
0 0.76953125 0.916015625 0.056640625 0.056640625
0 0.11328125 0.12109375 0.0546875 0.0546875
0 0.119140625 0.421875 0.052734375 0.052734375
0 0.9453125 0.470703125 0.05078125 0.05078125
0 0.85546875 0.22265625 0.046875 0.046875
0 0.412109375 0.775390625 0.046875 0.046875
0 0.345703125 0.578125 0.044921875 0.044921875
0 0.748046875 0.4765625 0.04296875 0.04296875
0 0.2890625 0.162109375 0.041015625 0.041015625
0 0.650390625 0.7265625 0.0390625 0.0390625
0 0.44140625 0.26171875 0.0390625 0.0390625
0 0.23046875 0.83984375 0.03515625 0.03515625
0 0.44140625 0.783203125 0.03515625 0.03515625
0 0.9609375 0.55859375 0.033203125 0.033203125
0 0.068359375 0.11328125 0.03125 0.03125
0 0.84375 0.654296875 0.029296875 0.029296875
0 0.119140625 0.21875 0.029296875 0.029296875
0 0.462890625 0.765625 0.029296875 0.029296875
0 0.615234375 0.10546875 0.029296875 0.029296875
0 0.111328125 0.345703125 0.029296875 0.029296875
0 0.87109375 0.654296875 0.02734375 0.02734375
0 0.8828125 0.419921875 0.02734375 0.02734375
0 0.23828125 0.375 0.02734375 0.02734375
0 0.814453125 0.732421875 0.02734375 0.02734375
0 0.611328125 0.8984375 0.02734375 0.02734375
0 0.708984375 0.2109375 0.02734375 0.02734375
0 0.45703125 0.27734375 0.025390625 0.025390625
0 0.80859375 0.60546875 0.025390625 0.025390625
0 0.12890625 0.701171875 0.025390625 0.025390625
0 0.478515625 0.357421875 0.025390625 0.025390625
