0 0.9609375 0.09765625 0.48046875 0.48046875
0 0.646484375 0.33203125 0.2578125 0.2578125
0 0.865234375 0.72265625 0.18359375 0.18359375
0 0.73046875 0.427734375 0.1640625 0.1640625
0 0.783203125 0.30078125 0.15234375 0.15234375
0 0.953125 0.662109375 0.150390625 0.150390625
0 0.61328125 0.765625 0.1328125 0.1328125
0 0.3203125 0.779296875 0.109375 0.109375
0 0.546875 0.1796875 0.107421875 0.107421875
0 0.33203125 0.431640625 0.1015625 0.1015625
0 0.6484375 0.150390625 0.095703125 0.095703125
0 0.6953125 0.341796875 0.087890625 0.087890625
0 0.013671875 0.201171875 0.083984375 0.083984375
0 0.498046875 0.25390625 0.076171875 0.076171875
0 0.884765625 0.763671875 0.07421875 0.07421875
0 0.1484375 0.375 0.06640625 0.06640625
0 0.2265625 0.419921875 0.06640625 0.06640625
0 0.427734375 0.23828125 0.056640625 0.056640625
0 0.890625 0.400390625 0.056640625 0.056640625
0 0.140625 0.2734375 0.05078125 0.05078125
0 0.533203125 0.955078125 0.05078125 0.05078125
0 0.7109375 0.533203125 0.05078125 0.05078125
0 0.1484375 0.7578125 0.048828125 0.048828125
0 0.166015625 0.8515625 0.044921875 0.044921875
0 0.529296875 0.2109375 0.041015625 0.041015625
0 0.806640625 0.634765625 0.041015625 0.041015625
0 0.171875 0.4375 0.037109375 0.037109375
0 0.130859375 0.01171875 0.037109375 0.037109375
0 0.564453125 0.001953125 0.037109375 0.037109375
0 0.384765625 0.18359375 0.03515625 0.03515625
0 0.240234375 0.703125 0.033203125 0.033203125
0 0.671875 0.66015625 0.02734375 0.02734375
0 0.5703125 0.55859375 0.02734375 0.02734375
0 0.517578125 0.740234375 0.02734375 0.02734375
0 0.6875 0.146484375 0.02734375 0.02734375
0 0.11328125 0.37109375 0.025390625 0.025390625
0 0.1796875 0.01953125 0.025390625 0.025390625
