0 0.498046875 0.951171875 0.46484375 0.46484375
0 0.21875 0.958984375 0.0859375 0.0859375
0 0.12109375 0.771484375 0.083984375 0.083984375
0 0.33984375 0.609375 0.072265625 0.072265625
0 0.517578125 0.556640625 0.06640625 0.06640625
0 0.791015625 0.13671875 0.06640625 0.06640625
0 0.279296875 0.16015625 0.056640625 0.056640625
0 0.78515625 0.18359375 0.04296875 0.04296875
0 0.96484375 0.96875 0.0390625 0.0390625
0 0.193359375 0.841796875 0.033203125 0.033203125
0 0.744140625 0.623046875 0.02734375 0.02734375
0 0.75390625 0.1640625 0.02734375 0.02734375
0 0.83984375 0.064453125 0.025390625 0.025390625
