0 0.3046875 0.099609375 0.087890625 0.087890625
0 0.712890625 0.2734375 0.0859375 0.0859375
0 0.3359375 0.1328125 0.076171875 0.076171875
0 0.138671875 0.7421875 0.072265625 0.072265625
0 0.794921875 0.685546875 0.064453125 0.064453125
0 0.814453125 0.12890625 0.0546875 0.0546875
0 0.755859375 0.16796875 0.052734375 0.052734375
0 0.056640625 0.693359375 0.044921875 0.044921875
0 0.759765625 0.29296875 0.033203125 0.033203125
0 0.45703125 0.05859375 0.033203125 0.033203125
0 0.681640625 0.583984375 0.029296875 0.029296875
0 0.212890625 0.4375 0.029296875 0.029296875
0 0.865234375 0.40625 0.029296875 0.029296875
0 0.873046875 0.3828125 0.029296875 0.029296875
0 0.87890625 0.427734375 0.029296875 0.029296875
0 0.95703125 0.3828125 0.02734375 0.02734375
0 0.8515625 0.326171875 0.02734375 0.02734375
0 0.810546875 0.951171875 0.02734375 0.02734375
0 0.123046875 0.455078125 0.02734375 0.02734375
0 0.650390625 0.01953125 0.025390625 0.025390625
