0 0.00390625 0.90234375 0.25390625 0.25390625
0 0.97265625 0.021484375 0.212890625 0.212890625
0 0.080078125 0.97265625 0.201171875 0.201171875
0 0.83203125 0.123046875 0.177734375 0.177734375
0 0.544921875 0.75390625 0.12890625 0.12890625
0 0.833984375 0.32421875 0.123046875 0.123046875
0 0.994140625 0.6875 0.119140625 0.119140625
0 0.021484375 0.673828125 0.1171875 0.1171875
0 0.236328125 0.455078125 0.1015625 0.1015625
0 0.81640625 0.685546875 0.09765625 0.09765625
0 0.68359375 0.84765625 0.080078125 0.080078125
0 0.6953125 0.0234375 0.076171875 0.076171875
0 0.2890625 0.75 0.0703125 0.0703125
0 0.576171875 0.546875 0.0703125 0.0703125
0 0.6640625 0.59765625 0.0703125 0.0703125
0 0.546875 0.072265625 0.06640625 0.06640625
0 0.587890625 0.626953125 0.0625 0.0625
0 0.8203125 0.921875 0.056640625 0.056640625
0 0.302734375 0.08203125 0.056640625 0.056640625
0 0.630859375 0.427734375 0.0546875 0.0546875
0 0.337890625 0.5859375 0.052734375 0.052734375
0 0.875 0.171875 0.052734375 0.052734375
0 0.474609375 0.724609375 0.052734375 0.052734375
0 0.5390625 0.111328125 0.044921875 0.044921875
0 0.185546875 0.912109375 0.04296875 0.04296875
0 0.447265625 0.869140625 0.041015625 0.041015625
0 0.064453125 0.89453125 0.041015625 0.041015625
0 0.517578125 0.759765625 0.041015625 0.041015625
0 0.94921875 0.83984375 0.0390625 0.0390625
0 0.935546875 0.619140625 0.037109375 0.037109375
0 0.078125 0.193359375 0.03515625 0.03515625
0 0.244140625 0.095703125 0.033203125 0.033203125
0 0.3828125 0.970703125 0.03125 0.03125
0 0.91015625 0.0234375 0.03125 0.03125
0 0.384765625 0.373046875 0.029296875 0.029296875
0 0.576171875 0.419921875 0.029296875 0.029296875
0 0.548828125 0.04296875 0.029296875 0.029296875
0 0.517578125 0.759765625 0.02734375 0.02734375
0 0.87890625 0.26171875 0.02734375 0.02734375
0 0.6171875 0.736328125 0.02734375 0.02734375
0 0.732421875 0.06640625 0.025390625 0.025390625
0 0.07421875 0.08984375 0.025390625 0.025390625
