0 0.59765625 0.6328125 0.08984375 0.08984375
0 0.234375 0.03125 0.060546875 0.060546875
0 0.30078125 0.50390625 0.05078125 0.05078125
0 0.798828125 0.806640625 0.0390625 0.0390625
0 0.0390625 0.00390625 0.0390625 0.0390625
0 0.94921875 0.869140625 0.03515625 0.03515625
0 0.48828125 0.7734375 0.033203125 0.033203125
0 0.404296875 0.271484375 0.033203125 0.033203125
0 0.798828125 0.716796875 0.029296875 0.029296875
0 0.521484375 0.310546875 0.029296875 0.029296875
0 0.59375 0.353515625 0.025390625 0.025390625
