0 0.390625 0.181640625 0.185546875 0.185546875
0 0.435546875 0.376953125 0.158203125 0.158203125
0 0.3515625 0.75390625 0.125 0.125
0 0.724609375 0.435546875 0.095703125 0.095703125
0 0.59375 0.6640625 0.09375 0.09375
0 0.283203125 0.892578125 0.08984375 0.08984375
0 0.748046875 0.84375 0.0859375 0.0859375
0 0.529296875 0.078125 0.080078125 0.080078125
0 0.693359375 0.234375 0.076171875 0.076171875
0 0.2578125 0.345703125 0.072265625 0.072265625
0 0.8359375 0.00390625 0.0703125 0.0703125
0 0.5859375 0.109375 0.06640625 0.06640625
0 0.892578125 0.984375 0.064453125 0.064453125
0 0.9765625 0.169921875 0.0625 0.0625
0 0.4375 0.875 0.060546875 0.060546875
0 0.990234375 0.962890625 0.0546875 0.0546875
0 0.052734375 0.666015625 0.05078125 0.05078125
0 0.275390625 0.259765625 0.046875 0.046875
0 0.80859375 0.025390625 0.03515625 0.03515625
0 0.130859375 0.482421875 0.03125 0.03125
0 0.193359375 0.673828125 0.029296875 0.029296875
0 0.056640625 0.6484375 0.029296875 0.029296875
0 0.08984375 0.05078125 0.029296875 0.029296875
0 0.185546875 0.896484375 0.029296875 0.029296875
0 0.517578125 0.7890625 0.02734375 0.02734375
0 0.30859375 0.41796875 0.02734375 0.02734375
0 0.078125 0.375 0.025390625 0.025390625
