0 0.2578125 0.8203125 0.26171875 0.26171875
0 0.5234375 0.68359375 0.181640625 0.181640625
0 0.6875 0.927734375 0.087890625 0.087890625
0 0.9140625 0.025390625 0.064453125 0.064453125
0 0.361328125 0.970703125 0.064453125 0.064453125
0 0.75 0.48046875 0.060546875 0.060546875
0 0.076171875 0.71875 0.05859375 0.05859375
0 0.224609375 0.85546875 0.0546875 0.0546875
0 0.578125 0.310546875 0.048828125 0.048828125
0 0.583984375 0.810546875 0.048828125 0.048828125
0 0.265625 0.052734375 0.046875 0.046875
0 0.55078125 0.783203125 0.033203125 0.033203125
0 0.4921875 0.541015625 0.029296875 0.029296875
0 0.171875 0.912109375 0.02734375 0.02734375
0 0.791015625 0.9375 0.02734375 0.02734375
0 0.130859375 0.880859375 0.02734375 0.02734375
0 0.47265625 0.541015625 0.02734375 0.02734375
0 0.60546875 0.1171875 0.025390625 0.025390625
0 0.0625 0.103515625 0.025390625 0.025390625
