0 0.1875 0.291015625 0.265625 0.265625
0 0.712890625 0.0390625 0.244140625 0.244140625
0 0.99609375 0.455078125 0.189453125 0.189453125
0 0.166015625 0.775390625 0.166015625 0.166015625
0 0.587890625 0.08203125 0.12890625 0.12890625
0 0.876953125 0.623046875 0.12109375 0.12109375
0 0.884765625 0.55078125 0.1171875 0.1171875
0 0.2265625 0.0 0.1171875 0.1171875
0 0.4375 0.990234375 0.11328125 0.11328125
0 0.78515625 0.1953125 0.11328125 0.11328125
0 0.662109375 0.453125 0.10546875 0.10546875
0 0.5 0.25390625 0.087890625 0.087890625
0 0.76171875 0.9375 0.080078125 0.080078125
0 0.576171875 0.41796875 0.080078125 0.080078125
0 0.22265625 0.0703125 0.07421875 0.07421875
0 0.22265625 0.107421875 0.072265625 0.072265625
0 0.6796875 0.650390625 0.068359375 0.068359375
0 0.771484375 0.98046875 0.06640625 0.06640625
0 0.58984375 0.66796875 0.064453125 0.064453125
0 0.884765625 0.87109375 0.064453125 0.064453125
0 0.076171875 0.705078125 0.056640625 0.056640625
0 0.25 0.8203125 0.056640625 0.056640625
0 0.072265625 0.798828125 0.0546875 0.0546875
0 0.619140625 0.251953125 0.05078125 0.05078125
0 0.583984375 0.587890625 0.05078125 0.05078125
0 0.5234375 0.59765625 0.048828125 0.048828125
0 0.58203125 0.765625 0.046875 0.046875
0 0.634765625 0.712890625 0.044921875 0.044921875
0 0.28515625 0.8828125 0.04296875 0.04296875
0 0.4375 0.275390625 0.04296875 0.04296875
0 0.552734375 0.494140625 0.0390625 0.0390625
0 0.1875 0.8515625 0.0390625 0.0390625
0 0.705078125 0.435546875 0.0390625 0.0390625
0 0.01171875 0.296875 0.03515625 0.03515625
0 0.931640625 0.984375 0.03515625 0.03515625
0 0.58984375 0.443359375 0.033203125 0.033203125
0 0.451171875 0.09765625 0.03125 0.03125
0 0.087890625 0.94921875 0.03125 0.03125
0 0.080078125 0.89453125 0.029296875 0.029296875
0 0.126953125 0.603515625 0.02734375 0.02734375
0 0.046875 0.439453125 0.025390625 0.025390625
0 0.30078125 0.8671875 0.025390625 0.025390625
0 0.583984375 0.603515625 0.025390625 0.025390625
