0 0.83984375 0.419921875 0.1875 0.1875
0 0.79296875 0.162109375 0.166015625 0.166015625
0 0.017578125 0.62109375 0.095703125 0.095703125
0 0.931640625 0.103515625 0.08984375 0.08984375
0 0.05859375 0.556640625 0.080078125 0.080078125
0 0.2578125 0.662109375 0.0546875 0.0546875
0 0.4296875 0.4140625 0.046875 0.046875
0 0.42578125 0.44921875 0.0390625 0.0390625
0 0.623046875 0.92578125 0.0390625 0.0390625
0 0.666015625 0.236328125 0.03515625 0.03515625
0 0.416015625 0.9765625 0.033203125 0.033203125
0 0.099609375 0.3671875 0.033203125 0.033203125
