0 0.138671875 0.30859375 0.275390625 0.275390625
0 0.349609375 0.408203125 0.232421875 0.232421875
0 0.578125 0.369140625 0.208984375 0.208984375
0 0.818359375 0.341796875 0.1328125 0.1328125
0 0.41015625 0.005859375 0.126953125 0.126953125
0 0.119140625 0.58203125 0.119140625 0.119140625
0 0.572265625 0.25390625 0.119140625 0.119140625
0 0.3359375 0.56640625 0.1015625 0.1015625
0 0.19140625 0.638671875 0.08984375 0.08984375
0 0.373046875 0.796875 0.08984375 0.08984375
0 0.515625 0.70703125 0.087890625 0.087890625
0 0.392578125 0.384765625 0.083984375 0.083984375
0 0.291015625 0.150390625 0.08203125 0.08203125
0 0.798828125 0.26171875 0.080078125 0.080078125
0 0.048828125 0.607421875 0.080078125 0.080078125
0 0.427734375 0.05859375 0.078125 0.078125
0 0.990234375 0.0625 0.05859375 0.05859375
0 0.474609375 0.76171875 0.056640625 0.056640625
0 0.73828125 0.70703125 0.052734375 0.052734375
0 0.7421875 0.515625 0.05078125 0.05078125
0 0.52734375 0.99609375 0.048828125 0.048828125
0 0.712890625 0.7109375 0.046875 0.046875
0 0.90625 0.708984375 0.044921875 0.044921875
0 0.71875 0.654296875 0.04296875 0.04296875
0 0.923828125 0.44140625 0.04296875 0.04296875
0 0.646484375 0.439453125 0.041015625 0.041015625
0 0.98046875 0.412109375 0.041015625 0.041015625
0 0.763671875 0.33984375 0.0390625 0.0390625
0 0.62109375 0.94140625 0.0390625 0.0390625
0 0.72265625 0.162109375 0.0390625 0.0390625
0 0.29296875 0.173828125 0.037109375 0.037109375
0 0.517578125 0.8671875 0.03515625 0.03515625
0 0.62890625 0.494140625 0.03515625 0.03515625
0 0.7578125 0.255859375 0.03125 0.03125
0 0.193359375 0.494140625 0.03125 0.03125
0 0.85546875 0.515625 0.03125 0.03125
0 0.865234375 0.240234375 0.02734375 0.02734375
0 0.4375 0.994140625 0.02734375 0.02734375
0 0.818359375 0.4765625 0.025390625 0.025390625
