0 0.5546875 0.078125 0.169921875 0.169921875
0 0.931640625 0.36328125 0.125 0.125
0 0.572265625 0.56640625 0.10546875 0.10546875
0 0.6640625 0.166015625 0.099609375 0.099609375
0 0.494140625 0.625 0.09375 0.09375
0 0.22265625 0.201171875 0.080078125 0.080078125
0 0.943359375 0.681640625 0.060546875 0.060546875
0 0.990234375 0.412109375 0.052734375 0.052734375
0 0.873046875 0.0859375 0.046875 0.046875
0 0.076171875 0.349609375 0.04296875 0.04296875
0 0.47265625 0.67578125 0.03125 0.03125
0 0.16015625 0.654296875 0.03125 0.03125
0 0.94140625 0.548828125 0.03125 0.03125
0 0.89453125 0.40234375 0.029296875 0.029296875
0 0.8046875 0.265625 0.02734375 0.02734375
0 0.61328125 0.107421875 0.025390625 0.025390625
