0 0.93359375 0.056640625 0.232421875 0.232421875
0 0.63671875 0.22265625 0.056640625 0.056640625
0 0.203125 0.04296875 0.0546875 0.0546875
0 0.6484375 0.16015625 0.048828125 0.048828125
0 0.703125 0.013671875 0.041015625 0.041015625
0 0.537109375 0.033203125 0.03125 0.03125
0 0.994140625 0.724609375 0.216796875 0.216796875
0 0.294921875 0.572265625 0.146484375 0.146484375
0 0.34375 0.517578125 0.13671875 0.13671875
0 0.603515625 0.390625 0.10546875 0.10546875
0 0.248046875 0.8125 0.099609375 0.099609375
0 0.412109375 0.828125 0.0703125 0.0703125
0 0.39453125 0.666015625 0.052734375 0.052734375
0 0.544921875 0.984375 0.05078125 0.05078125
0 0.37109375 0.5078125 0.05078125 0.05078125
0 0.76953125 0.703125 0.048828125 0.048828125
0 0.791015625 0.92578125 0.048828125 0.048828125
0 0.033203125 0.333984375 0.041015625 0.041015625
0 0.9296875 0.57421875 0.029296875 0.029296875
0 0.994140625 0.826171875 0.025390625 0.025390625
