0 0.916015625 0.568359375 0.396484375 0.396484375
0 0.16796875 0.224609375 0.197265625 0.197265625
0 0.31640625 0.05078125 0.080078125 0.080078125
0 0.578125 0.947265625 0.080078125 0.080078125
0 0.025390625 0.81640625 0.068359375 0.068359375
0 0.294921875 0.28125 0.06640625 0.06640625
0 0.419921875 0.37109375 0.05859375 0.05859375
0 0.18359375 0.564453125 0.04296875 0.04296875
0 0.1640625 0.78515625 0.037109375 0.037109375
0 0.595703125 0.88671875 0.037109375 0.037109375
0 0.259765625 0.14453125 0.03515625 0.03515625
0 0.228515625 0.5 0.033203125 0.033203125
0 0.0234375 0.9296875 0.03125 0.03125
0 0.03125 0.85546875 0.029296875 0.029296875
0 0.037109375 0.470703125 0.029296875 0.029296875
0 0.029296875 0.150390625 0.025390625 0.025390625
0 0.361328125 0.716796875 0.025390625 0.025390625
