0 0.369140625 0.73046875 0.171875 0.171875
0 0.83984375 0.828125 0.154296875 0.154296875
0 0.494140625 0.38671875 0.150390625 0.150390625
0 0.91796875 0.345703125 0.115234375 0.115234375
0 0.5 0.458984375 0.080078125 0.080078125
0 0.89453125 0.033203125 0.078125 0.078125
0 0.37890625 0.8515625 0.068359375 0.068359375
0 0.650390625 0.8046875 0.06640625 0.06640625
0 0.6796875 0.84765625 0.064453125 0.064453125
0 0.05078125 0.888671875 0.060546875 0.060546875
0 0.591796875 0.025390625 0.05859375 0.05859375
0 0.703125 0.89453125 0.0546875 0.0546875
0 0.255859375 0.369140625 0.0546875 0.0546875
0 0.3671875 0.3359375 0.048828125 0.048828125
0 0.169921875 0.53125 0.046875 0.046875
0 0.666015625 0.42578125 0.044921875 0.044921875
0 0.146484375 0.95703125 0.04296875 0.04296875
0 0.55078125 0.669921875 0.04296875 0.04296875
0 0.70703125 0.642578125 0.04296875 0.04296875
0 0.5390625 0.642578125 0.04296875 0.04296875
0 0.630859375 0.65234375 0.03125 0.03125
0 0.103515625 0.986328125 0.03125 0.03125
0 0.189453125 0.779296875 0.03125 0.03125
0 0.0546875 0.953125 0.029296875 0.029296875
