0 0.70703125 0.50390625 0.208984375 0.208984375
0 0.021484375 0.84765625 0.130859375 0.130859375
0 0.984375 0.947265625 0.130859375 0.130859375
0 0.716796875 0.81640625 0.119140625 0.119140625
0 0.080078125 0.76953125 0.109375 0.109375
0 0.498046875 0.732421875 0.103515625 0.103515625
0 0.458984375 0.947265625 0.076171875 0.076171875
0 0.953125 0.681640625 0.072265625 0.072265625
0 0.72265625 0.751953125 0.072265625 0.072265625
0 0.61328125 0.31640625 0.068359375 0.068359375
0 0.125 0.53125 0.068359375 0.068359375
0 0.88671875 0.58203125 0.06640625 0.06640625
0 0.6015625 0.603515625 0.06640625 0.06640625
0 0.2109375 0.015625 0.064453125 0.064453125
0 0.94921875 0.654296875 0.05859375 0.05859375
0 0.330078125 0.869140625 0.048828125 0.048828125
0 0.33984375 0.427734375 0.046875 0.046875
0 0.724609375 0.140625 0.041015625 0.041015625
0 0.861328125 0.16015625 0.0390625 0.0390625
0 0.3359375 0.626953125 0.037109375 0.037109375
0 0.5390625 0.068359375 0.033203125 0.033203125
0 0.005859375 0.318359375 0.033203125 0.033203125
0 0.349609375 0.923828125 0.029296875 0.029296875
0 0.107421875 0.810546875 0.02734375 0.02734375
0 0.8515625 0.607421875 0.02734375 0.02734375
0 0.46484375 0.642578125 0.02734375 0.02734375
0 0.0546875 0.330078125 0.02734375 0.02734375
0 0.921875 0.580078125 0.02734375 0.02734375
0 0.1875 0.95703125 0.025390625 0.025390625
0 0.455078125 0.0234375 0.025390625 0.025390625
0 0.56640625 0.0234375 0.025390625 0.025390625
