0 0.53125 0.509765625 0.236328125 0.236328125
0 0.849609375 0.3046875 0.208984375 0.208984375
0 0.861328125 0.787109375 0.12890625 0.12890625
0 0.912109375 0.357421875 0.125 0.125
0 0.990234375 0.150390625 0.103515625 0.103515625
0 0.533203125 0.283203125 0.095703125 0.095703125
0 0.771484375 0.90625 0.09375 0.09375
0 0.814453125 0.01953125 0.09375 0.09375
0 0.75390625 0.2734375 0.0703125 0.0703125
0 0.14453125 0.119140625 0.060546875 0.060546875
0 0.81640625 0.837890625 0.056640625 0.056640625
0 0.744140625 0.546875 0.044921875 0.044921875
0 0.775390625 0.03515625 0.04296875 0.04296875
0 0.076171875 0.59765625 0.037109375 0.037109375
0 0.404296875 0.30078125 0.037109375 0.037109375
0 0.583984375 0.21875 0.033203125 0.033203125
0 0.484375 0.798828125 0.03125 0.03125
0 0.9765625 0.658203125 0.03125 0.03125
0 0.611328125 0.23828125 0.029296875 0.029296875
0 0.46875 0.41015625 0.02734375 0.02734375
0 0.359375 0.345703125 0.02734375 0.02734375
0 0.205078125 0.544921875 0.025390625 0.025390625
