0 0.33984375 0.412109375 0.15234375 0.15234375
0 0.283203125 0.248046875 0.14453125 0.14453125
0 0.244140625 0.134765625 0.13671875 0.13671875
0 0.51953125 0.5234375 0.130859375 0.130859375
0 0.767578125 0.96875 0.125 0.125
0 0.544921875 0.62890625 0.111328125 0.111328125
0 0.2265625 0.36328125 0.10546875 0.10546875
0 0.869140625 0.41015625 0.103515625 0.103515625
0 0.623046875 0.150390625 0.099609375 0.099609375
0 0.599609375 0.431640625 0.09375 0.09375
0 0.111328125 0.953125 0.0859375 0.0859375
0 0.646484375 0.083984375 0.07421875 0.07421875
0 0.685546875 0.98046875 0.072265625 0.072265625
0 0.46875 0.15625 0.0703125 0.0703125
0 0.7265625 0.318359375 0.068359375 0.068359375
0 0.98828125 0.955078125 0.068359375 0.068359375
0 0.7578125 0.353515625 0.0625 0.0625
0 0.12109375 0.212890625 0.056640625 0.056640625
0 0.875 0.228515625 0.056640625 0.056640625
0 0.021484375 0.025390625 0.0546875 0.0546875
0 0.060546875 0.208984375 0.052734375 0.052734375
0 0.0546875 0.017578125 0.048828125 0.048828125
0 0.01171875 0.369140625 0.046875 0.046875
0 0.904296875 0.86328125 0.046875 0.046875
0 0.888671875 0.89453125 0.044921875 0.044921875
0 0.19921875 0.201171875 0.04296875 0.04296875
0 0.103515625 0.19140625 0.041015625 0.041015625
0 0.12890625 0.291015625 0.0390625 0.0390625
0 0.001953125 0.658203125 0.033203125 0.033203125
0 0.080078125 0.62890625 0.03125 0.03125
0 0.390625 0.482421875 0.03125 0.03125
0 0.20703125 0.513671875 0.03125 0.03125
0 0.880859375 0.775390625 0.03125 0.03125
0 0.150390625 0.408203125 0.029296875 0.029296875
0 0.41015625 0.291015625 0.029296875 0.029296875
0 0.474609375 0.478515625 0.029296875 0.029296875
0 0.67578125 0.068359375 0.025390625 0.025390625
0 0.498046875 0.21875 0.025390625 0.025390625
0 0.888671875 0.609375 0.025390625 0.025390625
0 0.41796875 0.5703125 0.025390625 0.025390625
