0 0.40234375 0.66015625 0.53125 0.53125
0 0.0390625 0.7109375 0.40625 0.40625
0 0.240234375 0.08203125 0.16796875 0.16796875
0 0.423828125 0.595703125 0.142578125 0.142578125
0 0.548828125 0.2578125 0.119140625 0.119140625
0 0.205078125 0.3359375 0.111328125 0.111328125
0 0.09765625 0.068359375 0.107421875 0.107421875
0 0.408203125 0.52734375 0.10546875 0.10546875
0 0.6875 0.37109375 0.091796875 0.091796875
0 0.482421875 0.501953125 0.091796875 0.091796875
0 0.90234375 0.296875 0.087890625 0.087890625
0 0.375 0.76953125 0.07421875 0.07421875
0 0.79296875 0.591796875 0.064453125 0.064453125
0 0.771484375 0.349609375 0.060546875 0.060546875
0 0.814453125 0.1796875 0.05859375 0.05859375
0 0.3828125 0.44140625 0.056640625 0.056640625
0 0.642578125 0.3125 0.056640625 0.056640625
0 0.453125 0.21875 0.0546875 0.0546875
0 0.689453125 0.19140625 0.0546875 0.0546875
0 0.919921875 0.2421875 0.05078125 0.05078125
0 0.19140625 0.83984375 0.044921875 0.044921875
0 0.015625 0.046875 0.044921875 0.044921875
0 0.044921875 0.83203125 0.041015625 0.041015625
0 0.0 0.265625 0.041015625 0.041015625
0 0.095703125 0.41015625 0.041015625 0.041015625
0 0.73046875 0.5546875 0.0390625 0.0390625
0 0.25390625 0.3359375 0.037109375 0.037109375
0 0.87109375 0.060546875 0.037109375 0.037109375
0 0.498046875 0.748046875 0.037109375 0.037109375
0 0.115234375 0.203125 0.03515625 0.03515625
0 0.716796875 0.611328125 0.03515625 0.03515625
0 0.904296875 0.08203125 0.03125 0.03125
0 0.751953125 0.529296875 0.03125 0.03125
0 0.005859375 0.1640625 0.02734375 0.02734375
0 0.9375 0.541015625 0.02734375 0.02734375
0 0.0703125 0.03125 0.02734375 0.02734375
0 0.888671875 0.546875 0.025390625 0.025390625
0 0.681640625 0.01953125 0.025390625 0.025390625
0 0.494140625 0.69140625 0.025390625 0.025390625
0 0.751953125 0.859375 0.025390625 0.025390625
