0 0.478515625 0.486328125 0.142578125 0.142578125
0 0.978515625 0.658203125 0.091796875 0.091796875
0 0.7890625 0.8359375 0.08203125 0.08203125
0 0.75390625 0.697265625 0.072265625 0.072265625
0 0.009765625 0.564453125 0.064453125 0.064453125
0 0.826171875 0.923828125 0.05078125 0.05078125
0 0.669921875 0.791015625 0.048828125 0.048828125
0 0.853515625 0.638671875 0.046875 0.046875
0 0.857421875 0.703125 0.046875 0.046875
0 0.833984375 0.4765625 0.04296875 0.04296875
0 0.068359375 0.904296875 0.04296875 0.04296875
0 0.9453125 0.697265625 0.0390625 0.0390625
0 0.77734375 0.783203125 0.03515625 0.03515625
0 0.935546875 0.79296875 0.03515625 0.03515625
0 0.90625 0.890625 0.03515625 0.03515625
0 0.71484375 0.43359375 0.02734375 0.02734375
