0 0.623046875 0.2265625 0.064453125 0.064453125
0 0.416015625 0.94921875 0.34765625 0.34765625
0 0.423828125 0.599609375 0.228515625 0.228515625
0 0.619140625 0.7890625 0.09765625 0.09765625
0 0.671875 0.96875 0.0703125 0.0703125
0 0.572265625 0.8125 0.056640625 0.056640625
0 0.025390625 0.37890625 0.052734375 0.052734375
0 0.45703125 0.37890625 0.048828125 0.048828125
0 0.623046875 0.830078125 0.046875 0.046875
0 0.734375 0.5625 0.03515625 0.03515625
0 0.62890625 0.728515625 0.03515625 0.03515625
0 0.69921875 0.8203125 0.033203125 0.033203125
0 0.66015625 0.86328125 0.033203125 0.033203125
0 0.630859375 0.869140625 0.03125 0.03125
