0 0.931640625 0.634765625 0.130859375 0.130859375
0 0.814453125 0.84765625 0.087890625 0.087890625
0 0.111328125 0.302734375 0.08203125 0.08203125
0 0.28125 0.71484375 0.078125 0.078125
0 0.814453125 0.77734375 0.076171875 0.076171875
0 0.619140625 0.84375 0.076171875 0.076171875
0 0.6640625 0.05859375 0.072265625 0.072265625
0 0.509765625 0.060546875 0.05859375 0.05859375
0 0.7890625 0.2421875 0.0546875 0.0546875
0 0.462890625 0.052734375 0.046875 0.046875
0 0.296875 0.072265625 0.046875 0.046875
0 0.82421875 0.115234375 0.044921875 0.044921875
0 0.93359375 0.912109375 0.04296875 0.04296875
0 0.625 0.4296875 0.0390625 0.0390625
0 0.1484375 0.66796875 0.037109375 0.037109375
0 0.86328125 0.12109375 0.037109375 0.037109375
0 0.775390625 0.283203125 0.03125 0.03125
0 0.39453125 0.759765625 0.03125 0.03125
0 0.962890625 0.001953125 0.03125 0.03125
0 0.947265625 0.11328125 0.029296875 0.029296875
0 0.689453125 0.53125 0.029296875 0.029296875
