0 0.810546875 0.326171875 0.18359375 0.18359375
0 0.353515625 0.857421875 0.169921875 0.169921875
0 0.013671875 0.046875 0.169921875 0.169921875
0 0.908203125 0.9140625 0.1484375 0.1484375
0 0.01171875 0.91015625 0.130859375 0.130859375
0 0.189453125 0.369140625 0.109375 0.109375
0 0.41796875 0.44140625 0.1015625 0.1015625
0 0.85546875 0.880859375 0.099609375 0.099609375
0 0.650390625 0.7109375 0.09765625 0.09765625
0 0.083984375 0.826171875 0.083984375 0.083984375
0 0.080078125 0.693359375 0.08203125 0.08203125
0 0.5703125 0.197265625 0.072265625 0.072265625
0 0.9453125 0.810546875 0.0703125 0.0703125
0 0.9453125 0.056640625 0.0703125 0.0703125
0 0.0390625 0.96484375 0.064453125 0.064453125
0 0.3125 0.630859375 0.064453125 0.064453125
0 0.53125 0.607421875 0.064453125 0.064453125
0 0.37109375 0.32421875 0.060546875 0.060546875
0 0.306640625 0.279296875 0.060546875 0.060546875
0 0.955078125 0.98046875 0.05859375 0.05859375
0 0.1953125 0.501953125 0.056640625 0.056640625
0 0.00390625 0.509765625 0.056640625 0.056640625
0 0.1171875 0.69921875 0.056640625 0.056640625
0 0.6640625 0.888671875 0.0546875 0.0546875
0 0.87890625 0.0234375 0.052734375 0.052734375
0 0.31640625 0.455078125 0.05078125 0.05078125
0 0.630859375 0.83984375 0.05078125 0.05078125
0 0.119140625 0.66796875 0.044921875 0.044921875
0 0.830078125 0.341796875 0.044921875 0.044921875
0 0.1484375 0.228515625 0.044921875 0.044921875
0 0.6171875 0.390625 0.044921875 0.044921875
0 0.79296875 0.060546875 0.04296875 0.04296875
0 0.01171875 0.98046875 0.04296875 0.04296875
0 0.177734375 0.73828125 0.0390625 0.0390625
0 0.712890625 0.341796875 0.0390625 0.0390625
0 0.25390625 0.697265625 0.037109375 0.037109375
0 0.49609375 0.87890625 0.037109375 0.037109375
0 0.826171875 0.12890625 0.037109375 0.037109375
0 0.55078125 0.97265625 0.033203125 0.033203125
0 0.3359375 0.20703125 0.033203125 0.033203125
0 0.21484375 0.5625 0.03125 0.03125
0 0.48828125 0.40625 0.03125 0.03125
0 0.08984375 0.607421875 0.03125 0.03125
0 0.421875 0.72265625 0.029296875 0.029296875
0 0.169921875 0.25 0.029296875 0.029296875
0 0.720703125 0.931640625 0.029296875 0.029296875
0 0.689453125 0.109375 0.02734375 0.02734375
0 0.0859375 0.341796875 0.02734375 0.02734375
0 0.357421875 0.734375 0.02734375 0.02734375
0 0.41015625 0.228515625 0.02734375 0.02734375
0 0.8984375 0.2578125 0.02734375 0.02734375
0 0.173828125 0.66796875 0.02734375 0.02734375
0 0.56640625 0.611328125 0.025390625 0.025390625
0 0.890625 0.19921875 0.025390625 0.025390625
