0 0.50390625 0.134765625 0.236328125 0.236328125
0 0.642578125 0.240234375 0.201171875 0.201171875
0 0.6796875 0.984375 0.162109375 0.162109375
0 0.81640625 0.111328125 0.134765625 0.134765625
0 0.3984375 0.640625 0.1171875 0.1171875
0 0.728515625 0.099609375 0.11328125 0.11328125
0 0.853515625 0.55078125 0.107421875 0.107421875
0 0.8984375 0.41796875 0.1015625 0.1015625
0 0.296875 0.810546875 0.099609375 0.099609375
0 0.12890625 0.314453125 0.09765625 0.09765625
0 0.787109375 0.529296875 0.095703125 0.095703125
0 0.93359375 0.6015625 0.09375 0.09375
0 0.068359375 0.45703125 0.08984375 0.08984375
0 0.015625 0.142578125 0.087890625 0.087890625
0 0.271484375 0.462890625 0.0859375 0.0859375
0 0.28125 0.361328125 0.0859375 0.0859375
0 0.49609375 0.865234375 0.08203125 0.08203125
0 0.111328125 0.76171875 0.08203125 0.08203125
0 0.11328125 0.87890625 0.078125 0.078125
0 0.494140625 0.427734375 0.068359375 0.068359375
0 0.34375 0.28515625 0.0625 0.0625
0 0.716796875 0.736328125 0.056640625 0.056640625
0 0.48828125 0.48828125 0.0546875 0.0546875
0 0.85546875 0.75390625 0.05078125 0.05078125
0 0.046875 0.189453125 0.046875 0.046875
0 0.783203125 0.0546875 0.046875 0.046875
0 0.703125 0.48046875 0.041015625 0.041015625
0 0.498046875 0.34765625 0.041015625 0.041015625
0 0.02734375 0.333984375 0.0390625 0.0390625
0 0.6484375 0.072265625 0.0390625 0.0390625
0 0.189453125 0.34375 0.0390625 0.0390625
0 0.498046875 0.7890625 0.037109375 0.037109375
0 0.46875 0.908203125 0.03515625 0.03515625
0 0.4140625 0.37890625 0.033203125 0.033203125
0 0.783203125 0.220703125 0.033203125 0.033203125
0 0.208984375 0.64453125 0.03125 0.03125
0 0.0 0.103515625 0.029296875 0.029296875
0 0.013671875 0.359375 0.029296875 0.029296875
0 0.91796875 0.125 0.029296875 0.029296875
0 0.220703125 0.740234375 0.025390625 0.025390625
