0 0.9453125 0.005859375 0.337890625 0.337890625
0 0.228515625 0.9609375 0.236328125 0.236328125
0 0.931640625 0.640625 0.216796875 0.216796875
0 0.626953125 0.111328125 0.162109375 0.162109375
0 0.5859375 0.658203125 0.150390625 0.150390625
0 0.7265625 0.236328125 0.14453125 0.14453125
0 0.44140625 0.353515625 0.138671875 0.138671875
0 0.568359375 0.501953125 0.1171875 0.1171875
0 0.873046875 0.77734375 0.115234375 0.115234375
0 0.44140625 0.482421875 0.099609375 0.099609375
0 0.88671875 0.45703125 0.0703125 0.0703125
0 0.5859375 0.14453125 0.068359375 0.068359375
0 0.2265625 0.416015625 0.06640625 0.06640625
0 0.431640625 0.568359375 0.064453125 0.064453125
0 0.212890625 0.53515625 0.0625 0.0625
0 0.630859375 0.552734375 0.0625 0.0625
0 0.11328125 0.337890625 0.056640625 0.056640625
0 0.96484375 0.0546875 0.0546875 0.0546875
0 0.853515625 0.259765625 0.0546875 0.0546875
0 0.0234375 0.5625 0.0546875 0.0546875
0 0.080078125 0.76171875 0.048828125 0.048828125
0 0.52734375 0.697265625 0.048828125 0.048828125
0 0.111328125 0.080078125 0.046875 0.046875
0 0.8671875 0.857421875 0.044921875 0.044921875
0 0.798828125 0.38671875 0.041015625 0.041015625
0 0.494140625 0.087890625 0.0390625 0.0390625
0 0.69921875 0.15234375 0.037109375 0.037109375
0 0.119140625 0.779296875 0.03515625 0.03515625
0 0.58203125 0.677734375 0.03515625 0.03515625
0 0.103515625 0.255859375 0.033203125 0.033203125
0 0.55859375 0.576171875 0.033203125 0.033203125
0 0.078125 0.779296875 0.029296875 0.029296875
0 0.169921875 0.482421875 0.029296875 0.029296875
0 0.6796875 0.365234375 0.02734375 0.02734375
0 0.662109375 0.513671875 0.02734375 0.02734375
0 0.74609375 0.427734375 0.02734375 0.02734375
0 0.337890625 0.16015625 0.02734375 0.02734375
