0 0.072265625 0.634765625 0.38671875 0.38671875
0 0.927734375 0.296875 0.228515625 0.228515625
0 0.306640625 0.634765625 0.142578125 0.142578125
0 0.736328125 0.626953125 0.134765625 0.134765625
0 0.7578125 0.16015625 0.115234375 0.115234375
0 0.263671875 0.630859375 0.095703125 0.095703125
0 0.59375 0.44921875 0.091796875 0.091796875
0 0.310546875 0.453125 0.08984375 0.08984375
0 0.15625 0.513671875 0.087890625 0.087890625
0 0.494140625 0.65234375 0.083984375 0.083984375
0 0.14453125 0.453125 0.080078125 0.080078125
0 0.603515625 0.5078125 0.078125 0.078125
0 0.458984375 0.443359375 0.078125 0.078125
0 0.6484375 0.134765625 0.0703125 0.0703125
0 0.63671875 0.31640625 0.0703125 0.0703125
0 0.1640625 0.134765625 0.06640625 0.06640625
0 0.435546875 0.9296875 0.064453125 0.064453125
0 0.6796875 0.23046875 0.060546875 0.060546875
0 0.203125 0.357421875 0.05859375 0.05859375
0 0.716796875 0.80078125 0.0546875 0.0546875
0 0.5 0.591796875 0.044921875 0.044921875
0 0.703125 0.482421875 0.044921875 0.044921875
0 0.1484375 0.34765625 0.041015625 0.041015625
0 0.970703125 0.66015625 0.041015625 0.041015625
0 0.322265625 0.0390625 0.041015625 0.041015625
0 0.830078125 0.669921875 0.033203125 0.033203125
0 0.931640625 0.830078125 0.033203125 0.033203125
0 0.193359375 0.814453125 0.033203125 0.033203125
0 0.29296875 0.412109375 0.033203125 0.033203125
0 0.537109375 0.619140625 0.03125 0.03125
0 0.595703125 0.318359375 0.029296875 0.029296875
0 0.3125 0.189453125 0.02734375 0.02734375
0 0.935546875 0.65234375 0.02734375 0.02734375
0 0.86328125 0.091796875 0.025390625 0.025390625
0 0.771484375 0.1171875 0.025390625 0.025390625
0 0.34765625 0.97265625 0.025390625 0.025390625
