0 0.638671875 0.068359375 0.33984375 0.33984375
0 0.033203125 0.041015625 0.21875 0.21875
0 0.2265625 0.2421875 0.20703125 0.20703125
0 0.10546875 0.4609375 0.18359375 0.18359375
0 0.287109375 0.61328125 0.181640625 0.181640625
0 0.298828125 0.197265625 0.162109375 0.162109375
0 0.3359375 0.224609375 0.109375 0.109375
0 0.515625 0.2578125 0.10546875 0.10546875
0 0.986328125 0.361328125 0.103515625 0.103515625
0 0.296875 0.91796875 0.09375 0.09375
0 0.62109375 0.376953125 0.087890625 0.087890625
0 0.185546875 0.525390625 0.0859375 0.0859375
0 0.669921875 0.134765625 0.080078125 0.080078125
0 0.279296875 0.888671875 0.080078125 0.080078125
0 0.580078125 0.970703125 0.05859375 0.05859375
0 0.140625 0.857421875 0.052734375 0.052734375
0 0.126953125 0.07421875 0.048828125 0.048828125
0 0.078125 0.697265625 0.046875 0.046875
0 0.087890625 0.626953125 0.041015625 0.041015625
0 0.8671875 0.8515625 0.041015625 0.041015625
0 0.263671875 0.404296875 0.0390625 0.0390625
0 0.259765625 0.341796875 0.037109375 0.037109375
0 0.34375 0.9453125 0.037109375 0.037109375
0 0.515625 0.7734375 0.03515625 0.03515625
0 0.533203125 0.92578125 0.033203125 0.033203125
0 0.28515625 0.791015625 0.03125 0.03125
0 0.05078125 0.970703125 0.03125 0.03125
0 0.6875 0.923828125 0.03125 0.03125
0 0.017578125 0.259765625 0.025390625 0.025390625
