0 0.5859375 0.91015625 0.275390625 0.275390625
0 0.318359375 0.5390625 0.16015625 0.16015625
0 0.0546875 0.982421875 0.154296875 0.154296875
0 0.427734375 0.984375 0.154296875 0.154296875
0 0.482421875 0.3828125 0.13671875 0.13671875
0 0.939453125 0.666015625 0.123046875 0.123046875
0 0.31640625 0.841796875 0.12109375 0.12109375
0 0.53515625 0.796875 0.107421875 0.107421875
0 0.63671875 0.59765625 0.09375 0.09375
0 0.279296875 0.66015625 0.08984375 0.08984375
0 0.138671875 0.513671875 0.08203125 0.08203125
0 0.685546875 0.0703125 0.078125 0.078125
0 0.373046875 0.02734375 0.0625 0.0625
0 0.1875 0.396484375 0.0625 0.0625
0 0.529296875 0.53515625 0.056640625 0.056640625
0 0.587890625 0.09375 0.0546875 0.0546875
0 0.693359375 0.177734375 0.052734375 0.052734375
0 0.2890625 0.521484375 0.052734375 0.052734375
0 0.447265625 0.599609375 0.048828125 0.048828125
0 0.5390625 0.9140625 0.048828125 0.048828125
0 0.251953125 0.37109375 0.048828125 0.048828125
0 0.28125 0.921875 0.046875 0.046875
0 0.2734375 0.119140625 0.046875 0.046875
0 0.607421875 0.7578125 0.04296875 0.04296875
0 0.83984375 0.87109375 0.041015625 0.041015625
0 0.400390625 0.173828125 0.03515625 0.03515625
0 0.771484375 0.74609375 0.03515625 0.03515625
0 0.748046875 0.138671875 0.033203125 0.033203125
0 0.267578125 0.02734375 0.03125 0.03125
0 0.150390625 0.263671875 0.03125 0.03125
0 0.833984375 0.33203125 0.03125 0.03125
0 0.99609375 0.525390625 0.03125 0.03125
0 0.724609375 0.685546875 0.029296875 0.029296875
0 0.466796875 0.220703125 0.029296875 0.029296875
0 0.853515625 0.048828125 0.029296875 0.029296875
0 0.994140625 0.87890625 0.02734375 0.02734375
0 0.8984375 0.9609375 0.02734375 0.02734375
0 0.435546875 0.08203125 0.02734375 0.02734375
0 0.84375 0.72265625 0.02734375 0.02734375
0 0.359375 0.134765625 0.025390625 0.025390625
0 0.650390625 0.3046875 0.025390625 0.025390625
0 0.154296875 0.314453125 0.025390625 0.025390625
