0 0.0078125 0.36328125 0.14453125 0.14453125
0 0.37109375 0.4921875 0.083984375 0.083984375
0 0.4765625 0.81640625 0.052734375 0.052734375
0 0.447265625 0.763671875 0.048828125 0.048828125
0 0.01171875 0.748046875 0.046875 0.046875
0 0.857421875 0.560546875 0.044921875 0.044921875
0 0.306640625 0.564453125 0.04296875 0.04296875
0 0.921875 0.134765625 0.03515625 0.03515625
0 0.181640625 0.7578125 0.033203125 0.033203125
0 0.603515625 0.890625 0.03125 0.03125
0 0.62109375 0.62109375 0.03125 0.03125
0 0.068359375 0.677734375 0.029296875 0.029296875
0 0.525390625 0.27734375 0.02734375 0.02734375
0 0.0625 0.443359375 0.02734375 0.02734375
0 0.7578125 0.97265625 0.025390625 0.025390625
