0 0.7734375 0.642578125 0.177734375 0.177734375
0 0.22265625 0.8359375 0.1328125 0.1328125
0 0.40625 0.841796875 0.10546875 0.10546875
0 0.55078125 0.283203125 0.10546875 0.10546875
0 0.396484375 0.337890625 0.10546875 0.10546875
0 0.1953125 0.677734375 0.087890625 0.087890625
0 0.029296875 0.771484375 0.0859375 0.0859375
0 0.306640625 0.779296875 0.080078125 0.080078125
0 0.828125 0.208984375 0.0625 0.0625
0 0.552734375 0.376953125 0.0625 0.0625
0 0.83203125 0.91796875 0.0546875 0.0546875
0 0.400390625 0.91796875 0.0546875 0.0546875
0 0.8671875 0.673828125 0.05078125 0.05078125
0 0.28125 0.630859375 0.05078125 0.05078125
0 0.205078125 0.28515625 0.046875 0.046875
0 0.109375 0.0078125 0.044921875 0.044921875
0 0.484375 0.01953125 0.044921875 0.044921875
0 0.2265625 0.08203125 0.04296875 0.04296875
0 0.07421875 0.7109375 0.04296875 0.04296875
0 0.392578125 0.76953125 0.041015625 0.041015625
0 0.42578125 0.451171875 0.041015625 0.041015625
0 0.123046875 0.958984375 0.041015625 0.041015625
0 0.056640625 0.099609375 0.0390625 0.0390625
0 0.79296875 0.3828125 0.037109375 0.037109375
0 0.072265625 0.81640625 0.037109375 0.037109375
0 0.6328125 0.67578125 0.03515625 0.03515625
0 0.142578125 0.51171875 0.03515625 0.03515625
0 0.091796875 0.029296875 0.03515625 0.03515625
0 0.048828125 0.70703125 0.033203125 0.033203125
0 0.302734375 0.337890625 0.033203125 0.033203125
0 0.21875 0.712890625 0.03125 0.03125
0 0.15625 0.89453125 0.03125 0.03125
0 0.466796875 0.5078125 0.029296875 0.029296875
0 0.580078125 0.3984375 0.029296875 0.029296875
0 0.193359375 0.9609375 0.02734375 0.02734375
0 0.583984375 0.541015625 0.025390625 0.025390625
0 0.107421875 0.634765625 0.025390625 0.025390625
