0 0.046875 0.171875 0.138671875 0.138671875
0 0.544921875 0.0703125 0.125 0.125
0 0.755859375 0.091796875 0.080078125 0.080078125
0 0.0703125 0.01953125 0.06640625 0.06640625
0 0.853515625 0.298828125 0.064453125 0.064453125
0 0.060546875 0.23828125 0.046875 0.046875
0 0.685546875 0.234375 0.046875 0.046875
0 0.857421875 0.115234375 0.04296875 0.04296875
0 0.603515625 0.1875 0.04296875 0.04296875
0 0.84375 0.033203125 0.04296875 0.04296875
0 0.662109375 0.19921875 0.041015625 0.041015625
0 0.322265625 0.30859375 0.03515625 0.03515625
0 0.978515625 0.021484375 0.033203125 0.033203125
0 0.685546875 0.130859375 0.033203125 0.033203125
0 0.1484375 0.283203125 0.029296875 0.029296875
0 0.712890625 0.171875 0.029296875 0.029296875
0 0.755859375 0.138671875 0.02734375 0.02734375
0 0.51953125 0.3828125 0.234375 0.234375
0 0.25390625 0.9609375 0.212890625 0.212890625
0 0.962890625 0.3671875 0.19921875 0.19921875
0 0.359375 0.701171875 0.181640625 0.181640625
0 0.79296875 0.580078125 0.17578125 0.17578125
0 0.1328125 0.7109375 0.150390625 0.150390625
0 0.798828125 0.701171875 0.142578125 0.142578125
0 0.080078125 0.8515625 0.126953125 0.126953125
0 0.84765625 0.970703125 0.103515625 0.103515625
0 0.373046875 0.8203125 0.095703125 0.095703125
0 0.912109375 0.8828125 0.078125 0.078125
0 0.93359375 0.60546875 0.07421875 0.07421875
0 0.53515625 0.8359375 0.0703125 0.0703125
0 0.544921875 0.52734375 0.068359375 0.068359375
0 0.724609375 0.4609375 0.0546875 0.0546875
0 0.390625 0.921875 0.04296875 0.04296875
0 0.51953125 0.67578125 0.04296875 0.04296875
0 0.466796875 0.72265625 0.04296875 0.04296875
0 0.5703125 0.98046875 0.033203125 0.033203125
0 0.150390625 0.8671875 0.03125 0.03125
0 0.87109375 0.771484375 0.03125 0.03125
0 0.197265625 0.875 0.02734375 0.02734375
0 0.919921875 0.744140625 0.025390625 0.025390625
0 0.962890625 0.52734375 0.025390625 0.025390625
0 0.681640625 0.5625 0.025390625 0.025390625
