0 0.09375 0.818359375 0.279296875 0.279296875
0 0.91015625 0.484375 0.109375 0.109375
0 0.857421875 0.376953125 0.10546875 0.10546875
0 0.779296875 0.02734375 0.08203125 0.08203125
0 0.828125 0.685546875 0.05859375 0.05859375
0 0.49609375 0.01171875 0.05859375 0.05859375
0 0.833984375 0.509765625 0.056640625 0.056640625
0 0.7890625 0.55859375 0.0390625 0.0390625
0 0.576171875 0.71484375 0.0390625 0.0390625
0 0.095703125 0.396484375 0.03515625 0.03515625
0 0.154296875 0.0 0.033203125 0.033203125
0 0.19921875 0.685546875 0.033203125 0.033203125
0 0.427734375 0.681640625 0.033203125 0.033203125
0 0.044921875 0.408203125 0.03125 0.03125
0 0.900390625 0.75 0.03125 0.03125
0 0.724609375 0.029296875 0.02734375 0.02734375
0 0.423828125 0.546875 0.02734375 0.02734375
0 0.1953125 0.375 0.02734375 0.02734375
0 0.537109375 0.833984375 0.02734375 0.02734375
0 0.69921875 0.1875 0.025390625 0.025390625
