0 0.59765625 0.38671875 0.2109375 0.2109375
0 0.439453125 0.767578125 0.1640625 0.1640625
0 0.27734375 0.9609375 0.16015625 0.16015625
0 0.685546875 0.97265625 0.15234375 0.15234375
0 0.5390625 0.05078125 0.14453125 0.14453125
0 0.392578125 0.439453125 0.130859375 0.130859375
0 0.494140625 0.16796875 0.125 0.125
0 0.20703125 0.40234375 0.111328125 0.111328125
0 0.54296875 0.521484375 0.111328125 0.111328125
0 0.78125 0.4921875 0.1015625 0.1015625
0 0.208984375 0.31640625 0.099609375 0.099609375
0 0.7421875 0.767578125 0.087890625 0.087890625
0 0.853515625 0.4140625 0.0859375 0.0859375
0 0.8828125 0.763671875 0.076171875 0.076171875
0 0.208984375 0.287109375 0.072265625 0.072265625
0 0.3515625 0.298828125 0.064453125 0.064453125
0 0.22265625 0.4296875 0.0546875 0.0546875
0 0.330078125 0.755859375 0.048828125 0.048828125
0 0.58203125 0.935546875 0.046875 0.046875
0 0.953125 0.064453125 0.044921875 0.044921875
0 0.126953125 0.11328125 0.04296875 0.04296875
0 0.283203125 0.1484375 0.04296875 0.04296875
0 0.732421875 0.142578125 0.041015625 0.041015625
0 0.095703125 0.416015625 0.037109375 0.037109375
0 0.044921875 0.228515625 0.037109375 0.037109375
0 0.103515625 0.9609375 0.037109375 0.037109375
0 0.619140625 0.021484375 0.037109375 0.037109375
0 0.05859375 0.478515625 0.037109375 0.037109375
0 0.2734375 0.4375 0.03515625 0.03515625
0 0.755859375 0.326171875 0.03515625 0.03515625
0 0.904296875 0.87890625 0.033203125 0.033203125
0 0.634765625 0.513671875 0.03125 0.03125
0 0.28515625 0.06640625 0.029296875 0.029296875
0 0.23046875 0.8671875 0.025390625 0.025390625
0 0.435546875 0.71484375 0.025390625 0.025390625
