0 0.75390625 0.611328125 0.30859375 0.30859375
0 0.8203125 0.92578125 0.21875 0.21875
0 0.8828125 0.884765625 0.205078125 0.205078125
0 0.0 0.6796875 0.177734375 0.177734375
0 0.0390625 0.267578125 0.1328125 0.1328125
0 0.458984375 0.673828125 0.12109375 0.12109375
0 0.986328125 0.64453125 0.08984375 0.08984375
0 0.185546875 0.388671875 0.0703125 0.0703125
0 0.15625 0.734375 0.0625 0.0625
0 0.66796875 0.599609375 0.060546875 0.060546875
0 0.56640625 0.541015625 0.05859375 0.05859375
0 0.291015625 0.884765625 0.056640625 0.056640625
0 0.298828125 0.69921875 0.056640625 0.056640625
0 0.328125 0.626953125 0.048828125 0.048828125
0 0.451171875 0.388671875 0.046875 0.046875
0 0.49609375 0.826171875 0.046875 0.046875
0 0.955078125 0.6953125 0.044921875 0.044921875
0 0.12109375 0.7578125 0.04296875 0.04296875
0 0.9140625 0.65625 0.041015625 0.041015625
0 0.490234375 0.875 0.0390625 0.0390625
0 0.287109375 0.45703125 0.037109375 0.037109375
0 0.408203125 0.841796875 0.03515625 0.03515625
0 0.12890625 0.3515625 0.03125 0.03125
0 0.69140625 0.9921875 0.03125 0.03125
0 0.466796875 0.33203125 0.029296875 0.029296875
0 0.224609375 0.322265625 0.02734375 0.02734375
0 0.576171875 0.75 0.02734375 0.02734375
0 0.896484375 0.728515625 0.02734375 0.02734375
0 0.115234375 0.2734375 0.02734375 0.02734375
0 0.470703125 0.50390625 0.02734375 0.02734375
0 0.10546875 0.5703125 0.025390625 0.025390625
0 0.953125 0.48046875 0.025390625 0.025390625
0 0.037109375 0.95703125 0.025390625 0.025390625
