0 0.21484375 0.2421875 3.296875 3.296875
0 0.947265625 0.4140625 0.173828125 0.173828125
0 0.453125 0.259765625 0.162109375 0.162109375
0 0.705078125 0.25390625 0.1484375 0.1484375
0 0.970703125 0.01171875 0.146484375 0.146484375
0 0.326171875 0.25 0.126953125 0.126953125
0 0.6015625 0.689453125 0.125 0.125
0 0.318359375 0.533203125 0.091796875 0.091796875
0 0.732421875 0.77734375 0.08984375 0.08984375
0 0.2734375 0.6640625 0.06640625 0.06640625
0 0.9765625 0.142578125 0.064453125 0.064453125
0 0.03515625 0.908203125 0.05859375 0.05859375
0 0.3828125 0.470703125 0.056640625 0.056640625
0 0.884765625 0.798828125 0.056640625 0.056640625
0 0.345703125 0.3203125 0.046875 0.046875
0 0.53515625 0.943359375 0.046875 0.046875
0 0.55859375 0.017578125 0.04296875 0.04296875
0 0.79296875 0.962890625 0.04296875 0.04296875
0 0.91015625 0.2578125 0.041015625 0.041015625
0 0.486328125 0.03125 0.041015625 0.041015625
0 0.625 0.49609375 0.0390625 0.0390625
0 0.28515625 0.2578125 0.0390625 0.0390625
0 0.453125 0.169921875 0.037109375 0.037109375
0 0.462890625 0.9375 0.037109375 0.037109375
0 0.583984375 0.392578125 0.037109375 0.037109375
0 0.20703125 0.677734375 0.03515625 0.03515625
0 0.3046875 0.318359375 0.03515625 0.03515625
0 0.685546875 0.353515625 0.03515625 0.03515625
0 0.388671875 0.669921875 0.033203125 0.033203125
0 0.08203125 0.681640625 0.033203125 0.033203125
0 0.357421875 0.583984375 0.033203125 0.033203125
0 0.94140625 0.568359375 0.03125 0.03125
0 0.58203125 0.115234375 0.029296875 0.029296875
0 0.931640625 0.814453125 0.029296875 0.029296875
0 0.333984375 0.4453125 0.02734375 0.02734375
0 0.890625 0.904296875 0.025390625 0.025390625
0 0.5390625 0.416015625 0.025390625 0.025390625
0 0.0546875 0.87109375 0.025390625 0.025390625
0 0.345703125 0.09375 0.025390625 0.025390625
0 0.6171875 0.22265625 0.025390625 0.025390625
