0 0.75 0.072265625 0.2578125 0.2578125
0 0.36328125 0.162109375 0.142578125 0.142578125
0 0.544921875 0.2578125 0.111328125 0.111328125
0 0.357421875 0.052734375 0.087890625 0.087890625
0 0.978515625 0.037109375 0.0546875 0.0546875
0 0.625 0.1796875 0.0546875 0.0546875
0 0.4609375 0.130859375 0.046875 0.046875
0 0.75 0.177734375 0.046875 0.046875
0 0.283203125 0.126953125 0.041015625 0.041015625
0 0.166015625 0.177734375 0.041015625 0.041015625
0 0.228515625 0.22265625 0.037109375 0.037109375
0 0.78515625 0.30078125 0.037109375 0.037109375
0 0.873046875 0.15234375 0.033203125 0.033203125
0 0.21484375 0.203125 0.025390625 0.025390625
0 0.884765625 0.697265625 0.318359375 0.318359375
0 0.1171875 0.984375 0.134765625 0.134765625
0 0.560546875 0.873046875 0.109375 0.109375
0 0.134765625 0.8046875 0.072265625 0.072265625
0 0.380859375 0.509765625 0.06640625 0.06640625
0 0.9765625 0.99609375 0.0625 0.0625
0 0.25390625 0.9921875 0.05859375 0.05859375
0 0.2265625 0.802734375 0.056640625 0.056640625
0 0.666015625 0.84765625 0.044921875 0.044921875
0 0.31640625 0.962890625 0.041015625 0.041015625
0 0.6484375 0.392578125 0.041015625 0.041015625
0 0.212890625 0.970703125 0.037109375 0.037109375
0 0.580078125 0.92578125 0.033203125 0.033203125
0 0.828125 0.91796875 0.03125 0.03125
0 0.5625 0.490234375 0.02734375 0.02734375
0 0.39453125 0.6171875 0.025390625 0.025390625
0 0.873046875 0.90625 0.025390625 0.025390625
