0 0.724609375 0.63671875 0.18359375 0.18359375
0 0.685546875 0.267578125 0.125 0.125
0 0.505859375 0.822265625 0.080078125 0.080078125
0 0.810546875 0.572265625 0.07421875 0.07421875
0 0.748046875 0.802734375 0.064453125 0.064453125
0 0.693359375 0.55078125 0.056640625 0.056640625
0 0.853515625 0.828125 0.056640625 0.056640625
0 0.162109375 0.236328125 0.0546875 0.0546875
0 0.462890625 0.619140625 0.0546875 0.0546875
0 0.359375 0.681640625 0.0546875 0.0546875
0 0.76171875 0.1796875 0.044921875 0.044921875
0 0.326171875 0.845703125 0.041015625 0.041015625
0 0.6875 0.451171875 0.041015625 0.041015625
0 0.947265625 0.12890625 0.037109375 0.037109375
0 0.853515625 0.873046875 0.03515625 0.03515625
0 0.19921875 0.1875 0.03515625 0.03515625
0 0.498046875 0.673828125 0.033203125 0.033203125
0 0.388671875 0.81640625 0.03125 0.03125
0 0.8359375 0.86328125 0.03125 0.03125
0 0.41796875 0.87890625 0.02734375 0.02734375
0 0.564453125 0.923828125 0.02734375 0.02734375
