0 0.39453125 0.203125 0.515625 0.515625
0 0.36328125 0.61328125 0.302734375 0.302734375
0 0.859375 0.359375 0.29296875 0.29296875
0 0.029296875 0.388671875 0.181640625 0.181640625
0 0.900390625 0.666015625 0.142578125 0.142578125
0 0.498046875 0.150390625 0.134765625 0.134765625
0 0.921875 0.919921875 0.12890625 0.12890625
0 0.36328125 0.130859375 0.126953125 0.126953125
0 0.22265625 0.734375 0.1171875 0.1171875
0 0.91015625 0.734375 0.107421875 0.107421875
0 0.939453125 0.615234375 0.099609375 0.099609375
0 0.59765625 0.083984375 0.091796875 0.091796875
0 0.89453125 0.830078125 0.091796875 0.091796875
0 0.7109375 0.490234375 0.08984375 0.08984375
0 0.966796875 0.107421875 0.080078125 0.080078125
0 0.982421875 0.3203125 0.080078125 0.080078125
0 0.478515625 0.849609375 0.07421875 0.07421875
0 0.595703125 0.544921875 0.0703125 0.0703125
0 0.6328125 0.994140625 0.060546875 0.060546875
0 0.66015625 0.626953125 0.05859375 0.05859375
0 0.263671875 0.798828125 0.05859375 0.05859375
0 0.26171875 0.515625 0.0546875 0.0546875
0 0.9140625 0.85546875 0.046875 0.046875
0 0.447265625 0.244140625 0.046875 0.046875
0 0.0078125 0.76953125 0.044921875 0.044921875
0 0.087890625 0.705078125 0.04296875 0.04296875
0 0.330078125 0.4140625 0.041015625 0.041015625
0 0.71484375 0.83203125 0.0390625 0.0390625
0 0.26953125 0.9921875 0.0390625 0.0390625
0 0.16796875 0.55078125 0.033203125 0.033203125
0 0.134765625 0.615234375 0.033203125 0.033203125
0 0.296875 0.853515625 0.029296875 0.029296875
0 0.48828125 0.634765625 0.02734375 0.02734375
0 0.6796875 0.111328125 0.025390625 0.025390625
0 0.03125 0.58984375 0.025390625 0.025390625
0 0.6796875 0.873046875 0.025390625 0.025390625
0 0.6484375 0.783203125 0.025390625 0.025390625
