0 0.064453125 0.630859375 0.2265625 0.2265625
0 0.142578125 0.4453125 0.19921875 0.19921875
0 0.21484375 0.09375 0.18359375 0.18359375
0 0.703125 0.970703125 0.14453125 0.14453125
0 0.302734375 0.44140625 0.1328125 0.1328125
0 0.130859375 0.880859375 0.111328125 0.111328125
0 0.505859375 0.166015625 0.107421875 0.107421875
0 0.5390625 0.267578125 0.103515625 0.103515625
0 0.80859375 0.345703125 0.099609375 0.099609375
0 0.94921875 0.26953125 0.095703125 0.095703125
0 0.12109375 0.90234375 0.087890625 0.087890625
0 0.6796875 0.60546875 0.0859375 0.0859375
0 0.765625 0.626953125 0.0859375 0.0859375
0 0.697265625 0.77734375 0.083984375 0.083984375
0 0.880859375 0.5234375 0.08203125 0.08203125
0 0.65625 0.40234375 0.076171875 0.076171875
0 0.80859375 0.185546875 0.076171875 0.076171875
0 0.927734375 0.306640625 0.0703125 0.0703125
0 0.53125 0.087890625 0.068359375 0.068359375
0 0.765625 0.52734375 0.05859375 0.05859375
0 0.31640625 0.6796875 0.056640625 0.056640625
0 0.1484375 0.22265625 0.052734375 0.052734375
0 0.697265625 0.85546875 0.052734375 0.052734375
0 0.900390625 0.333984375 0.05078125 0.05078125
0 0.87890625 0.46484375 0.05078125 0.05078125
0 0.419921875 0.724609375 0.048828125 0.048828125
0 0.134765625 0.06640625 0.046875 0.046875
0 0.521484375 0.912109375 0.044921875 0.044921875
0 0.958984375 0.474609375 0.044921875 0.044921875
0 0.650390625 0.234375 0.044921875 0.044921875
0 0.7734375 0.134765625 0.04296875 0.04296875
0 0.9765625 0.67578125 0.04296875 0.04296875
0 0.591796875 0.8125 0.041015625 0.041015625
0 0.287109375 0.54296875 0.0390625 0.0390625
0 0.755859375 0.80078125 0.037109375 0.037109375
0 0.453125 0.3125 0.037109375 0.037109375
0 0.025390625 0.068359375 0.03515625 0.03515625
0 0.12109375 0.748046875 0.033203125 0.033203125
0 0.201171875 0.927734375 0.033203125 0.033203125
0 0.814453125 0.431640625 0.03125 0.03125
0 0.7890625 0.572265625 0.03125 0.03125
0 0.892578125 0.626953125 0.03125 0.03125
0 0.83203125 0.41015625 0.03125 0.03125
0 0.169921875 0.49609375 0.03125 0.03125
0 0.591796875 0.142578125 0.029296875 0.029296875
0 0.509765625 0.703125 0.02734375 0.02734375
