0 0.677734375 0.38671875 0.228515625 0.228515625
0 0.517578125 0.77734375 0.1640625 0.1640625
0 0.2265625 0.193359375 0.13671875 0.13671875
0 0.240234375 0.52734375 0.091796875 0.091796875
0 0.654296875 0.828125 0.091796875 0.091796875
0 0.685546875 0.185546875 0.078125 0.078125
0 0.66796875 0.5078125 0.0703125 0.0703125
0 0.177734375 0.703125 0.068359375 0.068359375
0 0.291015625 0.724609375 0.06640625 0.06640625
0 0.259765625 0.638671875 0.06640625 0.06640625
0 0.29296875 0.990234375 0.06640625 0.06640625
0 0.1484375 0.208984375 0.064453125 0.064453125
0 0.056640625 0.533203125 0.0625 0.0625
0 0.9921875 0.611328125 0.0625 0.0625
0 0.89453125 0.837890625 0.052734375 0.052734375
0 0.29296875 0.890625 0.05078125 0.05078125
0 0.994140625 0.8671875 0.05078125 0.05078125
0 0.443359375 0.33984375 0.048828125 0.048828125
0 0.40625 0.431640625 0.048828125 0.048828125
0 0.375 0.80859375 0.04296875 0.04296875
0 0.099609375 0.97265625 0.041015625 0.041015625
0 0.74609375 0.52734375 0.0390625 0.0390625
0 0.14453125 0.20703125 0.033203125 0.033203125
0 0.23828125 0.724609375 0.033203125 0.033203125
0 0.611328125 0.935546875 0.03125 0.03125
0 0.087890625 0.94921875 0.029296875 0.029296875
0 0.4375 0.5390625 0.025390625 0.025390625
