0 0.21484375 0.98046875 0.4140625 0.4140625
0 0.013671875 0.763671875 0.11328125 0.11328125
0 0.67578125 0.330078125 0.08984375 0.08984375
0 0.302734375 0.6953125 0.0859375 0.0859375
0 0.4140625 0.708984375 0.076171875 0.076171875
0 0.091796875 0.451171875 0.07421875 0.07421875
0 0.36328125 0.88671875 0.072265625 0.072265625
0 0.99609375 0.333984375 0.0703125 0.0703125
0 0.93359375 0.224609375 0.06640625 0.06640625
0 0.779296875 0.8359375 0.0625 0.0625
0 0.33203125 0.578125 0.0625 0.0625
0 0.80859375 0.375 0.05859375 0.05859375
0 0.1875 0.1796875 0.056640625 0.056640625
0 0.978515625 0.212890625 0.056640625 0.056640625
0 0.60546875 0.71875 0.05078125 0.05078125
0 0.548828125 0.61328125 0.05078125 0.05078125
0 0.99609375 0.18359375 0.05078125 0.05078125
0 0.416015625 0.615234375 0.05078125 0.05078125
0 0.615234375 0.75 0.048828125 0.048828125
0 0.103515625 0.498046875 0.048828125 0.048828125
0 0.572265625 0.796875 0.048828125 0.048828125
0 0.650390625 0.396484375 0.046875 0.046875
0 0.984375 0.001953125 0.044921875 0.044921875
0 0.431640625 0.984375 0.04296875 0.04296875
0 0.892578125 0.07421875 0.041015625 0.041015625
0 0.4296875 0.7578125 0.0390625 0.0390625
0 0.087890625 0.359375 0.0390625 0.0390625
0 0.41015625 0.509765625 0.037109375 0.037109375
0 0.5234375 0.87109375 0.03515625 0.03515625
0 0.26171875 0.099609375 0.03515625 0.03515625
0 0.447265625 0.529296875 0.03515625 0.03515625
0 0.466796875 0.966796875 0.03125 0.03125
0 0.265625 0.150390625 0.029296875 0.029296875
0 0.08984375 0.396484375 0.029296875 0.029296875
0 0.283203125 0.146484375 0.02734375 0.02734375
0 0.232421875 0.544921875 0.02734375 0.02734375
0 0.859375 0.380859375 0.02734375 0.02734375
0 0.716796875 0.60546875 0.02734375 0.02734375
0 0.50390625 0.49609375 0.02734375 0.02734375
0 0.078125 0.212890625 0.025390625 0.025390625
