0 0.375 0.564453125 0.349609375 0.349609375
0 0.130859375 0.716796875 0.171875 0.171875
0 0.640625 0.90625 0.146484375 0.146484375
0 0.28125 0.3203125 0.138671875 0.138671875
0 0.537109375 0.015625 0.134765625 0.134765625
0 0.837890625 0.857421875 0.125 0.125
0 0.908203125 0.84765625 0.07421875 0.07421875
0 0.6484375 0.2734375 0.072265625 0.072265625
0 0.55859375 0.8828125 0.0703125 0.0703125
0 0.4921875 0.345703125 0.0625 0.0625
0 0.30078125 0.95703125 0.060546875 0.060546875
0 0.4609375 0.70703125 0.060546875 0.060546875
0 0.47265625 0.115234375 0.05859375 0.05859375
0 0.46875 0.9375 0.05859375 0.05859375
0 0.685546875 0.41796875 0.0546875 0.0546875
0 0.994140625 0.423828125 0.048828125 0.048828125
0 0.19921875 0.302734375 0.046875 0.046875
0 0.19140625 0.5625 0.037109375 0.037109375
0 0.955078125 0.15625 0.037109375 0.037109375
0 0.943359375 0.724609375 0.037109375 0.037109375
0 0.728515625 0.060546875 0.03515625 0.03515625
0 0.087890625 0.171875 0.033203125 0.033203125
0 0.294921875 0.021484375 0.03125 0.03125
0 0.849609375 0.349609375 0.03125 0.03125
0 0.109375 0.859375 0.02734375 0.02734375
0 0.453125 0.078125 0.02734375 0.02734375
0 0.962890625 0.25390625 0.02734375 0.02734375
0 0.03515625 0.9140625 0.02734375 0.02734375
0 0.509765625 0.306640625 0.025390625 0.025390625
0 0.513671875 0.908203125 0.025390625 0.025390625
0 0.078125 0.921875 0.025390625 0.025390625
