0 0.9140625 0.1953125 0.087890625 0.087890625
0 0.41796875 0.013671875 0.0859375 0.0859375
0 0.50390625 0.025390625 0.08203125 0.08203125
0 0.716796875 0.03515625 0.072265625 0.072265625
0 0.970703125 0.236328125 0.0703125 0.0703125
0 0.5 0.107421875 0.0546875 0.0546875
0 0.708984375 0.26171875 0.05078125 0.05078125
0 0.849609375 0.142578125 0.044921875 0.044921875
0 0.32421875 0.015625 0.037109375 0.037109375
0 0.625 0.2421875 0.03515625 0.03515625
0 0.4765625 0.326171875 0.03515625 0.03515625
0 0.0859375 0.3046875 0.033203125 0.033203125
0 0.982421875 0.134765625 0.033203125 0.033203125
0 0.919921875 0.046875 0.03125 0.03125
0 0.44921875 0.1875 0.02734375 0.02734375
0 0.0859375 0.66015625 0.40625 0.40625
0 0.0234375 0.697265625 0.19140625 0.19140625
0 0.82421875 0.486328125 0.189453125 0.189453125
0 0.658203125 0.556640625 0.142578125 0.142578125
0 0.849609375 0.75 0.125 0.125
0 0.287109375 0.400390625 0.107421875 0.107421875
0 0.853515625 0.361328125 0.10546875 0.10546875
0 0.93359375 0.7578125 0.08203125 0.08203125
0 0.6875 0.337890625 0.076171875 0.076171875
0 0.048828125 0.451171875 0.072265625 0.072265625
0 0.212890625 0.82421875 0.064453125 0.064453125
0 0.7890625 0.853515625 0.0625 0.0625
0 0.291015625 0.92578125 0.060546875 0.060546875
0 0.740234375 0.576171875 0.056640625 0.056640625
0 0.00390625 0.96875 0.048828125 0.048828125
0 0.5546875 0.818359375 0.0390625 0.0390625
0 0.34765625 0.8671875 0.033203125 0.033203125
0 0.12890625 0.8671875 0.029296875 0.029296875
