0 0.80078125 0.1640625 0.470703125 0.470703125
0 0.28125 0.318359375 0.275390625 0.275390625
0 0.857421875 0.828125 0.23046875 0.23046875
0 0.93359375 0.044921875 0.111328125 0.111328125
0 0.580078125 0.181640625 0.099609375 0.099609375
0 0.71875 0.5 0.087890625 0.087890625
0 0.716796875 0.84765625 0.087890625 0.087890625
0 0.767578125 0.38671875 0.0859375 0.0859375
0 0.69921875 0.783203125 0.0859375 0.0859375
0 0.6796875 0.443359375 0.078125 0.078125
0 0.3515625 0.2578125 0.06640625 0.06640625
0 0.31640625 0.4453125 0.0625 0.0625
0 0.478515625 0.173828125 0.060546875 0.060546875
0 0.830078125 0.9296875 0.060546875 0.060546875
0 0.6796875 0.25 0.05859375 0.05859375
0 0.83203125 0.255859375 0.056640625 0.056640625
0 0.494140625 0.681640625 0.04296875 0.04296875
0 0.951171875 0.6328125 0.041015625 0.041015625
0 0.12890625 0.591796875 0.03515625 0.03515625
0 0.494140625 0.89453125 0.033203125 0.033203125
0 0.91796875 0.4453125 0.033203125 0.033203125
0 0.44921875 0.3125 0.03125 0.03125
0 0.205078125 0.189453125 0.029296875 0.029296875
0 0.59765625 0.521484375 0.02734375 0.02734375
0 0.375 0.359375 0.02734375 0.02734375
0 0.783203125 0.96875 0.025390625 0.025390625
