0 0.255859375 0.587890625 0.298828125 0.298828125
0 0.599609375 0.296875 0.130859375 0.130859375
0 0.87890625 0.6171875 0.091796875 0.091796875
0 0.5078125 0.216796875 0.05078125 0.05078125
0 0.806640625 0.9609375 0.05078125 0.05078125
0 0.19140625 0.490234375 0.048828125 0.048828125
0 0.849609375 0.767578125 0.048828125 0.048828125
0 0.033203125 0.01171875 0.048828125 0.048828125
0 0.396484375 0.798828125 0.037109375 0.037109375
0 0.8046875 0.796875 0.037109375 0.037109375
0 0.19140625 0.12890625 0.02734375 0.02734375
