0 0.634765625 0.234375 0.203125 0.203125
0 0.15625 0.962890625 0.111328125 0.111328125
0 0.212890625 0.41015625 0.05859375 0.05859375
0 0.67578125 0.7109375 0.052734375 0.052734375
0 0.4140625 0.41796875 0.052734375 0.052734375
0 0.08984375 0.56640625 0.044921875 0.044921875
0 0.6328125 0.576171875 0.041015625 0.041015625
0 0.3046875 0.595703125 0.0390625 0.0390625
0 0.517578125 0.486328125 0.03515625 0.03515625
0 0.2265625 0.275390625 0.029296875 0.029296875
0 0.359375 0.986328125 0.02734375 0.02734375
0 0.017578125 0.740234375 0.025390625 0.025390625
0 0.814453125 0.9765625 0.025390625 0.025390625
