0 0.0625 0.89453125 0.205078125 0.205078125
0 0.26953125 0.912109375 0.14453125 0.14453125
0 0.857421875 0.708984375 0.126953125 0.126953125
0 0.48828125 0.533203125 0.09765625 0.09765625
0 0.228515625 0.169921875 0.095703125 0.095703125
0 0.751953125 0.9765625 0.0703125 0.0703125
0 0.54296875 0.861328125 0.0625 0.0625
0 0.25390625 0.5078125 0.060546875 0.060546875
0 0.349609375 0.25 0.056640625 0.056640625
0 0.216796875 0.564453125 0.044921875 0.044921875
0 0.888671875 0.912109375 0.0390625 0.0390625
0 0.203125 0.49609375 0.0390625 0.0390625
0 0.623046875 0.44921875 0.037109375 0.037109375
0 0.669921875 0.880859375 0.037109375 0.037109375
0 0.431640625 0.345703125 0.033203125 0.033203125
0 0.712890625 0.0546875 0.02734375 0.02734375
0 0.48046875 0.40234375 0.02734375 0.02734375
0 0.17578125 0.458984375 0.02734375 0.02734375
0 0.419921875 0.53515625 0.02734375 0.02734375
0 0.5703125 0.162109375 0.025390625 0.025390625
0 0.30078125 0.76953125 0.025390625 0.025390625
0 0.59375 0.970703125 0.025390625 0.025390625
