0 0.736328125 0.697265625 0.26953125 0.26953125
0 0.2578125 0.568359375 0.26171875 0.26171875
0 0.6171875 0.3359375 0.154296875 0.154296875
0 0.58203125 0.15625 0.126953125 0.126953125
0 0.521484375 0.853515625 0.126953125 0.126953125
0 0.830078125 0.912109375 0.111328125 0.111328125
0 0.275390625 0.982421875 0.109375 0.109375
0 0.880859375 0.3046875 0.107421875 0.107421875
0 0.228515625 0.029296875 0.099609375 0.099609375
0 0.64453125 0.234375 0.0859375 0.0859375
0 0.404296875 0.662109375 0.068359375 0.068359375
0 0.984375 0.234375 0.0625 0.0625
0 0.810546875 0.291015625 0.060546875 0.060546875
0 0.1640625 0.408203125 0.056640625 0.056640625
0 0.38671875 0.9609375 0.056640625 0.056640625
0 0.173828125 0.8046875 0.0546875 0.0546875
0 0.962890625 0.466796875 0.0546875 0.0546875
0 0.923828125 0.763671875 0.052734375 0.052734375
0 0.931640625 0.3203125 0.048828125 0.048828125
0 0.302734375 0.0546875 0.048828125 0.048828125
0 0.671875 0.7734375 0.0390625 0.0390625
0 0.5390625 0.76953125 0.0390625 0.0390625
0 0.291015625 0.814453125 0.037109375 0.037109375
0 0.03125 0.15234375 0.037109375 0.037109375
0 0.986328125 0.521484375 0.03515625 0.03515625
0 0.08984375 0.310546875 0.03125 0.03125
0 0.619140625 0.6015625 0.03125 0.03125
0 0.26171875 0.9453125 0.029296875 0.029296875
0 0.228515625 0.55078125 0.029296875 0.029296875
0 0.58984375 0.056640625 0.029296875 0.029296875
0 0.900390625 0.4140625 0.02734375 0.02734375
0 0.552734375 0.943359375 0.02734375 0.02734375
0 0.4765625 0.990234375 0.02734375 0.02734375
0 0.111328125 0.201171875 0.025390625 0.025390625
0 0.1328125 0.787109375 0.025390625 0.025390625
