0 0.96484375 0.482421875 0.2890625 0.2890625
0 0.203125 0.025390625 0.255859375 0.255859375
0 0.064453125 0.361328125 0.22265625 0.22265625
0 0.705078125 0.880859375 0.203125 0.203125
0 0.138671875 0.6796875 0.138671875 0.138671875
0 0.68359375 0.4375 0.123046875 0.123046875
0 0.8203125 0.755859375 0.119140625 0.119140625
0 0.697265625 0.375 0.115234375 0.115234375
0 0.810546875 0.302734375 0.11328125 0.11328125
0 0.66015625 0.126953125 0.111328125 0.111328125
0 0.841796875 0.158203125 0.111328125 0.111328125
0 0.96875 0.705078125 0.109375 0.109375
0 0.58203125 0.146484375 0.103515625 0.103515625
0 0.01953125 0.615234375 0.1015625 0.1015625
0 0.296875 0.423828125 0.0859375 0.0859375
0 0.767578125 0.189453125 0.083984375 0.083984375
0 0.44140625 0.62890625 0.07421875 0.07421875
0 0.091796875 0.3125 0.06640625 0.06640625
0 0.05078125 0.169921875 0.06640625 0.06640625
0 0.173828125 0.861328125 0.064453125 0.064453125
0 0.220703125 0.01171875 0.0625 0.0625
0 0.30859375 0.248046875 0.0625 0.0625
0 0.458984375 0.498046875 0.060546875 0.060546875
0 0.2734375 0.7578125 0.05859375 0.05859375
0 0.271484375 0.34765625 0.05859375 0.05859375
0 0.494140625 0.0390625 0.056640625 0.056640625
0 0.421875 0.53515625 0.052734375 0.052734375
0 0.837890625 0.47265625 0.05078125 0.05078125
0 0.697265625 0.658203125 0.05078125 0.05078125
0 0.009765625 0.48828125 0.044921875 0.044921875
0 0.576171875 0.390625 0.044921875 0.044921875
0 0.69921875 0.771484375 0.044921875 0.044921875
0 0.83984375 0.021484375 0.04296875 0.04296875
0 0.591796875 0.267578125 0.041015625 0.041015625
0 0.921875 0.244140625 0.041015625 0.041015625
0 0.736328125 0.7890625 0.0390625 0.0390625
0 0.875 0.912109375 0.0390625 0.0390625
0 0.359375 0.603515625 0.037109375 0.037109375
0 0.23046875 0.55078125 0.037109375 0.037109375
0 0.34375 0.380859375 0.037109375 0.037109375
0 0.626953125 0.685546875 0.037109375 0.037109375
0 0.271484375 0.701171875 0.037109375 0.037109375
0 0.259765625 0.025390625 0.033203125 0.033203125
0 0.87890625 0.560546875 0.03125 0.03125
0 0.46875 0.439453125 0.03125 0.03125
0 0.291015625 0.884765625 0.03125 0.03125
0 0.240234375 0.91015625 0.029296875 0.029296875
0 0.068359375 0.02734375 0.029296875 0.029296875
0 0.072265625 0.08984375 0.029296875 0.029296875
0 0.876953125 0.36328125 0.029296875 0.029296875
0 0.265625 0.966796875 0.029296875 0.029296875
0 0.02734375 0.53515625 0.02734375 0.02734375
0 0.03515625 0.201171875 0.02734375 0.02734375
0 0.044921875 0.265625 0.02734375 0.02734375
0 0.015625 0.1328125 0.02734375 0.02734375
0 0.486328125 0.421875 0.02734375 0.02734375
0 0.66796875 0.798828125 0.02734375 0.02734375
0 0.677734375 0.228515625 0.02734375 0.02734375
0 0.189453125 0.7890625 0.02734375 0.02734375
0 0.349609375 0.90234375 0.025390625 0.025390625
0 0.447265625 0.458984375 0.025390625 0.025390625
0 0.658203125 0.69140625 0.025390625 0.025390625
0 0.0625 0.798828125 0.025390625 0.025390625
0 0.974609375 0.142578125 0.025390625 0.025390625
0 0.3984375 0.458984375 0.025390625 0.025390625
