0 0.091796875 0.572265625 0.896484375 0.896484375
0 0.849609375 0.400390625 0.326171875 0.326171875
0 0.37109375 0.02734375 0.2734375 0.2734375
0 0.78125 0.78515625 0.19140625 0.19140625
0 0.400390625 0.8984375 0.107421875 0.107421875
0 0.275390625 0.98046875 0.099609375 0.099609375
0 0.896484375 0.9609375 0.083984375 0.083984375
0 0.935546875 0.5234375 0.080078125 0.080078125
0 0.73046875 0.587890625 0.078125 0.078125
0 0.96875 0.708984375 0.064453125 0.064453125
0 0.4765625 0.953125 0.056640625 0.056640625
0 0.93359375 0.232421875 0.052734375 0.052734375
0 0.30078125 0.63671875 0.05078125 0.05078125
0 0.380859375 0.96484375 0.046875 0.046875
0 0.787109375 0.240234375 0.04296875 0.04296875
0 0.779296875 0.703125 0.041015625 0.041015625
0 0.8046875 0.96484375 0.0390625 0.0390625
0 0.490234375 0.001953125 0.0390625 0.0390625
0 0.810546875 0.080078125 0.037109375 0.037109375
0 0.73046875 0.080078125 0.037109375 0.037109375
0 0.681640625 0.1015625 0.033203125 0.033203125
0 0.99609375 0.48828125 0.033203125 0.033203125
0 0.904296875 0.8984375 0.033203125 0.033203125
0 0.56640625 0.095703125 0.03125 0.03125
0 0.365234375 0.830078125 0.03125 0.03125
0 0.4140625 0.55078125 0.029296875 0.029296875
0 0.748046875 0.556640625 0.02734375 0.02734375
0 0.2578125 0.806640625 0.02734375 0.02734375
