0 0.400390625 0.37890625 0.072265625 0.072265625
0 0.177734375 0.7265625 0.060546875 0.060546875
0 0.15234375 0.142578125 0.060546875 0.060546875
0 0.15625 0.58203125 0.05859375 0.05859375
0 0.1640625 0.435546875 0.05859375 0.05859375
0 0.662109375 0.12890625 0.056640625 0.056640625
0 0.34375 0.3203125 0.046875 0.046875
0 0.2734375 0.03515625 0.044921875 0.044921875
0 0.052734375 0.763671875 0.0390625 0.0390625
0 0.369140625 0.25 0.0390625 0.0390625
0 0.0078125 0.298828125 0.029296875 0.029296875
0 0.041015625 0.640625 0.02734375 0.02734375
0 0.28515625 0.22265625 0.025390625 0.025390625
0 0.705078125 0.060546875 0.025390625 0.025390625
0 0.13671875 0.298828125 0.025390625 0.025390625
0 0.392578125 0.546875 0.025390625 0.025390625
