0 0.052734375 0.2109375 0.138671875 0.138671875
0 0.8671875 0.27734375 0.11328125 0.11328125
0 0.53125 0.16015625 0.107421875 0.107421875
0 0.75 0.234375 0.06640625 0.06640625
0 0.935546875 0.228515625 0.060546875 0.060546875
0 0.904296875 0.05859375 0.05859375 0.05859375
0 0.92578125 0.328125 0.05859375 0.05859375
0 0.884765625 0.2890625 0.0546875 0.0546875
0 0.26953125 0.32421875 0.0546875 0.0546875
0 0.498046875 0.080078125 0.03515625 0.03515625
0 0.966796875 0.30078125 0.03125 0.03125
0 0.029296875 0.025390625 0.03125 0.03125
0 0.322265625 0.005859375 0.029296875 0.029296875
0 0.6796875 0.255859375 0.029296875 0.029296875
0 0.556640625 0.21875 0.029296875 0.029296875
0 0.58203125 0.134765625 0.025390625 0.025390625
0 0.8359375 0.96875 0.19921875 0.19921875
0 0.318359375 0.529296875 0.162109375 0.162109375
0 0.501953125 0.55859375 0.15625 0.15625
0 0.046875 0.5546875 0.1328125 0.1328125
0 0.380859375 0.6953125 0.1015625 0.1015625
0 0.421875 0.49609375 0.099609375 0.099609375
0 0.26953125 0.55859375 0.08984375 0.08984375
0 0.173828125 0.421875 0.080078125 0.080078125
0 0.396484375 0.87890625 0.07421875 0.07421875
0 0.17578125 0.5859375 0.068359375 0.068359375
0 0.884765625 0.623046875 0.06640625 0.06640625
0 0.333984375 0.841796875 0.064453125 0.064453125
0 0.884765625 0.78515625 0.056640625 0.056640625
0 0.015625 0.7421875 0.056640625 0.056640625
0 0.65234375 0.55859375 0.052734375 0.052734375
0 0.298828125 0.466796875 0.052734375 0.052734375
0 0.890625 0.724609375 0.048828125 0.048828125
0 0.556640625 0.68359375 0.046875 0.046875
0 0.2421875 0.369140625 0.04296875 0.04296875
0 0.373046875 0.8125 0.041015625 0.041015625
0 0.771484375 0.4296875 0.0390625 0.0390625
0 0.798828125 0.990234375 0.0390625 0.0390625
0 0.3671875 0.6171875 0.037109375 0.037109375
0 0.33203125 0.779296875 0.03125 0.03125
0 0.40625 0.361328125 0.03125 0.03125
0 0.83984375 0.466796875 0.02734375 0.02734375
