0 0.669921875 0.498046875 0.35546875 0.35546875
0 0.71875 0.11328125 0.154296875 0.154296875
0 0.076171875 0.259765625 0.064453125 0.064453125
0 0.18359375 0.29296875 0.05078125 0.05078125
0 0.74609375 0.353515625 0.048828125 0.048828125
0 0.2578125 0.529296875 0.046875 0.046875
0 0.892578125 0.380859375 0.033203125 0.033203125
0 0.880859375 0.576171875 0.02734375 0.02734375
0 0.509765625 0.798828125 0.044921875 0.044921875
0 0.662109375 0.88671875 0.037109375 0.037109375
0 0.22265625 0.95703125 0.03125 0.03125
0 0.57421875 0.791015625 0.02734375 0.02734375
