0 0.9609375 0.302734375 0.24609375 0.24609375
0 0.24609375 0.56640625 0.208984375 0.208984375
0 0.490234375 0.154296875 0.19140625 0.19140625
0 0.716796875 0.193359375 0.162109375 0.162109375
0 0.41796875 0.640625 0.14453125 0.14453125
0 0.60546875 0.306640625 0.103515625 0.103515625
0 0.75390625 0.3203125 0.083984375 0.083984375
0 0.478515625 0.44921875 0.078125 0.078125
0 0.6484375 0.4453125 0.076171875 0.076171875
0 0.94921875 0.79296875 0.068359375 0.068359375
0 0.255859375 0.2421875 0.064453125 0.064453125
0 0.666015625 0.607421875 0.064453125 0.064453125
0 0.11328125 0.490234375 0.0625 0.0625
0 0.1171875 0.71875 0.0625 0.0625
0 0.287109375 0.30078125 0.0625 0.0625
0 0.734375 0.830078125 0.05859375 0.05859375
0 0.513671875 0.1875 0.0546875 0.0546875
0 0.16015625 0.71484375 0.05078125 0.05078125
0 0.19140625 0.705078125 0.044921875 0.044921875
0 0.826171875 0.98828125 0.04296875 0.04296875
0 0.19140625 0.681640625 0.04296875 0.04296875
0 0.380859375 0.4375 0.04296875 0.04296875
0 0.818359375 0.78515625 0.04296875 0.04296875
0 0.48828125 0.177734375 0.0390625 0.0390625
0 0.548828125 0.349609375 0.0390625 0.0390625
0 0.6328125 0.650390625 0.03515625 0.03515625
0 0.71484375 0.904296875 0.033203125 0.033203125
0 0.822265625 0.373046875 0.033203125 0.033203125
0 0.833984375 0.779296875 0.03125 0.03125
0 0.5 0.947265625 0.03125 0.03125
0 0.3828125 0.796875 0.03125 0.03125
0 0.248046875 0.84375 0.03125 0.03125
0 0.298828125 0.63671875 0.029296875 0.029296875
0 0.32421875 0.951171875 0.029296875 0.029296875
0 0.75390625 0.955078125 0.02734375 0.02734375
0 0.224609375 0.71875 0.02734375 0.02734375
0 0.703125 0.66796875 0.02734375 0.02734375
0 0.287109375 0.474609375 0.02734375 0.02734375
0 0.185546875 0.43359375 0.02734375 0.02734375
