0 0.650390625 0.416015625 0.357421875 0.357421875
0 0.916015625 0.330078125 0.19140625 0.19140625
0 0.611328125 0.828125 0.150390625 0.150390625
0 0.6796875 0.2890625 0.119140625 0.119140625
0 0.685546875 0.220703125 0.1171875 0.1171875
0 0.595703125 0.65234375 0.099609375 0.099609375
0 0.703125 0.62890625 0.095703125 0.095703125
0 0.943359375 0.76953125 0.09375 0.09375
0 0.88671875 0.939453125 0.09375 0.09375
0 0.716796875 0.380859375 0.087890625 0.087890625
0 0.880859375 0.7109375 0.0859375 0.0859375
0 0.91796875 0.86328125 0.0859375 0.0859375
0 0.96875 0.71875 0.08203125 0.08203125
0 0.44140625 0.3984375 0.07421875 0.07421875
0 0.986328125 0.474609375 0.068359375 0.068359375
0 0.78125 0.09375 0.06640625 0.06640625
0 0.7578125 0.806640625 0.06640625 0.06640625
0 0.25390625 0.79296875 0.064453125 0.064453125
0 0.49609375 0.7421875 0.064453125 0.064453125
0 0.720703125 0.12109375 0.064453125 0.064453125
0 0.822265625 0.75390625 0.05859375 0.05859375
0 0.54296875 0.9609375 0.048828125 0.048828125
0 0.548828125 0.603515625 0.048828125 0.048828125
0 0.8828125 0.61328125 0.048828125 0.048828125
0 0.541015625 0.048828125 0.041015625 0.041015625
0 0.8671875 0.53125 0.0390625 0.0390625
0 0.828125 0.267578125 0.03515625 0.03515625
0 0.689453125 0.728515625 0.033203125 0.033203125
0 0.697265625 0.341796875 0.03125 0.03125
0 0.369140625 0.67578125 0.02734375 0.02734375
0 0.70703125 0.720703125 0.02734375 0.02734375
0 0.7734375 0.357421875 0.02734375 0.02734375
0 0.041015625 0.826171875 0.025390625 0.025390625
0 0.775390625 0.791015625 0.025390625 0.025390625
0 0.220703125 0.318359375 0.025390625 0.025390625
