0 0.86328125 0.251953125 0.19140625 0.19140625
0 0.970703125 0.326171875 0.171875 0.171875
0 0.0625 0.232421875 0.15234375 0.15234375
0 0.07421875 0.05078125 0.115234375 0.115234375
0 0.69140625 0.015625 0.111328125 0.111328125
0 0.087890625 0.298828125 0.107421875 0.107421875
0 0.865234375 0.134765625 0.044921875 0.044921875
0 0.1953125 0.037109375 0.037109375 0.037109375
0 0.44140625 0.03515625 0.033203125 0.033203125
0 0.955078125 0.119140625 0.033203125 0.033203125
0 0.962890625 0.18359375 0.03125 0.03125
0 0.927734375 0.296875 0.03125 0.03125
0 0.923828125 0.03125 0.02734375 0.02734375
0 0.79296875 0.123046875 0.02734375 0.02734375
0 0.23828125 0.21484375 0.025390625 0.025390625
0 0.44140625 0.109375 0.025390625 0.025390625
0 0.93359375 0.36328125 0.166015625 0.166015625
0 0.125 0.43359375 0.166015625 0.166015625
0 0.236328125 0.9765625 0.13671875 0.13671875
0 0.439453125 0.556640625 0.134765625 0.134765625
0 0.880859375 0.734375 0.1171875 0.1171875
0 0.287109375 0.48828125 0.107421875 0.107421875
0 0.48046875 0.93359375 0.099609375 0.099609375
0 0.771484375 0.5078125 0.09375 0.09375
0 0.4375 0.34765625 0.091796875 0.091796875
0 0.158203125 0.97265625 0.072265625 0.072265625
0 0.748046875 0.453125 0.072265625 0.072265625
0 0.546875 0.6953125 0.072265625 0.072265625
0 0.361328125 0.43359375 0.0625 0.0625
0 0.728515625 0.423828125 0.056640625 0.056640625
0 0.1640625 0.34375 0.052734375 0.052734375
0 0.12109375 0.615234375 0.048828125 0.048828125
0 0.240234375 0.587890625 0.048828125 0.048828125
0 0.0234375 0.705078125 0.048828125 0.048828125
0 0.31640625 0.39453125 0.044921875 0.044921875
0 0.9375 0.837890625 0.04296875 0.04296875
0 0.7734375 0.533203125 0.041015625 0.041015625
0 0.513671875 0.673828125 0.0390625 0.0390625
0 0.46875 0.94140625 0.037109375 0.037109375
0 0.294921875 0.375 0.033203125 0.033203125
0 0.87109375 0.537109375 0.033203125 0.033203125
0 0.953125 0.41796875 0.029296875 0.029296875
0 0.5390625 0.53515625 0.02734375 0.02734375
0 0.28125 0.580078125 0.02734375 0.02734375
0 0.908203125 0.427734375 0.02734375 0.02734375
