0 0.908203125 0.216796875 0.158203125 0.158203125
0 0.24609375 0.794921875 0.15625 0.15625
0 0.228515625 0.638671875 0.1328125 0.1328125
0 0.166015625 0.26171875 0.099609375 0.099609375
0 0.109375 0.51953125 0.09375 0.09375
0 0.794921875 0.453125 0.083984375 0.083984375
0 0.365234375 0.0 0.076171875 0.076171875
0 0.8828125 0.208984375 0.068359375 0.068359375
0 0.177734375 0.01953125 0.060546875 0.060546875
0 0.875 0.955078125 0.046875 0.046875
0 0.009765625 0.537109375 0.046875 0.046875
0 0.962890625 0.53125 0.046875 0.046875
0 0.123046875 0.3515625 0.04296875 0.04296875
0 0.83984375 0.69921875 0.041015625 0.041015625
0 0.150390625 0.642578125 0.0390625 0.0390625
0 0.328125 0.30859375 0.0390625 0.0390625
0 0.7109375 0.5078125 0.037109375 0.037109375
0 0.5546875 0.986328125 0.033203125 0.033203125
0 0.83203125 0.9609375 0.033203125 0.033203125
0 0.10546875 0.361328125 0.03125 0.03125
0 0.87109375 0.544921875 0.029296875 0.029296875
0 0.20703125 0.908203125 0.029296875 0.029296875
0 0.890625 0.330078125 0.029296875 0.029296875
0 0.869140625 0.84765625 0.02734375 0.02734375
0 0.9375 0.40625 0.025390625 0.025390625
