0 0.912109375 0.626953125 0.091796875 0.091796875
0 0.224609375 0.125 0.087890625 0.087890625
0 0.51953125 0.794921875 0.08203125 0.08203125
0 0.66796875 0.486328125 0.078125 0.078125
0 0.669921875 0.70703125 0.076171875 0.076171875
0 0.2421875 0.76171875 0.072265625 0.072265625
0 0.90625 0.126953125 0.06640625 0.06640625
0 0.0234375 0.560546875 0.064453125 0.064453125
0 0.572265625 0.904296875 0.064453125 0.064453125
0 0.314453125 0.900390625 0.0625 0.0625
0 0.26953125 0.326171875 0.0625 0.0625
0 0.591796875 0.208984375 0.0625 0.0625
0 0.541015625 0.4453125 0.0625 0.0625
0 0.517578125 0.859375 0.056640625 0.056640625
0 0.12109375 0.865234375 0.056640625 0.056640625
0 0.28515625 0.0859375 0.05078125 0.05078125
0 0.501953125 0.576171875 0.046875 0.046875
0 0.001953125 0.921875 0.044921875 0.044921875
0 0.490234375 0.494140625 0.044921875 0.044921875
0 0.125 0.892578125 0.0390625 0.0390625
0 0.962890625 0.37890625 0.033203125 0.033203125
0 0.81640625 0.53125 0.033203125 0.033203125
0 0.55859375 0.76953125 0.033203125 0.033203125
0 0.75 0.220703125 0.02734375 0.02734375
0 0.251953125 0.5703125 0.02734375 0.02734375
