0 0.9296875 0.2734375 0.34375 0.34375
0 0.03515625 0.0078125 0.185546875 0.185546875
0 0.20703125 0.619140625 0.13671875 0.13671875
0 0.408203125 0.140625 0.12109375 0.12109375
0 0.890625 0.6640625 0.109375 0.109375
0 0.19140625 0.048828125 0.08984375 0.08984375
0 0.38671875 0.24609375 0.080078125 0.080078125
0 0.9453125 0.64453125 0.078125 0.078125
0 0.3671875 0.513671875 0.078125 0.078125
0 0.05859375 0.494140625 0.076171875 0.076171875
0 0.693359375 0.328125 0.072265625 0.072265625
0 0.4609375 0.490234375 0.0703125 0.0703125
0 0.53125 0.17578125 0.064453125 0.064453125
0 0.30859375 0.603515625 0.0625 0.0625
0 0.3125 0.416015625 0.05859375 0.05859375
0 0.322265625 0.388671875 0.052734375 0.052734375
0 0.43359375 0.2109375 0.05078125 0.05078125
0 0.39453125 0.66015625 0.048828125 0.048828125
0 0.939453125 0.005859375 0.046875 0.046875
0 0.001953125 0.5859375 0.041015625 0.041015625
0 0.98828125 0.494140625 0.041015625 0.041015625
0 0.4140625 0.638671875 0.037109375 0.037109375
0 0.62890625 0.33203125 0.037109375 0.037109375
0 0.3359375 0.318359375 0.033203125 0.033203125
0 0.068359375 0.544921875 0.029296875 0.029296875
0 0.640625 0.716796875 0.224609375 0.224609375
0 0.318359375 0.7734375 0.142578125 0.142578125
0 0.05078125 0.984375 0.07421875 0.07421875
0 0.712890625 0.841796875 0.06640625 0.06640625
0 0.046875 0.830078125 0.05859375 0.05859375
0 0.4453125 0.73828125 0.056640625 0.056640625
0 0.861328125 0.7421875 0.0546875 0.0546875
0 0.63671875 0.716796875 0.052734375 0.052734375
0 0.234375 0.80078125 0.048828125 0.048828125
0 0.9296875 0.77734375 0.048828125 0.048828125
0 0.166015625 0.986328125 0.04296875 0.04296875
0 0.162109375 0.947265625 0.037109375 0.037109375
0 0.37109375 0.912109375 0.033203125 0.033203125
0 0.01953125 0.951171875 0.033203125 0.033203125
0 0.349609375 0.736328125 0.033203125 0.033203125
0 0.99609375 0.669921875 0.029296875 0.029296875
0 0.041015625 0.880859375 0.02734375 0.02734375
0 0.10546875 0.97265625 0.025390625 0.025390625
