0 0.341796875 0.50390625 0.251953125 0.251953125
0 0.359375 0.01171875 0.212890625 0.212890625
0 0.900390625 0.6484375 0.19921875 0.19921875
0 0.732421875 0.6015625 0.177734375 0.177734375
0 0.00390625 0.59765625 0.171875 0.171875
0 0.71484375 0.466796875 0.158203125 0.158203125
0 0.455078125 0.2109375 0.15625 0.15625
0 0.80859375 0.13671875 0.154296875 0.154296875
0 0.53515625 0.396484375 0.14453125 0.14453125
0 0.77734375 0.791015625 0.1328125 0.1328125
0 0.341796875 0.318359375 0.103515625 0.103515625
0 0.056640625 0.41796875 0.09765625 0.09765625
0 0.6015625 0.6484375 0.095703125 0.095703125
0 0.5390625 0.615234375 0.08203125 0.08203125
0 0.6796875 0.134765625 0.072265625 0.072265625
0 0.59765625 0.033203125 0.060546875 0.060546875
0 0.966796875 0.37890625 0.0546875 0.0546875
0 0.41015625 0.681640625 0.05078125 0.05078125
0 0.44921875 0.9765625 0.041015625 0.041015625
0 0.28515625 0.212890625 0.0390625 0.0390625
0 0.673828125 0.537109375 0.037109375 0.037109375
0 0.83984375 0.427734375 0.037109375 0.037109375
0 0.44140625 0.00390625 0.029296875 0.029296875
0 0.529296875 0.759765625 0.02734375 0.02734375
0 0.46875 0.185546875 0.02734375 0.02734375
0 0.8984375 0.44921875 0.02734375 0.02734375
0 0.171875 0.78515625 0.02734375 0.02734375
0 0.107421875 0.69921875 0.025390625 0.025390625
0 0.07421875 0.609375 0.025390625 0.025390625
0 0.69921875 0.79296875 0.025390625 0.025390625
0 0.720703125 0.34765625 0.025390625 0.025390625
