0 0.81640625 0.990234375 0.14453125 0.14453125
0 0.515625 0.650390625 0.0859375 0.0859375
0 0.140625 0.84765625 0.083984375 0.083984375
0 0.80859375 0.673828125 0.08203125 0.08203125
0 0.279296875 0.666015625 0.07421875 0.07421875
0 0.26171875 0.97265625 0.068359375 0.068359375
0 0.13671875 0.68359375 0.068359375 0.068359375
0 0.28125 0.76171875 0.064453125 0.064453125
0 0.01953125 0.423828125 0.060546875 0.060546875
0 0.759765625 0.6015625 0.060546875 0.060546875
0 0.30078125 0.0 0.0546875 0.0546875
0 0.865234375 0.7578125 0.052734375 0.052734375
0 0.869140625 0.669921875 0.046875 0.046875
0 0.115234375 0.626953125 0.041015625 0.041015625
0 0.31640625 0.576171875 0.0390625 0.0390625
0 0.791015625 0.25390625 0.03515625 0.03515625
0 0.66796875 0.94140625 0.03515625 0.03515625
0 0.744140625 0.150390625 0.03515625 0.03515625
0 0.083984375 0.857421875 0.03125 0.03125
0 0.0 0.2890625 0.02734375 0.02734375
0 0.630859375 0.890625 0.02734375 0.02734375
0 0.5078125 0.255859375 0.02734375 0.02734375
0 0.6796875 0.318359375 0.025390625 0.025390625
0 0.46484375 0.482421875 0.025390625 0.025390625
