0 0.462890625 0.7578125 0.228515625 0.228515625
0 0.658203125 0.83203125 0.2265625 0.2265625
0 0.61328125 0.025390625 0.16015625 0.16015625
0 0.23828125 0.15625 0.15625 0.15625
0 0.697265625 0.634765625 0.125 0.125
0 0.45703125 0.2109375 0.12109375 0.12109375
0 0.39453125 0.4921875 0.11328125 0.11328125
0 0.80078125 0.27734375 0.10546875 0.10546875
0 0.654296875 0.529296875 0.10546875 0.10546875
0 0.15234375 0.142578125 0.1015625 0.1015625
0 0.37890625 0.8359375 0.087890625 0.087890625
0 0.982421875 0.732421875 0.087890625 0.087890625
0 0.83984375 0.298828125 0.080078125 0.080078125
0 0.052734375 0.84765625 0.078125 0.078125
0 0.052734375 0.380859375 0.078125 0.078125
0 0.48828125 0.89453125 0.078125 0.078125
0 0.869140625 0.46875 0.064453125 0.064453125
0 0.931640625 0.216796875 0.060546875 0.060546875
0 0.1640625 0.322265625 0.060546875 0.060546875
0 0.537109375 0.322265625 0.060546875 0.060546875
0 0.73828125 0.529296875 0.056640625 0.056640625
0 0.16796875 0.525390625 0.056640625 0.056640625
0 0.93359375 0.71484375 0.056640625 0.056640625
0 0.90625 0.849609375 0.0546875 0.0546875
0 0.4921875 0.359375 0.05078125 0.05078125
0 0.412109375 0.27734375 0.05078125 0.05078125
0 0.41015625 0.109375 0.048828125 0.048828125
0 0.09375 0.1953125 0.046875 0.046875
0 0.8828125 0.798828125 0.044921875 0.044921875
0 0.052734375 0.78125 0.04296875 0.04296875
0 0.814453125 0.404296875 0.04296875 0.04296875
0 0.060546875 0.58984375 0.0390625 0.0390625
0 0.880859375 0.994140625 0.0390625 0.0390625
0 0.892578125 0.115234375 0.0390625 0.0390625
0 0.85546875 0.4453125 0.037109375 0.037109375
0 0.306640625 0.3046875 0.037109375 0.037109375
0 0.671875 0.681640625 0.03515625 0.03515625
0 0.6171875 0.4609375 0.033203125 0.033203125
0 0.88671875 0.966796875 0.03125 0.03125
0 0.2734375 0.63671875 0.03125 0.03125
0 0.03515625 0.3828125 0.029296875 0.029296875
0 0.609375 0.732421875 0.02734375 0.02734375
0 0.326171875 0.0859375 0.02734375 0.02734375
0 0.30078125 0.64453125 0.02734375 0.02734375
0 0.19140625 0.388671875 0.02734375 0.02734375
0 0.47265625 0.4765625 0.02734375 0.02734375
0 0.3125 0.671875 0.02734375 0.02734375
0 0.986328125 0.234375 0.025390625 0.025390625
0 0.54296875 0.546875 0.025390625 0.025390625
