0 0.91015625 0.072265625 0.20703125 0.20703125
0 0.5625 0.8828125 0.193359375 0.193359375
0 0.673828125 0.24609375 0.15234375 0.15234375
0 0.724609375 0.37890625 0.140625 0.140625
0 0.09375 0.580078125 0.125 0.125
0 0.587890625 0.271484375 0.115234375 0.115234375
0 0.3125 0.25 0.107421875 0.107421875
0 0.97265625 0.95703125 0.10546875 0.10546875
0 0.896484375 0.33984375 0.10546875 0.10546875
0 0.689453125 0.744140625 0.1015625 0.1015625
0 0.728515625 0.53125 0.087890625 0.087890625
0 0.93359375 0.658203125 0.0859375 0.0859375
0 0.716796875 0.453125 0.078125 0.078125
0 0.49609375 0.2109375 0.076171875 0.076171875
0 0.224609375 0.90625 0.076171875 0.076171875
0 0.48828125 0.365234375 0.0703125 0.0703125
0 0.310546875 0.96484375 0.05859375 0.05859375
0 0.849609375 0.392578125 0.05859375 0.05859375
0 0.875 0.935546875 0.056640625 0.056640625
0 0.681640625 0.56640625 0.052734375 0.052734375
0 0.3203125 0.51953125 0.052734375 0.052734375
0 0.427734375 0.8125 0.05078125 0.05078125
0 0.517578125 0.505859375 0.04296875 0.04296875
0 0.205078125 0.5546875 0.041015625 0.041015625
0 0.146484375 0.572265625 0.041015625 0.041015625
0 0.166015625 0.7265625 0.041015625 0.041015625
0 0.15625 0.208984375 0.0390625 0.0390625
0 0.47265625 0.451171875 0.0390625 0.0390625
0 0.0390625 0.501953125 0.037109375 0.037109375
0 0.712890625 0.494140625 0.037109375 0.037109375
0 0.19921875 0.021484375 0.037109375 0.037109375
0 0.365234375 0.283203125 0.03515625 0.03515625
0 0.619140625 0.28125 0.033203125 0.033203125
0 0.203125 0.259765625 0.033203125 0.033203125
0 0.572265625 0.595703125 0.033203125 0.033203125
0 0.14453125 0.01171875 0.033203125 0.033203125
0 0.1953125 0.744140625 0.03125 0.03125
0 0.591796875 0.421875 0.03125 0.03125
0 0.083984375 0.03125 0.03125 0.03125
0 0.537109375 0.921875 0.029296875 0.029296875
0 0.166015625 0.509765625 0.029296875 0.029296875
0 0.060546875 0.16015625 0.029296875 0.029296875
0 0.228515625 0.154296875 0.02734375 0.02734375
0 0.5859375 0.423828125 0.02734375 0.02734375
0 0.990234375 0.751953125 0.025390625 0.025390625
0 0.021484375 0.16015625 0.025390625 0.025390625
