0 0.111328125 0.583984375 0.197265625 0.197265625
0 0.66796875 0.419921875 0.107421875 0.107421875
0 0.11328125 0.783203125 0.091796875 0.091796875
0 0.16796875 0.8359375 0.0703125 0.0703125
0 0.01953125 0.919921875 0.0625 0.0625
0 0.544921875 0.0703125 0.0546875 0.0546875
0 0.693359375 0.783203125 0.052734375 0.052734375
0 0.04296875 0.66796875 0.046875 0.046875
0 0.34765625 0.587890625 0.029296875 0.029296875
0 0.6953125 0.544921875 0.029296875 0.029296875
0 0.4453125 0.61328125 0.02734375 0.02734375
