0 0.763671875 0.091796875 0.166015625 0.166015625
0 0.869140625 0.724609375 0.14453125 0.14453125
0 0.794921875 0.4609375 0.10546875 0.10546875
0 0.044921875 0.82421875 0.1015625 0.1015625
0 0.533203125 0.734375 0.09765625 0.09765625
0 0.458984375 0.083984375 0.09765625 0.09765625
0 0.08984375 0.345703125 0.095703125 0.095703125
0 0.896484375 0.853515625 0.08984375 0.08984375
0 0.833984375 0.177734375 0.087890625 0.087890625
0 0.568359375 0.158203125 0.0859375 0.0859375
0 0.2734375 0.162109375 0.08203125 0.08203125
0 0.34765625 0.822265625 0.08203125 0.08203125
0 0.716796875 0.509765625 0.080078125 0.080078125
0 0.720703125 0.2109375 0.078125 0.078125
0 0.888671875 0.833984375 0.078125 0.078125
0 0.482421875 0.888671875 0.07421875 0.07421875
0 0.046875 0.474609375 0.068359375 0.068359375
0 0.974609375 0.71484375 0.068359375 0.068359375
0 0.537109375 0.9296875 0.0625 0.0625
0 0.447265625 0.607421875 0.0625 0.0625
0 0.55078125 0.421875 0.05859375 0.05859375
0 0.228515625 0.734375 0.056640625 0.056640625
0 0.498046875 0.982421875 0.056640625 0.056640625
0 0.04296875 0.306640625 0.056640625 0.056640625
0 0.42578125 0.646484375 0.0546875 0.0546875
0 0.599609375 0.01171875 0.0546875 0.0546875
0 0.58203125 0.46484375 0.0546875 0.0546875
0 0.13671875 0.9921875 0.052734375 0.052734375
0 0.697265625 0.4140625 0.052734375 0.052734375
0 0.701171875 0.564453125 0.05078125 0.05078125
0 0.91796875 0.548828125 0.048828125 0.048828125
0 0.673828125 0.34765625 0.046875 0.046875
0 0.69140625 0.2265625 0.044921875 0.044921875
0 0.865234375 0.57421875 0.04296875 0.04296875
0 0.537109375 0.45703125 0.041015625 0.041015625
0 0.103515625 0.876953125 0.041015625 0.041015625
0 0.279296875 0.7890625 0.041015625 0.041015625
0 0.623046875 0.708984375 0.0390625 0.0390625
0 0.244140625 0.36328125 0.0390625 0.0390625
0 0.787109375 0.181640625 0.037109375 0.037109375
0 0.212890625 0.765625 0.037109375 0.037109375
0 0.95703125 0.595703125 0.037109375 0.037109375
0 0.953125 0.994140625 0.03515625 0.03515625
0 0.42578125 0.73046875 0.03515625 0.03515625
0 0.5 0.626953125 0.03515625 0.03515625
0 0.947265625 0.94140625 0.033203125 0.033203125
0 0.267578125 0.02734375 0.033203125 0.033203125
0 0.2109375 0.5390625 0.033203125 0.033203125
0 0.263671875 0.64453125 0.033203125 0.033203125
0 0.81640625 0.5234375 0.03125 0.03125
0 0.5078125 0.421875 0.02734375 0.02734375
0 0.86328125 0.630859375 0.02734375 0.02734375
0 0.85546875 0.0 0.02734375 0.02734375
0 0.5859375 0.9765625 0.025390625 0.025390625
0 0.791015625 0.609375 0.025390625 0.025390625
0 0.5078125 0.154296875 0.025390625 0.025390625
0 0.66796875 0.1015625 0.025390625 0.025390625
0 0.353515625 0.427734375 0.025390625 0.025390625
