0 0.203125 0.96875 0.080078125 0.080078125
0 0.841796875 0.345703125 0.07421875 0.07421875
0 0.162109375 0.34765625 0.06640625 0.06640625
0 0.8359375 0.5078125 0.05078125 0.05078125
0 0.748046875 0.021484375 0.044921875 0.044921875
0 0.064453125 0.103515625 0.04296875 0.04296875
0 0.37890625 0.8515625 0.04296875 0.04296875
0 0.283203125 0.0859375 0.03515625 0.03515625
0 0.205078125 0.865234375 0.033203125 0.033203125
0 0.751953125 0.6953125 0.033203125 0.033203125
0 0.017578125 0.2421875 0.03125 0.03125
0 0.53125 0.818359375 0.02734375 0.02734375
0 0.984375 0.869140625 0.025390625 0.025390625
