0 0.322265625 0.37109375 0.20703125 0.20703125
0 0.904296875 0.5234375 0.1640625 0.1640625
0 0.60546875 0.970703125 0.107421875 0.107421875
0 0.51171875 0.228515625 0.10546875 0.10546875
0 0.29296875 0.677734375 0.1015625 0.1015625
0 0.234375 0.994140625 0.087890625 0.087890625
0 0.703125 0.701171875 0.080078125 0.080078125
0 0.81640625 0.119140625 0.078125 0.078125
0 0.572265625 0.50390625 0.072265625 0.072265625
0 0.255859375 0.619140625 0.072265625 0.072265625
0 0.716796875 0.953125 0.064453125 0.064453125
0 0.611328125 0.083984375 0.064453125 0.064453125
0 0.951171875 0.3203125 0.0625 0.0625
0 0.49609375 0.64453125 0.060546875 0.060546875
0 0.4921875 0.6796875 0.060546875 0.060546875
0 0.6328125 0.736328125 0.0546875 0.0546875
0 0.86328125 0.142578125 0.052734375 0.052734375
0 0.5078125 0.126953125 0.052734375 0.052734375
0 0.748046875 0.115234375 0.05078125 0.05078125
0 0.740234375 0.345703125 0.048828125 0.048828125
0 0.150390625 0.755859375 0.044921875 0.044921875
0 0.224609375 0.1171875 0.04296875 0.04296875
0 0.4140625 0.841796875 0.0390625 0.0390625
0 0.779296875 0.986328125 0.037109375 0.037109375
0 0.857421875 0.357421875 0.037109375 0.037109375
0 0.166015625 0.29296875 0.03515625 0.03515625
0 0.140625 0.654296875 0.03515625 0.03515625
0 0.966796875 0.412109375 0.03515625 0.03515625
0 0.552734375 0.654296875 0.033203125 0.033203125
0 0.994140625 0.236328125 0.033203125 0.033203125
0 0.365234375 0.142578125 0.03125 0.03125
0 0.5859375 0.07421875 0.029296875 0.029296875
0 0.927734375 0.595703125 0.029296875 0.029296875
0 0.69140625 0.3515625 0.029296875 0.029296875
0 0.560546875 0.314453125 0.02734375 0.02734375
0 0.24609375 0.56640625 0.02734375 0.02734375
0 0.1796875 0.744140625 0.025390625 0.025390625
0 0.353515625 0.61328125 0.025390625 0.025390625
