0 0.748046875 0.71875 0.2890625 0.2890625
0 0.939453125 0.95703125 0.158203125 0.158203125
0 0.623046875 0.10546875 0.119140625 0.119140625
0 0.1875 0.5234375 0.1171875 0.1171875
0 0.576171875 0.396484375 0.115234375 0.115234375
0 0.412109375 0.353515625 0.109375 0.109375
0 0.248046875 0.3359375 0.107421875 0.107421875
0 0.10546875 0.724609375 0.099609375 0.099609375
0 0.615234375 0.2734375 0.091796875 0.091796875
0 0.427734375 0.6796875 0.080078125 0.080078125
0 0.005859375 0.9453125 0.076171875 0.076171875
0 0.2578125 0.6484375 0.072265625 0.072265625
0 0.259765625 0.49609375 0.072265625 0.072265625
0 0.626953125 0.37109375 0.068359375 0.068359375
0 0.771484375 0.03515625 0.052734375 0.052734375
0 0.931640625 0.2734375 0.052734375 0.052734375
0 0.16015625 0.966796875 0.05078125 0.05078125
0 0.25390625 0.4453125 0.046875 0.046875
0 0.5625 0.455078125 0.04296875 0.04296875
0 0.951171875 0.890625 0.0390625 0.0390625
0 0.537109375 0.384765625 0.0390625 0.0390625
0 0.80078125 0.197265625 0.037109375 0.037109375
0 0.9765625 0.78515625 0.037109375 0.037109375
0 0.33984375 0.48046875 0.03515625 0.03515625
0 0.0703125 0.546875 0.033203125 0.033203125
0 0.8984375 0.474609375 0.033203125 0.033203125
0 0.689453125 0.244140625 0.033203125 0.033203125
0 0.876953125 0.345703125 0.03125 0.03125
0 0.28515625 0.58203125 0.029296875 0.029296875
0 0.5625 0.283203125 0.02734375 0.02734375
