0 0.19140625 0.205078125 0.169921875 0.169921875
0 0.333984375 0.296875 0.11328125 0.11328125
0 0.103515625 0.0546875 0.091796875 0.091796875
0 0.806640625 0.126953125 0.0703125 0.0703125
0 0.615234375 0.021484375 0.0625 0.0625
0 0.7265625 0.232421875 0.04296875 0.04296875
0 0.720703125 0.1328125 0.0390625 0.0390625
0 0.22265625 0.02734375 0.03515625 0.03515625
0 0.966796875 0.181640625 0.025390625 0.025390625
0 0.0859375 0.1484375 0.025390625 0.025390625
0 0.814453125 0.91796875 0.23046875 0.23046875
0 0.328125 0.408203125 0.162109375 0.162109375
0 0.951171875 0.63671875 0.1484375 0.1484375
0 0.8046875 0.583984375 0.09765625 0.09765625
0 0.390625 0.505859375 0.076171875 0.076171875
0 0.365234375 0.625 0.076171875 0.076171875
0 0.5625 0.5234375 0.07421875 0.07421875
0 0.853515625 0.638671875 0.072265625 0.072265625
0 0.8203125 0.775390625 0.068359375 0.068359375
0 0.484375 0.8359375 0.0625 0.0625
0 0.5078125 0.62890625 0.060546875 0.060546875
0 0.390625 0.529296875 0.060546875 0.060546875
0 0.0703125 0.63671875 0.05859375 0.05859375
0 0.171875 0.466796875 0.0546875 0.0546875
0 0.06640625 0.697265625 0.052734375 0.052734375
0 0.255859375 0.478515625 0.05078125 0.05078125
0 0.890625 0.521484375 0.05078125 0.05078125
0 0.09375 0.58203125 0.048828125 0.048828125
0 0.453125 0.63671875 0.046875 0.046875
0 0.8203125 0.669921875 0.044921875 0.044921875
0 0.220703125 0.9765625 0.041015625 0.041015625
0 0.00390625 0.94921875 0.0390625 0.0390625
0 0.861328125 0.36328125 0.0390625 0.0390625
0 0.0546875 0.7578125 0.037109375 0.037109375
0 0.9765625 0.970703125 0.037109375 0.037109375
0 0.685546875 0.3671875 0.033203125 0.033203125
0 0.6328125 0.44140625 0.03125 0.03125
0 0.76171875 0.42578125 0.03125 0.03125
0 0.234375 0.646484375 0.029296875 0.029296875
0 0.447265625 0.6796875 0.029296875 0.029296875
0 0.4453125 0.814453125 0.02734375 0.02734375
0 0.93359375 0.4375 0.02734375 0.02734375
0 0.392578125 0.830078125 0.025390625 0.025390625
0 0.12890625 0.685546875 0.025390625 0.025390625
0 0.638671875 0.974609375 0.025390625 0.025390625
0 0.171875 0.6796875 0.025390625 0.025390625
