0 0.59765625 0.927734375 0.109375 0.109375
0 0.73828125 0.9296875 0.10546875 0.10546875
0 0.5 0.982421875 0.07421875 0.07421875
0 0.787109375 0.9921875 0.072265625 0.072265625
0 0.6328125 0.970703125 0.068359375 0.068359375
0 0.822265625 0.083984375 0.060546875 0.060546875
0 0.27734375 0.537109375 0.060546875 0.060546875
0 0.646484375 0.50390625 0.0546875 0.0546875
0 0.666015625 0.927734375 0.046875 0.046875
0 0.466796875 0.5546875 0.04296875 0.04296875
0 0.4453125 0.7109375 0.04296875 0.04296875
0 0.93359375 0.12890625 0.03515625 0.03515625
0 0.73828125 0.771484375 0.033203125 0.033203125
0 0.845703125 0.541015625 0.029296875 0.029296875
0 0.52734375 0.05859375 0.02734375 0.02734375
0 0.37890625 0.181640625 0.025390625 0.025390625
0 0.275390625 0.529296875 0.025390625 0.025390625
0 0.224609375 0.0859375 0.025390625 0.025390625
0 0.091796875 0.228515625 0.025390625 0.025390625
