0 0.73828125 0.474609375 0.162109375 0.162109375
0 0.8515625 0.392578125 0.15625 0.15625
0 0.943359375 0.064453125 0.154296875 0.154296875
0 0.994140625 0.203125 0.14453125 0.14453125
0 0.1328125 0.068359375 0.142578125 0.142578125
0 0.51171875 0.048828125 0.12109375 0.12109375
0 0.4609375 0.048828125 0.1171875 0.1171875
0 0.216796875 0.923828125 0.0859375 0.0859375
0 0.865234375 0.0625 0.078125 0.078125
0 0.083984375 0.419921875 0.072265625 0.072265625
0 0.783203125 0.97265625 0.06640625 0.06640625
0 0.013671875 0.4375 0.06640625 0.06640625
0 0.615234375 0.32421875 0.064453125 0.064453125
0 0.939453125 0.361328125 0.05859375 0.05859375
0 0.50390625 0.669921875 0.05859375 0.05859375
0 0.923828125 0.470703125 0.05859375 0.05859375
0 0.685546875 0.693359375 0.056640625 0.056640625
0 0.087890625 0.97265625 0.048828125 0.048828125
0 0.353515625 0.88671875 0.048828125 0.048828125
0 0.923828125 0.275390625 0.048828125 0.048828125
0 0.423828125 0.90234375 0.046875 0.046875
0 0.45703125 0.96484375 0.044921875 0.044921875
0 0.62890625 0.84765625 0.044921875 0.044921875
0 0.50390625 0.765625 0.044921875 0.044921875
0 0.455078125 0.466796875 0.044921875 0.044921875
0 0.4453125 0.482421875 0.04296875 0.04296875
0 0.4765625 0.71484375 0.041015625 0.041015625
0 0.125 0.33203125 0.041015625 0.041015625
0 0.3046875 0.662109375 0.041015625 0.041015625
0 0.44921875 0.375 0.041015625 0.041015625
0 0.177734375 0.1484375 0.0390625 0.0390625
0 0.83203125 0.005859375 0.0390625 0.0390625
0 0.53515625 0.76171875 0.037109375 0.037109375
0 0.525390625 0.322265625 0.03515625 0.03515625
0 0.283203125 0.443359375 0.03515625 0.03515625
0 0.9140625 0.58203125 0.033203125 0.033203125
0 0.591796875 0.576171875 0.029296875 0.029296875
0 0.30859375 0.375 0.029296875 0.029296875
0 0.6796875 0.537109375 0.029296875 0.029296875
0 0.642578125 0.94140625 0.029296875 0.029296875
0 0.2109375 0.576171875 0.029296875 0.029296875
0 0.0234375 0.3984375 0.02734375 0.02734375
0 0.951171875 0.283203125 0.025390625 0.025390625
0 0.41796875 0.634765625 0.025390625 0.025390625
