0 0.765625 0.1875 0.14453125 0.14453125
0 0.96875 0.951171875 0.111328125 0.111328125
0 0.06640625 0.8515625 0.111328125 0.111328125
0 0.71484375 0.9140625 0.107421875 0.107421875
0 0.150390625 0.8359375 0.095703125 0.095703125
0 0.22265625 0.51953125 0.09375 0.09375
0 0.57421875 0.201171875 0.078125 0.078125
0 0.984375 0.490234375 0.048828125 0.048828125
0 0.123046875 0.623046875 0.04296875 0.04296875
0 0.779296875 0.451171875 0.04296875 0.04296875
0 0.09375 0.6953125 0.03125 0.03125
0 0.0234375 0.33984375 0.03125 0.03125
0 0.3203125 0.599609375 0.029296875 0.029296875
0 0.205078125 0.98046875 0.02734375 0.02734375
