0 0.697265625 0.9375 0.197265625 0.197265625
0 0.421875 0.32421875 0.17578125 0.17578125
0 0.85546875 0.4140625 0.171875 0.171875
0 0.5859375 0.548828125 0.166015625 0.166015625
0 0.826171875 0.47265625 0.16015625 0.16015625
0 0.353515625 0.029296875 0.134765625 0.134765625
0 0.4140625 0.49609375 0.09375 0.09375
0 0.060546875 0.888671875 0.091796875 0.091796875
0 0.369140625 0.11328125 0.078125 0.078125
0 0.033203125 0.439453125 0.0546875 0.0546875
0 0.099609375 0.5546875 0.046875 0.046875
0 0.46875 0.875 0.044921875 0.044921875
0 0.650390625 0.833984375 0.037109375 0.037109375
0 0.9921875 0.900390625 0.03515625 0.03515625
0 0.296875 0.365234375 0.033203125 0.033203125
0 0.59375 0.96484375 0.03125 0.03125
0 0.93359375 0.478515625 0.03125 0.03125
0 0.2109375 0.751953125 0.029296875 0.029296875
0 0.34375 0.525390625 0.029296875 0.029296875
0 0.791015625 0.677734375 0.029296875 0.029296875
0 0.423828125 0.482421875 0.025390625 0.025390625
