0 0.13671875 0.40625 0.177734375 0.177734375
0 0.39453125 0.787109375 0.15234375 0.15234375
0 0.1796875 0.662109375 0.0859375 0.0859375
0 0.5859375 0.171875 0.078125 0.078125
0 0.373046875 0.626953125 0.072265625 0.072265625
0 0.14453125 0.736328125 0.072265625 0.072265625
0 0.501953125 0.046875 0.0625 0.0625
0 0.39453125 0.658203125 0.05859375 0.05859375
0 0.171875 0.822265625 0.05859375 0.05859375
0 0.296875 0.451171875 0.052734375 0.052734375
0 0.26171875 0.2109375 0.048828125 0.048828125
0 0.951171875 0.67578125 0.046875 0.046875
0 0.826171875 0.341796875 0.044921875 0.044921875
0 0.900390625 0.06640625 0.044921875 0.044921875
0 0.8515625 0.580078125 0.04296875 0.04296875
0 0.92578125 0.265625 0.037109375 0.037109375
0 0.287109375 0.12109375 0.03515625 0.03515625
0 0.486328125 0.521484375 0.033203125 0.033203125
0 0.150390625 0.0703125 0.03125 0.03125
0 0.470703125 0.498046875 0.02734375 0.02734375
0 0.8828125 0.01171875 0.02734375 0.02734375
0 0.34375 0.275390625 0.025390625 0.025390625
0 0.26953125 0.390625 0.025390625 0.025390625
0 0.62109375 0.978515625 0.025390625 0.025390625
0 0.20703125 0.060546875 0.025390625 0.025390625
0 0.609375 0.646484375 0.025390625 0.025390625
