0 0.412109375 0.3671875 0.185546875 0.185546875
0 0.58203125 0.328125 0.15234375 0.15234375
0 0.65234375 0.5234375 0.080078125 0.080078125
0 0.7578125 0.443359375 0.044921875 0.044921875
0 0.287109375 0.09375 0.033203125 0.033203125
0 0.76171875 0.40625 0.02734375 0.02734375
0 0.5625 0.076171875 0.025390625 0.025390625
0 0.47265625 0.787109375 0.177734375 0.177734375
0 0.552734375 0.912109375 0.140625 0.140625
0 0.177734375 0.9453125 0.123046875 0.123046875
0 0.736328125 0.759765625 0.078125 0.078125
0 0.787109375 0.8984375 0.03125 0.03125
0 0.6328125 0.79296875 0.02734375 0.02734375
0 0.1640625 0.82421875 0.025390625 0.025390625
