0 0.5546875 0.828125 0.349609375 0.349609375
0 0.025390625 0.212890625 0.32421875 0.32421875
0 0.46484375 0.267578125 0.263671875 0.263671875
0 0.728515625 0.6015625 0.146484375 0.146484375
0 0.509765625 0.115234375 0.140625 0.140625
0 0.63671875 0.0703125 0.138671875 0.138671875
0 0.380859375 0.763671875 0.12890625 0.12890625
0 0.375 0.060546875 0.126953125 0.126953125
0 0.947265625 0.31640625 0.1015625 0.1015625
0 0.623046875 0.572265625 0.095703125 0.095703125
0 0.015625 0.01953125 0.095703125 0.095703125
0 0.046875 0.44140625 0.091796875 0.091796875
0 0.212890625 0.861328125 0.0859375 0.0859375
0 0.060546875 0.853515625 0.0859375 0.0859375
0 0.15625 0.728515625 0.078125 0.078125
0 0.697265625 0.30859375 0.076171875 0.076171875
0 0.62109375 0.931640625 0.0703125 0.0703125
0 0.904296875 0.158203125 0.068359375 0.068359375
0 0.310546875 0.494140625 0.068359375 0.068359375
0 0.103515625 0.322265625 0.068359375 0.068359375
0 0.818359375 0.5859375 0.06640625 0.06640625
0 0.28515625 0.654296875 0.064453125 0.064453125
0 0.2890625 0.318359375 0.048828125 0.048828125
0 0.552734375 0.681640625 0.048828125 0.048828125
0 0.33203125 0.439453125 0.048828125 0.048828125
0 0.439453125 0.60546875 0.048828125 0.048828125
0 0.8046875 0.7109375 0.046875 0.046875
0 0.619140625 0.728515625 0.046875 0.046875
0 0.3046875 0.3515625 0.044921875 0.044921875
0 0.078125 0.56640625 0.04296875 0.04296875
0 0.236328125 0.55078125 0.04296875 0.04296875
0 0.265625 0.447265625 0.041015625 0.041015625
0 0.15234375 0.3671875 0.041015625 0.041015625
0 0.10546875 0.626953125 0.037109375 0.037109375
0 0.927734375 0.859375 0.033203125 0.033203125
0 0.220703125 0.107421875 0.033203125 0.033203125
0 0.376953125 0.65234375 0.03125 0.03125
0 0.67578125 0.18359375 0.03125 0.03125
0 0.658203125 0.234375 0.03125 0.03125
0 0.380859375 0.4921875 0.029296875 0.029296875
0 0.31640625 0.396484375 0.029296875 0.029296875
0 0.734375 0.728515625 0.029296875 0.029296875
0 0.525390625 0.3984375 0.029296875 0.029296875
0 0.728515625 0.0546875 0.02734375 0.02734375
0 0.970703125 0.794921875 0.02734375 0.02734375
0 0.251953125 0.650390625 0.02734375 0.02734375
0 0.44921875 0.642578125 0.02734375 0.02734375
0 0.64453125 0.9140625 0.02734375 0.02734375
0 0.8515625 0.26953125 0.02734375 0.02734375
0 0.150390625 0.599609375 0.02734375 0.02734375
0 0.640625 0.00390625 0.02734375 0.02734375
0 0.5078125 0.419921875 0.02734375 0.02734375
0 0.751953125 0.076171875 0.02734375 0.02734375
0 0.5234375 0.625 0.025390625 0.025390625
0 0.53125 0.994140625 0.025390625 0.025390625
0 0.103515625 0.451171875 0.025390625 0.025390625
0 0.44921875 0.025390625 0.025390625 0.025390625
0 0.875 0.8515625 0.025390625 0.025390625
0 0.509765625 0.15625 0.025390625 0.025390625
