0 0.431640625 0.546875 0.375 0.375
0 0.419921875 0.01171875 0.08203125 0.08203125
0 0.748046875 0.42578125 0.06640625 0.06640625
0 0.6953125 0.345703125 0.05078125 0.05078125
0 0.931640625 0.68359375 0.044921875 0.044921875
0 0.443359375 0.560546875 0.041015625 0.041015625
0 0.984375 0.599609375 0.041015625 0.041015625
0 0.78515625 0.17578125 0.033203125 0.033203125
0 0.037109375 0.48046875 0.033203125 0.033203125
0 0.376953125 0.8125 0.029296875 0.029296875
0 0.654296875 0.30078125 0.029296875 0.029296875
0 0.638671875 0.74609375 0.02734375 0.02734375
0 0.443359375 0.21484375 0.025390625 0.025390625
0 0.345703125 0.41796875 0.025390625 0.025390625
0 0.25 0.8203125 0.025390625 0.025390625
