0 0.453125 0.537109375 0.078125 0.078125
0 0.798828125 0.57421875 0.072265625 0.072265625
0 0.111328125 0.294921875 0.037109375 0.037109375
0 0.015625 0.732421875 0.115234375 0.115234375
0 0.15234375 0.888671875 0.115234375 0.115234375
0 0.3515625 0.82421875 0.056640625 0.056640625
0 0.42578125 0.88671875 0.056640625 0.056640625
0 0.6484375 0.875 0.056640625 0.056640625
0 0.708984375 0.783203125 0.0390625 0.0390625
0 0.474609375 0.677734375 0.033203125 0.033203125
0 0.7890625 0.6640625 0.02734375 0.02734375
0 0.859375 0.9921875 0.02734375 0.02734375
0 0.74609375 0.974609375 0.025390625 0.025390625
