0 0.765625 0.5078125 0.4375 0.4375
0 0.021484375 0.26171875 0.16796875 0.16796875
0 0.5078125 0.41796875 0.15234375 0.15234375
0 0.81640625 0.78125 0.126953125 0.126953125
0 0.279296875 0.953125 0.125 0.125
0 0.6171875 0.265625 0.091796875 0.091796875
0 0.490234375 0.54296875 0.091796875 0.091796875
0 0.677734375 0.447265625 0.087890625 0.087890625
0 0.630859375 0.375 0.083984375 0.083984375
0 0.82421875 0.125 0.083984375 0.083984375
0 0.978515625 0.0390625 0.08203125 0.08203125
0 0.3359375 0.5078125 0.078125 0.078125
0 0.64453125 0.298828125 0.072265625 0.072265625
0 0.673828125 0.810546875 0.064453125 0.064453125
0 0.751953125 0.20703125 0.064453125 0.064453125
0 0.880859375 0.5234375 0.05859375 0.05859375
0 0.14453125 0.921875 0.05078125 0.05078125
0 0.041015625 0.955078125 0.048828125 0.048828125
0 0.6171875 0.318359375 0.046875 0.046875
0 0.548828125 0.962890625 0.044921875 0.044921875
0 0.54296875 0.28125 0.04296875 0.04296875
0 0.203125 0.94921875 0.0390625 0.0390625
0 0.07421875 0.96875 0.0390625 0.0390625
0 0.4140625 0.18359375 0.0390625 0.0390625
0 0.3203125 0.783203125 0.037109375 0.037109375
0 0.470703125 0.75390625 0.03515625 0.03515625
0 0.625 0.677734375 0.03515625 0.03515625
0 0.23828125 0.205078125 0.03125 0.03125
0 0.46875 0.2734375 0.029296875 0.029296875
0 0.30859375 0.716796875 0.029296875 0.029296875
0 0.404296875 0.681640625 0.02734375 0.02734375
0 0.0 0.841796875 0.02734375 0.02734375
0 0.966796875 0.857421875 0.025390625 0.025390625
0 0.0078125 0.15234375 0.025390625 0.025390625
