0 0.419921875 0.958984375 0.142578125 0.142578125
0 0.53125 0.90625 0.1328125 0.1328125
0 0.357421875 0.4765625 0.1171875 0.1171875
0 0.951171875 0.4296875 0.109375 0.109375
0 0.255859375 0.734375 0.0859375 0.0859375
0 0.990234375 0.87109375 0.068359375 0.068359375
0 0.626953125 0.3671875 0.068359375 0.068359375
0 0.576171875 0.64453125 0.06640625 0.06640625
0 0.861328125 0.568359375 0.064453125 0.064453125
0 0.0859375 0.720703125 0.064453125 0.064453125
0 0.87890625 0.345703125 0.064453125 0.064453125
0 0.251953125 0.28125 0.060546875 0.060546875
0 0.677734375 0.369140625 0.060546875 0.060546875
0 0.123046875 0.755859375 0.056640625 0.056640625
0 0.931640625 0.02734375 0.0546875 0.0546875
0 0.806640625 0.99609375 0.0546875 0.0546875
0 0.60546875 0.109375 0.05078125 0.05078125
0 0.935546875 0.609375 0.05078125 0.05078125
0 0.423828125 0.3515625 0.05078125 0.05078125
0 0.064453125 0.40234375 0.05078125 0.05078125
0 0.181640625 0.65625 0.046875 0.046875
0 0.927734375 0.390625 0.046875 0.046875
0 0.4296875 0.98828125 0.046875 0.046875
0 0.48828125 0.677734375 0.04296875 0.04296875
0 0.7109375 0.5625 0.04296875 0.04296875
0 0.798828125 0.412109375 0.04296875 0.04296875
0 0.2890625 0.3046875 0.041015625 0.041015625
0 0.181640625 0.87109375 0.041015625 0.041015625
0 0.931640625 0.521484375 0.041015625 0.041015625
0 0.671875 0.04296875 0.041015625 0.041015625
0 0.23046875 0.419921875 0.0390625 0.0390625
0 0.181640625 0.8515625 0.0390625 0.0390625
0 0.970703125 0.529296875 0.037109375 0.037109375
0 0.767578125 0.20703125 0.037109375 0.037109375
0 0.9375 0.09765625 0.037109375 0.037109375
0 0.890625 0.052734375 0.03515625 0.03515625
0 0.837890625 0.8515625 0.03515625 0.03515625
0 0.134765625 0.611328125 0.03515625 0.03515625
0 0.896484375 0.626953125 0.03515625 0.03515625
0 0.232421875 0.845703125 0.03515625 0.03515625
0 0.650390625 0.162109375 0.033203125 0.033203125
0 0.390625 0.8828125 0.033203125 0.033203125
0 0.65234375 0.796875 0.033203125 0.033203125
0 0.443359375 0.716796875 0.03125 0.03125
0 0.31640625 0.724609375 0.03125 0.03125
0 0.75 0.697265625 0.03125 0.03125
0 0.732421875 0.279296875 0.03125 0.03125
0 0.328125 0.0 0.029296875 0.029296875
0 0.62109375 0.626953125 0.029296875 0.029296875
0 0.298828125 0.744140625 0.029296875 0.029296875
0 0.822265625 0.0703125 0.029296875 0.029296875
0 0.787109375 0.47265625 0.029296875 0.029296875
0 0.841796875 0.9921875 0.02734375 0.02734375
0 0.791015625 0.91796875 0.02734375 0.02734375
0 0.55078125 0.767578125 0.02734375 0.02734375
0 0.900390625 0.98046875 0.02734375 0.02734375
0 0.9765625 0.1328125 0.025390625 0.025390625
0 0.046875 0.05859375 0.025390625 0.025390625
0 0.263671875 0.423828125 0.025390625 0.025390625
