0 0.396484375 0.021484375 0.302734375 0.302734375
0 0.724609375 0.990234375 0.24609375 0.24609375
0 0.982421875 0.380859375 0.2421875 0.2421875
0 0.41796875 0.287109375 0.240234375 0.240234375
0 0.021484375 0.455078125 0.205078125 0.205078125
0 0.4921875 0.51953125 0.203125 0.203125
0 0.658203125 0.03125 0.18359375 0.18359375
0 0.1953125 0.73828125 0.169921875 0.169921875
0 0.912109375 0.919921875 0.14453125 0.14453125
0 0.16015625 0.1484375 0.140625 0.140625
0 0.326171875 0.78515625 0.1328125 0.1328125
0 0.83203125 0.822265625 0.12109375 0.12109375
0 0.904296875 0.0234375 0.119140625 0.119140625
0 0.73046875 0.23828125 0.115234375 0.115234375
0 0.33203125 0.275390625 0.10546875 0.10546875
0 0.294921875 0.6328125 0.103515625 0.103515625
0 0.197265625 0.099609375 0.09765625 0.09765625
0 0.916015625 0.8828125 0.095703125 0.095703125
0 0.875 0.431640625 0.087890625 0.087890625
0 0.701171875 0.556640625 0.0859375 0.0859375
0 0.21484375 0.484375 0.083984375 0.083984375
0 0.0859375 0.638671875 0.080078125 0.080078125
0 0.376953125 0.662109375 0.072265625 0.072265625
0 0.7890625 0.125 0.072265625 0.072265625
0 0.28125 0.703125 0.068359375 0.068359375
0 0.087890625 0.00390625 0.068359375 0.068359375
0 0.28515625 0.8671875 0.060546875 0.060546875
0 0.703125 0.609375 0.056640625 0.056640625
0 0.03125 0.306640625 0.0546875 0.0546875
0 0.7734375 0.474609375 0.0546875 0.0546875
0 0.3359375 0.666015625 0.0546875 0.0546875
0 0.603515625 0.974609375 0.0546875 0.0546875
0 0.837890625 0.962890625 0.05078125 0.05078125
0 0.36328125 0.703125 0.05078125 0.05078125
0 0.662109375 0.478515625 0.046875 0.046875
0 0.46484375 0.984375 0.046875 0.046875
0 0.123046875 0.244140625 0.046875 0.046875
0 0.23046875 0.048828125 0.044921875 0.044921875
0 0.04296875 0.556640625 0.044921875 0.044921875
0 0.4453125 0.1171875 0.044921875 0.044921875
0 0.7578125 0.357421875 0.04296875 0.04296875
0 0.24609375 0.017578125 0.04296875 0.04296875
0 0.9453125 0.798828125 0.04296875 0.04296875
0 0.048828125 0.4375 0.041015625 0.041015625
0 0.326171875 0.6953125 0.041015625 0.041015625
0 0.744140625 0.873046875 0.041015625 0.041015625
0 0.517578125 0.69140625 0.041015625 0.041015625
0 0.875 0.966796875 0.0390625 0.0390625
0 0.955078125 0.537109375 0.037109375 0.037109375
0 0.52734375 0.03515625 0.03515625 0.03515625
0 0.166015625 0.828125 0.03515625 0.03515625
0 0.53515625 0.37109375 0.03515625 0.03515625
0 0.13671875 0.630859375 0.03515625 0.03515625
0 0.736328125 0.7265625 0.03515625 0.03515625
0 0.638671875 0.06640625 0.033203125 0.033203125
0 0.779296875 0.861328125 0.033203125 0.033203125
0 0.943359375 0.099609375 0.033203125 0.033203125
0 0.447265625 0.64453125 0.033203125 0.033203125
0 0.17578125 0.857421875 0.03125 0.03125
0 0.138671875 0.728515625 0.029296875 0.029296875
0 0.900390625 0.953125 0.029296875 0.029296875
0 0.046875 0.267578125 0.029296875 0.029296875
0 0.376953125 0.421875 0.02734375 0.02734375
0 0.58984375 0.365234375 0.02734375 0.02734375
0 0.55078125 0.55078125 0.02734375 0.02734375
0 0.068359375 0.861328125 0.02734375 0.02734375
0 0.056640625 0.568359375 0.02734375 0.02734375
0 0.392578125 0.84765625 0.02734375 0.02734375
0 0.0234375 0.802734375 0.02734375 0.02734375
0 0.30078125 0.375 0.02734375 0.02734375
0 0.431640625 0.150390625 0.025390625 0.025390625
0 0.2109375 0.974609375 0.025390625 0.025390625
0 0.326171875 0.68359375 0.025390625 0.025390625
0 0.2890625 0.55078125 0.025390625 0.025390625
0 0.568359375 0.46875 0.025390625 0.025390625
