0 0.302734375 0.376953125 0.294921875 0.294921875
0 0.03125 0.142578125 0.158203125 0.158203125
0 0.72265625 0.689453125 0.134765625 0.134765625
0 0.501953125 0.23828125 0.123046875 0.123046875
0 0.169921875 0.400390625 0.115234375 0.115234375
0 0.40234375 0.87109375 0.103515625 0.103515625
0 0.837890625 0.375 0.09765625 0.09765625
0 0.47265625 0.966796875 0.083984375 0.083984375
0 0.880859375 0.94921875 0.083984375 0.083984375
0 0.134765625 0.9921875 0.07421875 0.07421875
0 0.107421875 0.802734375 0.068359375 0.068359375
0 0.65234375 0.982421875 0.064453125 0.064453125
0 0.810546875 0.482421875 0.064453125 0.064453125
0 0.12890625 0.61328125 0.060546875 0.060546875
0 0.23828125 0.064453125 0.060546875 0.060546875
0 0.876953125 0.654296875 0.05859375 0.05859375
0 0.017578125 0.296875 0.05078125 0.05078125
0 0.111328125 0.7421875 0.048828125 0.048828125
0 0.08984375 0.26953125 0.048828125 0.048828125
0 0.369140625 0.076171875 0.046875 0.046875
0 0.068359375 0.96875 0.044921875 0.044921875
0 0.1953125 0.5546875 0.04296875 0.04296875
0 0.107421875 0.51171875 0.041015625 0.041015625
0 0.49609375 0.46875 0.0390625 0.0390625
0 0.59375 0.36328125 0.0390625 0.0390625
0 0.451171875 0.025390625 0.033203125 0.033203125
0 0.39453125 0.36328125 0.03125 0.03125
0 0.841796875 0.431640625 0.02734375 0.02734375
0 0.802734375 0.63671875 0.02734375 0.02734375
0 0.453125 0.95703125 0.025390625 0.025390625
