0 0.392578125 0.908203125 0.24609375 0.24609375
0 0.5546875 0.654296875 0.16015625 0.16015625
0 0.08203125 0.822265625 0.125 0.125
0 0.126953125 0.451171875 0.12109375 0.12109375
0 0.791015625 0.53515625 0.111328125 0.111328125
0 0.634765625 0.18359375 0.10546875 0.10546875
0 0.9140625 0.70703125 0.095703125 0.095703125
0 0.25390625 0.5078125 0.0859375 0.0859375
0 0.45703125 0.5625 0.08203125 0.08203125
0 0.234375 0.42578125 0.072265625 0.072265625
0 0.810546875 0.921875 0.06640625 0.06640625
0 0.2109375 0.50390625 0.0546875 0.0546875
0 0.421875 0.34375 0.05078125 0.05078125
0 0.552734375 0.01171875 0.048828125 0.048828125
0 0.96875 0.865234375 0.0390625 0.0390625
0 0.53125 0.51953125 0.0390625 0.0390625
0 0.5625 0.28515625 0.0390625 0.0390625
0 0.015625 0.904296875 0.0390625 0.0390625
0 0.37890625 0.111328125 0.03515625 0.03515625
0 0.828125 0.119140625 0.033203125 0.033203125
0 0.8125 0.373046875 0.033203125 0.033203125
0 0.400390625 0.2578125 0.033203125 0.033203125
0 0.345703125 0.638671875 0.03125 0.03125
0 0.787109375 0.689453125 0.03125 0.03125
0 0.423828125 0.779296875 0.029296875 0.029296875
0 0.90625 0.90234375 0.029296875 0.029296875
0 0.041015625 0.8125 0.02734375 0.02734375
0 0.26171875 0.056640625 0.02734375 0.02734375
0 0.455078125 0.412109375 0.02734375 0.02734375
0 0.83984375 0.103515625 0.02734375 0.02734375
0 0.98828125 0.41796875 0.02734375 0.02734375
0 0.341796875 0.892578125 0.025390625 0.025390625
0 0.484375 0.79296875 0.025390625 0.025390625
0 0.310546875 0.86328125 0.025390625 0.025390625
0 0.484375 0.92578125 0.025390625 0.025390625
