0 0.283203125 0.748046875 0.265625 0.265625
0 0.634765625 0.55078125 0.19921875 0.19921875
0 0.189453125 0.32421875 0.193359375 0.193359375
0 0.83203125 0.744140625 0.150390625 0.150390625
0 0.818359375 0.626953125 0.146484375 0.146484375
0 0.10546875 0.927734375 0.11328125 0.11328125
0 0.587890625 0.138671875 0.10546875 0.10546875
0 0.5625 0.9296875 0.10546875 0.10546875
0 0.814453125 0.578125 0.095703125 0.095703125
0 0.44921875 0.8125 0.095703125 0.095703125
0 0.912109375 0.416015625 0.095703125 0.095703125
0 0.626953125 0.603515625 0.09375 0.09375
0 0.576171875 0.44921875 0.080078125 0.080078125
0 0.048828125 0.53515625 0.072265625 0.072265625
0 0.03125 0.431640625 0.0703125 0.0703125
0 0.37109375 0.912109375 0.06640625 0.06640625
0 0.375 0.599609375 0.0625 0.0625
0 0.390625 0.859375 0.060546875 0.060546875
0 0.619140625 0.4453125 0.05859375 0.05859375
0 0.345703125 0.146484375 0.056640625 0.056640625
0 0.978515625 0.28125 0.0546875 0.0546875
0 0.513671875 0.064453125 0.052734375 0.052734375
0 0.19140625 0.595703125 0.05078125 0.05078125
0 0.669921875 0.185546875 0.044921875 0.044921875
0 0.22265625 0.548828125 0.041015625 0.041015625
0 0.189453125 0.568359375 0.037109375 0.037109375
0 0.7578125 0.23828125 0.037109375 0.037109375
0 0.615234375 0.19140625 0.037109375 0.037109375
0 0.13671875 0.564453125 0.03515625 0.03515625
0 0.275390625 0.3046875 0.033203125 0.033203125
0 0.662109375 0.826171875 0.03125 0.03125
0 0.173828125 0.4765625 0.03125 0.03125
0 0.71875 0.12890625 0.029296875 0.029296875
0 0.001953125 0.94140625 0.02734375 0.02734375
0 0.669921875 0.595703125 0.02734375 0.02734375
0 0.1171875 0.125 0.02734375 0.02734375
0 0.48046875 0.07421875 0.025390625 0.025390625
