0 0.546875 0.931640625 0.134765625 0.134765625
0 0.28515625 0.26953125 0.130859375 0.130859375
0 0.609375 0.484375 0.109375 0.109375
0 0.048828125 0.283203125 0.10546875 0.10546875
0 0.16015625 0.71484375 0.1015625 0.1015625
0 0.533203125 0.318359375 0.099609375 0.099609375
0 0.650390625 0.71875 0.09765625 0.09765625
0 0.55078125 0.84375 0.095703125 0.095703125
0 0.384765625 0.296875 0.087890625 0.087890625
0 0.705078125 0.60546875 0.0859375 0.0859375
0 0.171875 0.740234375 0.080078125 0.080078125
0 0.4296875 0.564453125 0.07421875 0.07421875
0 0.685546875 0.16796875 0.06640625 0.06640625
0 0.685546875 0.775390625 0.0625 0.0625
0 0.083984375 0.41015625 0.05859375 0.05859375
0 0.8203125 0.166015625 0.056640625 0.056640625
0 0.642578125 0.21484375 0.0546875 0.0546875
0 0.19921875 0.578125 0.044921875 0.044921875
0 0.78515625 0.6328125 0.041015625 0.041015625
0 0.4453125 0.96875 0.0390625 0.0390625
0 0.400390625 0.416015625 0.03515625 0.03515625
0 0.271484375 0.705078125 0.03515625 0.03515625
0 0.19921875 0.302734375 0.033203125 0.033203125
0 0.328125 0.62109375 0.033203125 0.033203125
0 0.35546875 0.779296875 0.033203125 0.033203125
0 0.3203125 0.765625 0.03125 0.03125
0 0.0625 0.642578125 0.03125 0.03125
0 0.650390625 0.1875 0.03125 0.03125
0 0.548828125 0.39453125 0.03125 0.03125
0 0.408203125 0.326171875 0.02734375 0.02734375
0 0.1640625 0.263671875 0.02734375 0.02734375
0 0.8828125 0.41796875 0.02734375 0.02734375
0 0.90625 0.4609375 0.025390625 0.025390625
