0 0.763671875 0.6171875 0.55859375 0.55859375
0 0.978515625 0.056640625 0.259765625 0.259765625
0 0.7265625 0.30859375 0.1796875 0.1796875
0 0.47265625 0.205078125 0.150390625 0.150390625
0 0.931640625 0.87109375 0.126953125 0.126953125
0 0.103515625 0.162109375 0.125 0.125
0 0.3828125 0.892578125 0.115234375 0.115234375
0 0.71875 0.56640625 0.09375 0.09375
0 0.25390625 0.240234375 0.087890625 0.087890625
0 0.4453125 0.03125 0.083984375 0.083984375
0 0.869140625 0.4609375 0.083984375 0.083984375
0 0.166015625 0.951171875 0.080078125 0.080078125
0 0.390625 0.005859375 0.07421875 0.07421875
0 0.31640625 0.69921875 0.07421875 0.07421875
0 0.294921875 0.71484375 0.07421875 0.07421875
0 0.16015625 0.2265625 0.0703125 0.0703125
0 0.439453125 0.837890625 0.0625 0.0625
0 0.28515625 0.2734375 0.05859375 0.05859375
0 0.16015625 0.7265625 0.05859375 0.05859375
0 0.458984375 0.26171875 0.05078125 0.05078125
0 0.392578125 0.6953125 0.048828125 0.048828125
0 0.015625 0.849609375 0.048828125 0.048828125
0 0.552734375 0.072265625 0.048828125 0.048828125
0 0.634765625 0.99609375 0.048828125 0.048828125
0 0.341796875 0.640625 0.04296875 0.04296875
0 0.0703125 0.525390625 0.04296875 0.04296875
0 0.736328125 0.9609375 0.0390625 0.0390625
0 0.89453125 0.9921875 0.037109375 0.037109375
0 0.013671875 0.423828125 0.037109375 0.037109375
0 0.193359375 0.447265625 0.033203125 0.033203125
0 0.236328125 0.927734375 0.03125 0.03125
0 0.5859375 0.23046875 0.029296875 0.029296875
0 0.921875 0.158203125 0.02734375 0.02734375
