0 0.498046875 0.53515625 1.28515625 1.28515625
0 0.251953125 0.34375 0.376953125 0.376953125
0 0.5859375 0.244140625 0.22265625 0.22265625
0 0.189453125 0.384765625 0.166015625 0.166015625
0 0.046875 0.931640625 0.119140625 0.119140625
0 0.4140625 0.0078125 0.091796875 0.091796875
0 0.58984375 0.39453125 0.091796875 0.091796875
0 0.66015625 0.73828125 0.068359375 0.068359375
0 0.4609375 0.013671875 0.0546875 0.0546875
0 0.279296875 0.748046875 0.0546875 0.0546875
0 0.744140625 0.888671875 0.052734375 0.052734375
0 0.205078125 0.154296875 0.052734375 0.052734375
0 0.44140625 0.279296875 0.05078125 0.05078125
0 0.958984375 0.892578125 0.05078125 0.05078125
0 0.427734375 0.84765625 0.044921875 0.044921875
0 0.9921875 0.685546875 0.044921875 0.044921875
0 0.720703125 0.078125 0.041015625 0.041015625
0 0.892578125 0.994140625 0.0390625 0.0390625
0 0.0390625 0.083984375 0.037109375 0.037109375
0 0.314453125 0.1875 0.03515625 0.03515625
0 0.60546875 0.609375 0.03515625 0.03515625
0 0.294921875 0.28125 0.033203125 0.033203125
0 0.8046875 0.41015625 0.033203125 0.033203125
0 0.5859375 0.255859375 0.033203125 0.033203125
