0 0.697265625 0.037109375 0.21484375 0.21484375
0 0.33203125 0.234375 0.142578125 0.142578125
0 0.240234375 0.09765625 0.091796875 0.091796875
0 0.548828125 0.1171875 0.087890625 0.087890625
0 0.212890625 0.208984375 0.06640625 0.06640625
0 0.478515625 0.10546875 0.05859375 0.05859375
0 0.453125 0.935546875 0.298828125 0.298828125
0 0.548828125 0.62890625 0.125 0.125
0 0.529296875 0.76171875 0.115234375 0.115234375
0 0.162109375 0.77734375 0.0859375 0.0859375
0 0.095703125 0.982421875 0.064453125 0.064453125
0 0.25390625 0.740234375 0.046875 0.046875
0 0.970703125 0.39453125 0.04296875 0.04296875
0 0.1484375 0.9609375 0.0390625 0.0390625
0 0.08203125 0.673828125 0.03515625 0.03515625
0 0.46875 0.55859375 0.025390625 0.025390625
0 0.25390625 0.353515625 0.025390625 0.025390625
