0 0.13671875 0.640625 0.146484375 0.146484375
0 0.16015625 0.263671875 0.138671875 0.138671875
0 0.013671875 0.021484375 0.125 0.125
0 0.021484375 0.39453125 0.099609375 0.099609375
0 0.02734375 0.921875 0.08984375 0.08984375
0 0.15625 0.953125 0.08203125 0.08203125
0 0.06640625 0.1875 0.080078125 0.080078125
0 0.115234375 0.359375 0.080078125 0.080078125
0 0.169921875 0.208984375 0.046875 0.046875
0 0.095703125 0.796875 0.046875 0.046875
0 0.17578125 0.287109375 0.04296875 0.04296875
0 0.224609375 0.818359375 0.03515625 0.03515625
0 0.330078125 0.658203125 0.02734375 0.02734375
0 0.8203125 0.109375 0.3671875 0.3671875
0 0.830078125 0.802734375 0.169921875 0.169921875
0 0.69140625 0.29296875 0.123046875 0.123046875
0 0.396484375 0.853515625 0.099609375 0.099609375
0 0.587890625 0.62109375 0.09765625 0.09765625
0 0.912109375 0.908203125 0.078125 0.078125
0 0.943359375 0.498046875 0.07421875 0.07421875
0 0.611328125 0.947265625 0.068359375 0.068359375
0 0.72265625 0.900390625 0.0625 0.0625
0 0.69921875 0.001953125 0.060546875 0.060546875
0 0.474609375 0.21875 0.0546875 0.0546875
0 0.564453125 0.30078125 0.052734375 0.052734375
0 0.978515625 0.6640625 0.037109375 0.037109375
0 0.87890625 0.9765625 0.03515625 0.03515625
0 0.87890625 0.349609375 0.029296875 0.029296875
