0 0.46875 0.068359375 0.330078125 0.330078125
0 0.349609375 0.11328125 0.1171875 0.1171875
0 0.71875 0.15234375 0.107421875 0.107421875
0 0.8515625 0.19921875 0.068359375 0.068359375
0 0.7578125 0.21875 0.048828125 0.048828125
0 0.48828125 0.2578125 0.04296875 0.04296875
0 0.076171875 0.31640625 0.03515625 0.03515625
0 0.58203125 0.21875 0.03125 0.03125
0 0.125 0.142578125 0.02734375 0.02734375
0 0.849609375 0.15234375 0.025390625 0.025390625
0 0.4140625 0.90625 0.255859375 0.255859375
0 0.609375 0.333984375 0.1796875 0.1796875
0 0.341796875 0.64453125 0.154296875 0.154296875
0 0.39453125 0.634765625 0.111328125 0.111328125
0 0.490234375 0.578125 0.091796875 0.091796875
0 0.455078125 0.689453125 0.087890625 0.087890625
0 0.90625 0.51953125 0.0859375 0.0859375
0 0.79296875 0.9765625 0.072265625 0.072265625
0 0.208984375 0.78125 0.0703125 0.0703125
0 0.5 0.419921875 0.0703125 0.0703125
0 0.21484375 0.494140625 0.0703125 0.0703125
0 0.421875 0.46484375 0.064453125 0.064453125
0 0.841796875 0.74609375 0.056640625 0.056640625
0 0.955078125 0.51953125 0.0546875 0.0546875
0 0.9765625 0.953125 0.05078125 0.05078125
0 0.015625 0.7109375 0.05078125 0.05078125
0 0.201171875 0.6484375 0.048828125 0.048828125
0 0.8671875 0.68359375 0.048828125 0.048828125
0 0.1875 0.359375 0.048828125 0.048828125
0 0.630859375 0.73828125 0.041015625 0.041015625
0 0.455078125 0.4140625 0.037109375 0.037109375
0 0.08984375 0.9609375 0.033203125 0.033203125
0 0.724609375 0.33203125 0.03125 0.03125
0 0.017578125 0.76171875 0.03125 0.03125
0 0.365234375 0.60546875 0.029296875 0.029296875
0 0.646484375 0.607421875 0.02734375 0.02734375
0 0.205078125 0.3984375 0.02734375 0.02734375
