0 0.94921875 0.626953125 0.458984375 0.458984375
0 0.279296875 0.017578125 0.283203125 0.283203125
0 0.439453125 0.8359375 0.193359375 0.193359375
0 0.23046875 0.3046875 0.16796875 0.16796875
0 0.8203125 0.40234375 0.064453125 0.064453125
0 0.064453125 0.26953125 0.05859375 0.05859375
0 0.216796875 0.87109375 0.05859375 0.05859375
0 0.359375 0.1328125 0.056640625 0.056640625
0 0.564453125 0.3125 0.048828125 0.048828125
0 0.376953125 0.9921875 0.046875 0.046875
0 0.603515625 0.294921875 0.046875 0.046875
0 0.572265625 0.96875 0.044921875 0.044921875
0 0.41015625 0.376953125 0.04296875 0.04296875
0 0.013671875 0.283203125 0.04296875 0.04296875
0 0.177734375 0.283203125 0.041015625 0.041015625
0 0.32421875 0.7421875 0.037109375 0.037109375
0 0.228515625 0.931640625 0.037109375 0.037109375
0 0.12109375 0.93359375 0.03515625 0.03515625
0 0.296875 0.443359375 0.033203125 0.033203125
0 0.427734375 0.421875 0.03125 0.03125
0 0.982421875 0.990234375 0.029296875 0.029296875
0 0.3671875 0.501953125 0.02734375 0.02734375
0 0.888671875 0.048828125 0.02734375 0.02734375
0 0.39453125 0.1171875 0.025390625 0.025390625
0 0.44921875 0.765625 0.025390625 0.025390625
