0 0.908203125 0.76171875 0.34375 0.34375
0 0.037109375 0.505859375 0.30078125 0.30078125
0 0.30078125 0.818359375 0.162109375 0.162109375
0 0.43359375 0.365234375 0.14453125 0.14453125
0 0.935546875 0.244140625 0.13671875 0.13671875
0 0.771484375 0.275390625 0.111328125 0.111328125
0 0.205078125 0.095703125 0.109375 0.109375
0 0.365234375 0.630859375 0.099609375 0.099609375
0 0.62109375 0.3828125 0.08203125 0.08203125
0 0.611328125 0.951171875 0.080078125 0.080078125
0 0.3359375 0.513671875 0.078125 0.078125
0 0.533203125 0.73046875 0.072265625 0.072265625
0 0.51953125 0.978515625 0.072265625 0.072265625
0 0.279296875 0.693359375 0.068359375 0.068359375
0 0.52734375 0.822265625 0.064453125 0.064453125
0 0.626953125 0.705078125 0.0625 0.0625
0 0.234375 0.232421875 0.060546875 0.060546875
0 0.4375 0.947265625 0.05859375 0.05859375
0 0.48046875 0.576171875 0.056640625 0.056640625
0 0.201171875 0.888671875 0.0546875 0.0546875
0 0.94921875 0.541015625 0.0546875 0.0546875
0 0.490234375 0.4765625 0.048828125 0.048828125
0 0.154296875 0.294921875 0.048828125 0.048828125
0 0.14453125 0.24609375 0.048828125 0.048828125
0 0.427734375 0.595703125 0.046875 0.046875
0 0.44140625 0.279296875 0.046875 0.046875
0 0.013671875 0.33984375 0.046875 0.046875
0 0.40625 0.546875 0.044921875 0.044921875
0 0.1015625 0.8671875 0.041015625 0.041015625
0 0.783203125 0.439453125 0.0390625 0.0390625
0 0.853515625 0.294921875 0.0390625 0.0390625
0 0.595703125 0.25 0.0390625 0.0390625
0 0.71875 0.8515625 0.0390625 0.0390625
0 0.919921875 0.416015625 0.037109375 0.037109375
0 0.98046875 0.482421875 0.037109375 0.037109375
0 0.248046875 0.75390625 0.03515625 0.03515625
0 0.359375 0.201171875 0.033203125 0.033203125
0 0.03125 0.37109375 0.033203125 0.033203125
0 0.044921875 0.3359375 0.03125 0.03125
0 0.75 0.26171875 0.03125 0.03125
0 0.654296875 0.8515625 0.029296875 0.029296875
0 0.076171875 0.326171875 0.029296875 0.029296875
0 0.486328125 0.78125 0.02734375 0.02734375
0 0.78125 0.986328125 0.025390625 0.025390625
0 0.689453125 0.435546875 0.025390625 0.025390625
0 0.2890625 0.53125 0.025390625 0.025390625
