0 0.384765625 0.359375 0.28125 0.28125
0 0.787109375 0.857421875 0.2734375 0.2734375
0 0.736328125 0.09375 0.26953125 0.26953125
0 0.69921875 0.373046875 0.263671875 0.263671875
0 0.111328125 0.2578125 0.240234375 0.240234375
0 0.244140625 0.82421875 0.109375 0.109375
0 0.90234375 0.93359375 0.103515625 0.103515625
0 0.109375 0.017578125 0.087890625 0.087890625
0 0.765625 0.595703125 0.0859375 0.0859375
0 0.802734375 0.458984375 0.08203125 0.08203125
0 0.404296875 0.103515625 0.080078125 0.080078125
0 0.841796875 0.005859375 0.078125 0.078125
0 0.90625 0.037109375 0.0703125 0.0703125
0 0.962890625 0.3359375 0.068359375 0.068359375
0 0.59375 0.232421875 0.064453125 0.064453125
0 0.58203125 0.67578125 0.060546875 0.060546875
0 0.11328125 0.724609375 0.0546875 0.0546875
0 0.93359375 0.447265625 0.05078125 0.05078125
0 0.70703125 0.052734375 0.05078125 0.05078125
0 0.626953125 0.34375 0.048828125 0.048828125
0 0.486328125 0.5859375 0.046875 0.046875
0 0.69140625 0.146484375 0.046875 0.046875
0 0.978515625 0.244140625 0.04296875 0.04296875
0 0.99609375 0.333984375 0.041015625 0.041015625
0 0.80859375 0.01953125 0.041015625 0.041015625
0 0.86328125 0.7265625 0.037109375 0.037109375
0 0.91015625 0.544921875 0.037109375 0.037109375
0 0.63671875 0.7265625 0.037109375 0.037109375
0 0.095703125 0.150390625 0.037109375 0.037109375
0 0.15234375 0.140625 0.03515625 0.03515625
0 0.94140625 0.3125 0.033203125 0.033203125
0 0.546875 0.60546875 0.03125 0.03125
0 0.45703125 0.90625 0.03125 0.03125
0 0.251953125 0.30078125 0.029296875 0.029296875
0 0.615234375 0.80859375 0.029296875 0.029296875
0 0.18359375 0.603515625 0.029296875 0.029296875
0 0.033203125 0.25 0.029296875 0.029296875
0 0.712890625 0.64453125 0.029296875 0.029296875
0 0.810546875 0.5390625 0.029296875 0.029296875
0 0.353515625 0.466796875 0.02734375 0.02734375
0 0.04296875 0.52734375 0.02734375 0.02734375
0 0.3828125 0.326171875 0.02734375 0.02734375
0 0.322265625 0.40234375 0.02734375 0.02734375
0 0.046875 0.576171875 0.02734375 0.02734375
0 0.20703125 0.4765625 0.02734375 0.02734375
0 0.482421875 0.53125 0.025390625 0.025390625
0 0.896484375 0.310546875 0.025390625 0.025390625
