0 0.1953125 0.93359375 0.296875 0.296875
0 0.498046875 0.439453125 0.150390625 0.150390625
0 0.03125 0.36328125 0.099609375 0.099609375
0 0.029296875 0.150390625 0.09765625 0.09765625
0 0.15625 0.013671875 0.09765625 0.09765625
0 0.2265625 0.78125 0.09375 0.09375
0 0.541015625 0.74609375 0.078125 0.078125
0 0.037109375 0.505859375 0.06640625 0.06640625
0 0.296875 0.83203125 0.0625 0.0625
0 0.51171875 0.529296875 0.052734375 0.052734375
0 0.302734375 0.009765625 0.05078125 0.05078125
0 0.181640625 0.49609375 0.048828125 0.048828125
0 0.302734375 0.431640625 0.046875 0.046875
0 0.48828125 0.3203125 0.03515625 0.03515625
0 0.28515625 0.400390625 0.033203125 0.033203125
0 0.62109375 0.439453125 0.033203125 0.033203125
0 0.275390625 0.546875 0.033203125 0.033203125
0 0.232421875 0.708984375 0.029296875 0.029296875
0 0.59375 0.423828125 0.02734375 0.02734375
0 0.265625 0.296875 0.02734375 0.02734375
0 0.025390625 0.240234375 0.025390625 0.025390625
0 0.4765625 0.302734375 0.025390625 0.025390625
0 0.982421875 0.142578125 0.11328125 0.11328125
0 0.7890625 0.57421875 0.109375 0.109375
0 0.9375 0.38671875 0.109375 0.109375
0 0.697265625 0.474609375 0.0859375 0.0859375
0 0.880859375 0.384765625 0.078125 0.078125
0 0.69140625 0.62109375 0.072265625 0.072265625
0 0.85546875 0.685546875 0.060546875 0.060546875
0 0.69140625 0.54296875 0.052734375 0.052734375
0 0.673828125 0.458984375 0.03515625 0.03515625
0 0.83203125 0.29296875 0.029296875 0.029296875
0 0.87890625 0.654296875 0.029296875 0.029296875
