0 0.02734375 0.3125 0.17578125 0.17578125
0 0.11328125 0.2890625 0.064453125 0.064453125
0 0.955078125 0.431640625 0.05859375 0.05859375
0 0.638671875 0.31640625 0.0546875 0.0546875
0 0.29296875 0.208984375 0.04296875 0.04296875
0 0.1640625 0.93359375 0.041015625 0.041015625
0 0.6328125 0.38671875 0.037109375 0.037109375
0 0.619140625 0.9921875 0.033203125 0.033203125
0 0.943359375 0.36328125 0.02734375 0.02734375
0 0.580078125 0.31640625 0.025390625 0.025390625
0 0.162109375 0.2578125 0.025390625 0.025390625
0 0.953125 0.720703125 0.025390625 0.025390625
