0 0.169921875 0.912109375 0.208984375 0.208984375
0 0.53515625 0.828125 0.11328125 0.11328125
0 0.474609375 0.54296875 0.111328125 0.111328125
0 0.693359375 0.751953125 0.09765625 0.09765625
0 0.828125 0.671875 0.09375 0.09375
0 0.517578125 0.224609375 0.091796875 0.091796875
0 0.98828125 0.259765625 0.0859375 0.0859375
0 0.748046875 0.185546875 0.08203125 0.08203125
0 0.05078125 0.9765625 0.078125 0.078125
0 0.578125 0.2734375 0.07421875 0.07421875
0 0.865234375 0.25 0.068359375 0.068359375
0 0.080078125 0.404296875 0.06640625 0.06640625
0 0.09375 0.7109375 0.064453125 0.064453125
0 0.0546875 0.033203125 0.060546875 0.060546875
0 0.9140625 0.34375 0.05859375 0.05859375
0 0.615234375 0.060546875 0.05859375 0.05859375
0 0.9609375 0.5 0.05078125 0.05078125
0 0.388671875 0.8515625 0.048828125 0.048828125
0 0.103515625 0.52734375 0.046875 0.046875
0 0.830078125 0.08203125 0.044921875 0.044921875
0 0.705078125 0.517578125 0.04296875 0.04296875
0 0.748046875 0.0703125 0.04296875 0.04296875
0 0.90625 0.70703125 0.041015625 0.041015625
0 0.25390625 0.609375 0.041015625 0.041015625
0 0.259765625 0.23828125 0.037109375 0.037109375
0 0.447265625 0.197265625 0.037109375 0.037109375
0 0.1875 0.125 0.037109375 0.037109375
0 0.337890625 0.720703125 0.037109375 0.037109375
0 0.41796875 0.3359375 0.033203125 0.033203125
0 0.158203125 0.9453125 0.03125 0.03125
0 0.12890625 0.357421875 0.029296875 0.029296875
0 0.69140625 0.21484375 0.029296875 0.029296875
0 0.39453125 0.81640625 0.029296875 0.029296875
0 0.193359375 0.8984375 0.02734375 0.02734375
0 0.013671875 0.8203125 0.02734375 0.02734375
0 0.22265625 0.033203125 0.02734375 0.02734375
0 0.55859375 0.947265625 0.02734375 0.02734375
0 0.37890625 0.673828125 0.025390625 0.025390625
0 0.896484375 0.26171875 0.025390625 0.025390625
0 0.841796875 0.837890625 0.025390625 0.025390625
