0 0.25 0.736328125 0.138671875 0.138671875
0 0.125 0.31640625 0.05078125 0.05078125
0 0.171875 0.30078125 0.048828125 0.048828125
0 0.134765625 0.826171875 0.04296875 0.04296875
0 0.298828125 0.685546875 0.04296875 0.04296875
0 0.328125 0.5234375 0.037109375 0.037109375
0 0.17578125 0.251953125 0.037109375 0.037109375
0 0.154296875 0.494140625 0.03125 0.03125
0 0.177734375 0.546875 0.03125 0.03125
0 0.908203125 0.79296875 0.14453125 0.14453125
0 0.3671875 0.853515625 0.109375 0.109375
0 0.3359375 0.48046875 0.103515625 0.103515625
0 0.494140625 0.861328125 0.1015625 0.1015625
0 0.958984375 0.37109375 0.0859375 0.0859375
0 0.994140625 0.958984375 0.076171875 0.076171875
0 0.900390625 0.427734375 0.06640625 0.06640625
0 0.375 0.107421875 0.037109375 0.037109375
0 0.51953125 0.83203125 0.037109375 0.037109375
0 0.380859375 0.984375 0.037109375 0.037109375
0 0.46484375 0.919921875 0.033203125 0.033203125
0 0.58203125 0.783203125 0.029296875 0.029296875
0 0.6328125 0.599609375 0.025390625 0.025390625
