0 0.431640625 0.537109375 0.259765625 0.259765625
0 0.224609375 0.6328125 0.189453125 0.189453125
0 0.265625 0.75 0.103515625 0.103515625
0 0.234375 0.818359375 0.1015625 0.1015625
0 0.0234375 0.90625 0.078125 0.078125
0 0.453125 0.671875 0.0703125 0.0703125
0 0.2109375 0.9140625 0.0703125 0.0703125
0 0.111328125 0.171875 0.068359375 0.068359375
0 0.35546875 0.236328125 0.068359375 0.068359375
0 0.923828125 0.380859375 0.068359375 0.068359375
0 0.1953125 0.28125 0.0625 0.0625
0 0.373046875 0.833984375 0.0625 0.0625
0 0.537109375 0.818359375 0.056640625 0.056640625
0 0.849609375 0.87109375 0.0546875 0.0546875
0 0.900390625 0.4609375 0.0546875 0.0546875
0 0.896484375 0.693359375 0.052734375 0.052734375
0 0.544921875 0.853515625 0.052734375 0.052734375
0 0.28125 0.953125 0.048828125 0.048828125
0 0.404296875 0.771484375 0.048828125 0.048828125
0 0.4296875 0.12109375 0.044921875 0.044921875
0 0.845703125 0.9296875 0.044921875 0.044921875
0 0.373046875 0.986328125 0.04296875 0.04296875
0 0.15234375 0.591796875 0.0390625 0.0390625
0 0.166015625 0.765625 0.0390625 0.0390625
0 0.0390625 0.953125 0.0390625 0.0390625
0 0.9453125 0.3046875 0.0390625 0.0390625
0 0.349609375 0.662109375 0.037109375 0.037109375
0 0.42578125 0.3671875 0.037109375 0.037109375
0 0.392578125 0.8984375 0.037109375 0.037109375
0 0.0078125 0.306640625 0.03515625 0.03515625
0 0.4375 0.84765625 0.03515625 0.03515625
0 0.619140625 0.322265625 0.03515625 0.03515625
0 0.921875 0.53125 0.03515625 0.03515625
0 0.5546875 0.345703125 0.033203125 0.033203125
0 0.34375 0.1015625 0.033203125 0.033203125
0 0.390625 0.876953125 0.03125 0.03125
0 0.255859375 0.423828125 0.02734375 0.02734375
0 0.501953125 0.1015625 0.02734375 0.02734375
0 0.4375 0.603515625 0.02734375 0.02734375
0 0.83203125 0.45703125 0.02734375 0.02734375
0 0.326171875 0.466796875 0.025390625 0.025390625
