0 0.396484375 0.783203125 0.1484375 0.1484375
0 0.345703125 0.73046875 0.12890625 0.12890625
0 0.56640625 0.126953125 0.11328125 0.11328125
0 0.552734375 0.41796875 0.107421875 0.107421875
0 0.595703125 0.361328125 0.103515625 0.103515625
0 0.4921875 0.98046875 0.083984375 0.083984375
0 0.97265625 0.501953125 0.078125 0.078125
0 0.986328125 0.0390625 0.076171875 0.076171875
0 0.537109375 0.283203125 0.076171875 0.076171875
0 0.84375 0.357421875 0.076171875 0.076171875
0 0.517578125 0.14453125 0.068359375 0.068359375
0 0.853515625 0.31640625 0.06640625 0.06640625
0 0.484375 0.15625 0.06640625 0.06640625
0 0.978515625 0.65234375 0.064453125 0.064453125
0 0.759765625 0.0703125 0.056640625 0.056640625
0 0.859375 0.69140625 0.056640625 0.056640625
0 0.888671875 0.3125 0.05078125 0.05078125
0 0.408203125 0.83203125 0.048828125 0.048828125
0 0.658203125 0.630859375 0.048828125 0.048828125
0 0.482421875 0.642578125 0.044921875 0.044921875
0 0.22265625 0.095703125 0.041015625 0.041015625
0 0.404296875 0.43359375 0.037109375 0.037109375
0 0.44921875 0.396484375 0.037109375 0.037109375
0 0.517578125 0.25 0.037109375 0.037109375
0 0.138671875 0.896484375 0.03515625 0.03515625
0 0.435546875 0.416015625 0.033203125 0.033203125
0 0.455078125 0.349609375 0.033203125 0.033203125
0 0.1015625 0.07421875 0.03125 0.03125
0 0.865234375 0.7109375 0.03125 0.03125
0 0.75 0.26953125 0.03125 0.03125
0 0.77734375 0.552734375 0.03125 0.03125
0 0.359375 0.09375 0.029296875 0.029296875
0 0.498046875 0.4609375 0.029296875 0.029296875
0 0.478515625 0.91015625 0.02734375 0.02734375
0 0.09765625 0.146484375 0.02734375 0.02734375
0 0.125 0.53515625 0.02734375 0.02734375
0 0.0390625 0.732421875 0.02734375 0.02734375
0 0.447265625 0.271484375 0.02734375 0.02734375
0 0.29296875 0.94140625 0.025390625 0.025390625
0 0.052734375 0.828125 0.025390625 0.025390625
0 0.384765625 0.12109375 0.025390625 0.025390625
