0 0.638671875 0.20703125 0.28125 0.28125
0 0.4296875 0.3828125 0.171875 0.171875
0 0.9765625 0.53125 0.1640625 0.1640625
0 0.65625 0.75390625 0.1484375 0.1484375
0 0.0703125 0.458984375 0.1171875 0.1171875
0 0.478515625 0.607421875 0.11328125 0.11328125
0 0.669921875 0.482421875 0.109375 0.109375
0 0.7578125 0.296875 0.10546875 0.10546875
0 0.876953125 0.46484375 0.103515625 0.103515625
0 0.525390625 0.505859375 0.09765625 0.09765625
0 0.177734375 0.388671875 0.080078125 0.080078125
0 0.244140625 0.205078125 0.0703125 0.0703125
0 0.19921875 0.056640625 0.068359375 0.068359375
0 0.80859375 0.939453125 0.068359375 0.068359375
0 0.9453125 0.626953125 0.05078125 0.05078125
0 0.57421875 0.849609375 0.044921875 0.044921875
0 0.072265625 0.693359375 0.0390625 0.0390625
0 0.66796875 0.87109375 0.033203125 0.033203125
0 0.0390625 0.287109375 0.033203125 0.033203125
0 0.9921875 0.62109375 0.03125 0.03125
0 0.84765625 0.416015625 0.03125 0.03125
0 0.748046875 0.04296875 0.029296875 0.029296875
0 0.00390625 0.2578125 0.029296875 0.029296875
0 0.17578125 0.34765625 0.025390625 0.025390625
0 0.40234375 0.892578125 0.025390625 0.025390625
0 0.908203125 0.259765625 0.025390625 0.025390625
