0 0.205078125 0.03515625 0.189453125 0.189453125
0 0.58984375 0.775390625 0.109375 0.109375
0 0.91796875 0.962890625 0.107421875 0.107421875
0 0.638671875 0.5078125 0.091796875 0.091796875
0 0.650390625 0.46875 0.087890625 0.087890625
0 0.642578125 0.12109375 0.08203125 0.08203125
0 0.865234375 0.08203125 0.072265625 0.072265625
0 0.845703125 0.912109375 0.064453125 0.064453125
0 0.52734375 0.619140625 0.0625 0.0625
0 0.361328125 0.4375 0.060546875 0.060546875
0 0.478515625 0.8203125 0.044921875 0.044921875
0 0.748046875 0.814453125 0.037109375 0.037109375
0 0.63671875 0.7734375 0.03125 0.03125
0 0.173828125 0.482421875 0.02734375 0.02734375
0 0.10546875 0.080078125 0.02734375 0.02734375
0 0.3359375 0.951171875 0.025390625 0.025390625
