0 0.759765625 0.755859375 0.2265625 0.2265625
0 0.828125 0.015625 0.20703125 0.20703125
0 0.27734375 0.806640625 0.201171875 0.201171875
0 0.830078125 0.65625 0.15234375 0.15234375
0 0.40625 0.3515625 0.125 0.125
0 0.748046875 0.130859375 0.087890625 0.087890625
0 0.982421875 0.791015625 0.064453125 0.064453125
0 0.544921875 0.236328125 0.064453125 0.064453125
0 0.951171875 0.95703125 0.052734375 0.052734375
0 0.68359375 0.029296875 0.05078125 0.05078125
0 0.96484375 0.58203125 0.048828125 0.048828125
0 0.04296875 0.068359375 0.048828125 0.048828125
0 0.044921875 0.525390625 0.048828125 0.048828125
0 0.759765625 0.326171875 0.044921875 0.044921875
0 0.791015625 0.2890625 0.044921875 0.044921875
0 0.193359375 0.3359375 0.044921875 0.044921875
0 0.36328125 0.166015625 0.04296875 0.04296875
0 0.517578125 0.484375 0.0390625 0.0390625
0 0.77734375 0.060546875 0.0390625 0.0390625
0 0.185546875 0.662109375 0.037109375 0.037109375
0 0.65625 0.013671875 0.037109375 0.037109375
0 0.23046875 0.83203125 0.03515625 0.03515625
0 0.5859375 0.755859375 0.03515625 0.03515625
0 0.6171875 0.4375 0.03515625 0.03515625
0 0.828125 0.373046875 0.03515625 0.03515625
0 0.251953125 0.6171875 0.033203125 0.033203125
0 0.392578125 0.00390625 0.033203125 0.033203125
0 0.296875 0.943359375 0.033203125 0.033203125
0 0.626953125 0.0625 0.03125 0.03125
0 0.580078125 0.267578125 0.03125 0.03125
0 0.490234375 0.39453125 0.03125 0.03125
0 0.33203125 0.69140625 0.029296875 0.029296875
0 0.08984375 0.7421875 0.029296875 0.029296875
0 0.69140625 0.779296875 0.02734375 0.02734375
0 0.890625 0.513671875 0.02734375 0.02734375
0 0.27734375 0.609375 0.02734375 0.02734375
0 0.865234375 0.2265625 0.02734375 0.02734375
0 0.46875 0.607421875 0.02734375 0.02734375
0 0.943359375 0.228515625 0.025390625 0.025390625
0 0.5 0.28125 0.025390625 0.025390625
