0 0.087890625 0.810546875 0.08203125 0.08203125
0 0.27734375 0.345703125 0.0546875 0.0546875
0 0.751953125 0.345703125 0.0546875 0.0546875
0 0.654296875 0.431640625 0.052734375 0.052734375
0 0.041015625 0.501953125 0.048828125 0.048828125
0 0.81640625 0.619140625 0.03515625 0.03515625
0 0.97265625 0.78515625 0.03125 0.03125
0 0.306640625 0.51953125 0.02734375 0.02734375
0 0.0546875 0.548828125 0.02734375 0.02734375
0 0.31640625 0.591796875 0.02734375 0.02734375
0 0.767578125 0.001953125 0.025390625 0.025390625
0 0.263671875 0.6953125 0.025390625 0.025390625
