0 0.865234375 0.701171875 0.232421875 0.232421875
0 0.18359375 0.55078125 0.130859375 0.130859375
0 0.345703125 0.345703125 0.130859375 0.130859375
0 0.130859375 0.861328125 0.12890625 0.12890625
0 0.357421875 0.404296875 0.12109375 0.12109375
0 0.4609375 0.779296875 0.119140625 0.119140625
0 0.771484375 0.09765625 0.11328125 0.11328125
0 0.849609375 0.7890625 0.10546875 0.10546875
0 0.462890625 0.150390625 0.099609375 0.099609375
0 0.0078125 0.5703125 0.095703125 0.095703125
0 0.494140625 0.71484375 0.087890625 0.087890625
0 0.2265625 0.708984375 0.0859375 0.0859375
0 0.2265625 0.8203125 0.068359375 0.068359375
0 0.802734375 0.0 0.06640625 0.06640625
0 0.1875 0.8984375 0.052734375 0.052734375
0 0.52734375 0.984375 0.044921875 0.044921875
0 0.7421875 0.23828125 0.04296875 0.04296875
0 0.07421875 0.099609375 0.041015625 0.041015625
0 0.396484375 0.80078125 0.0390625 0.0390625
0 0.330078125 0.759765625 0.03515625 0.03515625
0 0.69140625 0.833984375 0.033203125 0.033203125
0 0.53125 0.302734375 0.025390625 0.025390625
0 0.658203125 0.2578125 0.025390625 0.025390625
0 0.70703125 0.181640625 0.025390625 0.025390625
