0 0.9765625 0.97265625 0.236328125 0.236328125
0 0.509765625 0.9375 0.19140625 0.19140625
0 0.86328125 0.326171875 0.1796875 0.1796875
0 0.23828125 0.865234375 0.150390625 0.150390625
0 0.98828125 0.474609375 0.140625 0.140625
0 0.224609375 0.328125 0.13671875 0.13671875
0 0.498046875 0.04296875 0.1328125 0.1328125
0 0.72265625 0.2421875 0.1328125 0.1328125
0 0.513671875 0.83984375 0.126953125 0.126953125
0 0.892578125 0.8203125 0.111328125 0.111328125
0 0.974609375 0.251953125 0.109375 0.109375
0 0.953125 0.60546875 0.10546875 0.10546875
0 0.162109375 0.943359375 0.087890625 0.087890625
0 0.166015625 0.62890625 0.087890625 0.087890625
0 0.08203125 0.80078125 0.080078125 0.080078125
0 0.1796875 0.517578125 0.080078125 0.080078125
0 0.947265625 0.421875 0.07421875 0.07421875
0 0.220703125 0.10546875 0.068359375 0.068359375
0 0.609375 0.69921875 0.060546875 0.060546875
0 0.61328125 0.541015625 0.05859375 0.05859375
0 0.115234375 0.73046875 0.05859375 0.05859375
0 0.99609375 0.8984375 0.056640625 0.056640625
0 0.755859375 0.5234375 0.0546875 0.0546875
0 0.947265625 0.861328125 0.0546875 0.0546875
0 0.6484375 0.833984375 0.05078125 0.05078125
0 0.875 0.037109375 0.048828125 0.048828125
0 0.748046875 0.962890625 0.046875 0.046875
0 0.38671875 0.326171875 0.046875 0.046875
0 0.994140625 0.732421875 0.041015625 0.041015625
0 0.880859375 0.89453125 0.037109375 0.037109375
0 0.259765625 0.67578125 0.03125 0.03125
0 0.51953125 0.96875 0.03125 0.03125
0 0.578125 0.787109375 0.03125 0.03125
0 0.779296875 0.599609375 0.029296875 0.029296875
0 0.076171875 0.958984375 0.02734375 0.02734375
0 0.830078125 0.716796875 0.02734375 0.02734375
0 0.548828125 0.703125 0.025390625 0.025390625
