0 0.578125 0.537109375 0.22265625 0.22265625
0 0.5703125 0.1328125 0.21484375 0.21484375
0 0.552734375 0.24609375 0.173828125 0.173828125
0 0.92578125 0.083984375 0.166015625 0.166015625
0 0.69140625 0.66015625 0.162109375 0.162109375
0 0.28125 0.76953125 0.162109375 0.162109375
0 0.314453125 0.083984375 0.158203125 0.158203125
0 0.0078125 0.41015625 0.138671875 0.138671875
0 0.287109375 0.904296875 0.123046875 0.123046875
0 0.505859375 0.81640625 0.12109375 0.12109375
0 0.25390625 0.1875 0.11328125 0.11328125
0 0.6953125 0.033203125 0.10546875 0.10546875
0 0.080078125 0.787109375 0.1015625 0.1015625
0 0.4765625 0.9140625 0.09765625 0.09765625
0 0.552734375 0.8671875 0.095703125 0.095703125
0 0.41796875 0.83984375 0.087890625 0.087890625
0 0.70703125 0.3359375 0.0859375 0.0859375
0 0.19140625 0.8359375 0.080078125 0.080078125
0 0.46484375 0.08203125 0.07421875 0.07421875
0 0.611328125 0.837890625 0.072265625 0.072265625
0 0.19921875 0.580078125 0.068359375 0.068359375
0 0.6328125 0.69921875 0.05078125 0.05078125
0 0.630859375 0.8125 0.048828125 0.048828125
0 0.3671875 0.9296875 0.046875 0.046875
0 0.8046875 0.84765625 0.046875 0.046875
0 0.279296875 0.466796875 0.046875 0.046875
0 0.404296875 0.015625 0.044921875 0.044921875
0 0.455078125 0.77734375 0.044921875 0.044921875
0 0.607421875 0.5703125 0.041015625 0.041015625
0 0.96875 0.298828125 0.0390625 0.0390625
0 0.50390625 0.958984375 0.0390625 0.0390625
0 0.560546875 0.36328125 0.037109375 0.037109375
0 0.85546875 0.00390625 0.033203125 0.033203125
0 0.6171875 0.3125 0.033203125 0.033203125
0 0.669921875 0.1875 0.033203125 0.033203125
0 0.7734375 0.7890625 0.03125 0.03125
0 0.77734375 0.859375 0.03125 0.03125
0 0.75390625 0.97265625 0.03125 0.03125
0 0.232421875 0.076171875 0.029296875 0.029296875
0 0.1640625 0.072265625 0.029296875 0.029296875
0 0.736328125 0.798828125 0.029296875 0.029296875
0 0.984375 0.80078125 0.029296875 0.029296875
0 0.673828125 0.533203125 0.029296875 0.029296875
0 0.484375 0.978515625 0.029296875 0.029296875
0 0.19921875 0.849609375 0.02734375 0.02734375
