0 0.83203125 0.611328125 0.259765625 0.259765625
0 0.1640625 0.4140625 0.220703125 0.220703125
0 0.83984375 0.818359375 0.216796875 0.216796875
0 0.1640625 0.537109375 0.1796875 0.1796875
0 0.966796875 0.3359375 0.1796875 0.1796875
0 0.125 0.255859375 0.1796875 0.1796875
0 0.40234375 0.787109375 0.17578125 0.17578125
0 0.759765625 0.755859375 0.150390625 0.150390625
0 0.142578125 0.1875 0.14453125 0.14453125
0 0.50390625 0.396484375 0.09375 0.09375
0 0.384765625 0.041015625 0.087890625 0.087890625
0 0.86328125 0.54296875 0.07421875 0.07421875
0 0.310546875 0.38671875 0.072265625 0.072265625
0 0.63671875 0.42578125 0.0703125 0.0703125
0 0.619140625 0.98046875 0.06640625 0.06640625
0 0.845703125 0.720703125 0.06640625 0.06640625
0 0.8984375 0.0390625 0.064453125 0.064453125
0 0.01953125 0.138671875 0.056640625 0.056640625
0 0.552734375 0.912109375 0.056640625 0.056640625
0 0.70703125 0.59765625 0.0546875 0.0546875
0 0.43359375 0.23828125 0.052734375 0.052734375
0 0.646484375 0.779296875 0.05078125 0.05078125
0 0.1171875 0.931640625 0.05078125 0.05078125
0 0.826171875 0.603515625 0.05078125 0.05078125
0 0.953125 0.078125 0.048828125 0.048828125
0 0.505859375 0.728515625 0.044921875 0.044921875
0 0.193359375 0.02734375 0.044921875 0.044921875
0 0.75390625 0.458984375 0.04296875 0.04296875
0 0.55859375 0.79296875 0.041015625 0.041015625
0 0.82421875 0.1640625 0.0390625 0.0390625
0 0.900390625 0.130859375 0.0390625 0.0390625
0 0.880859375 0.927734375 0.037109375 0.037109375
0 0.37109375 0.58203125 0.03515625 0.03515625
0 0.3984375 0.28125 0.03515625 0.03515625
0 0.697265625 0.623046875 0.029296875 0.029296875
0 0.607421875 0.732421875 0.029296875 0.029296875
0 0.109375 0.8515625 0.029296875 0.029296875
0 0.470703125 0.3515625 0.02734375 0.02734375
0 0.916015625 0.974609375 0.02734375 0.02734375
0 0.962890625 0.767578125 0.02734375 0.02734375
0 0.27734375 0.787109375 0.025390625 0.025390625
