0 0.625 0.171875 0.21875 0.21875
0 0.193359375 0.29296875 0.173828125 0.173828125
0 0.17578125 0.5703125 0.173828125 0.173828125
0 0.982421875 0.24609375 0.162109375 0.162109375
0 0.330078125 0.369140625 0.15234375 0.15234375
0 0.607421875 0.68359375 0.142578125 0.142578125
0 0.5390625 0.935546875 0.130859375 0.130859375
0 0.357421875 0.380859375 0.12109375 0.12109375
0 0.837890625 0.880859375 0.099609375 0.099609375
0 0.931640625 0.193359375 0.09765625 0.09765625
0 0.822265625 0.169921875 0.083984375 0.083984375
0 0.18359375 0.416015625 0.080078125 0.080078125
0 0.06640625 0.447265625 0.0625 0.0625
0 0.830078125 0.4453125 0.052734375 0.052734375
0 0.298828125 0.474609375 0.052734375 0.052734375
0 0.439453125 0.755859375 0.052734375 0.052734375
0 0.34375 0.9609375 0.05078125 0.05078125
0 0.341796875 0.759765625 0.05078125 0.05078125
0 0.00390625 0.056640625 0.044921875 0.044921875
0 0.27734375 0.615234375 0.041015625 0.041015625
0 0.07421875 0.513671875 0.041015625 0.041015625
0 0.40234375 0.576171875 0.037109375 0.037109375
0 0.68359375 0.119140625 0.037109375 0.037109375
0 0.982421875 0.9921875 0.033203125 0.033203125
0 0.294921875 0.21875 0.033203125 0.033203125
0 0.126953125 0.982421875 0.029296875 0.029296875
0 0.435546875 0.091796875 0.02734375 0.02734375
