0 0.908203125 0.677734375 0.216796875 0.216796875
0 0.095703125 0.4296875 0.197265625 0.197265625
0 0.033203125 0.783203125 0.193359375 0.193359375
0 0.888671875 0.294921875 0.10546875 0.10546875
0 0.412109375 0.755859375 0.099609375 0.099609375
0 0.498046875 0.73046875 0.09765625 0.09765625
0 0.630859375 0.955078125 0.09375 0.09375
0 0.671875 0.189453125 0.0859375 0.0859375
0 0.361328125 0.953125 0.0859375 0.0859375
0 0.859375 0.548828125 0.0859375 0.0859375
0 0.30859375 0.771484375 0.083984375 0.083984375
0 0.865234375 0.8984375 0.08203125 0.08203125
0 0.173828125 0.77734375 0.076171875 0.076171875
0 0.158203125 0.841796875 0.0703125 0.0703125
0 0.38671875 0.09765625 0.068359375 0.068359375
0 0.572265625 0.837890625 0.064453125 0.064453125
0 0.890625 0.8828125 0.064453125 0.064453125
0 0.802734375 0.259765625 0.0625 0.0625
0 0.9140625 0.791015625 0.0625 0.0625
0 0.970703125 0.91015625 0.060546875 0.060546875
0 0.322265625 0.884765625 0.05859375 0.05859375
0 0.5 0.46484375 0.056640625 0.056640625
0 0.73828125 0.943359375 0.056640625 0.056640625
0 0.66015625 0.4765625 0.052734375 0.052734375
0 0.572265625 0.275390625 0.05078125 0.05078125
0 0.513671875 0.921875 0.044921875 0.044921875
0 0.91015625 0.83203125 0.04296875 0.04296875
0 0.564453125 0.6875 0.04296875 0.04296875
0 0.32421875 0.640625 0.041015625 0.041015625
0 0.525390625 0.857421875 0.041015625 0.041015625
0 0.189453125 0.306640625 0.0390625 0.0390625
0 0.65625 0.533203125 0.0390625 0.0390625
0 0.427734375 0.412109375 0.0390625 0.0390625
0 0.986328125 0.314453125 0.0390625 0.0390625
0 0.146484375 0.75 0.037109375 0.037109375
0 0.49609375 0.31640625 0.03515625 0.03515625
0 0.80859375 0.828125 0.03515625 0.03515625
0 0.138671875 0.48046875 0.03515625 0.03515625
0 0.59765625 0.095703125 0.03515625 0.03515625
0 0.4296875 0.146484375 0.03515625 0.03515625
0 0.353515625 0.076171875 0.029296875 0.029296875
0 0.81640625 0.771484375 0.02734375 0.02734375
0 0.05859375 0.587890625 0.02734375 0.02734375
