0 0.654296875 0.208984375 0.154296875 0.154296875
0 0.265625 0.47265625 0.13671875 0.13671875
0 0.400390625 0.36328125 0.107421875 0.107421875
0 0.201171875 0.14453125 0.10546875 0.10546875
0 0.572265625 0.82421875 0.099609375 0.099609375
0 0.443359375 0.560546875 0.099609375 0.099609375
0 0.498046875 0.38671875 0.099609375 0.099609375
0 0.01953125 0.02734375 0.09765625 0.09765625
0 0.927734375 0.166015625 0.09375 0.09375
0 0.63671875 0.515625 0.087890625 0.087890625
0 0.744140625 0.068359375 0.076171875 0.076171875
0 0.359375 0.345703125 0.06640625 0.06640625
0 0.8828125 0.48828125 0.060546875 0.060546875
0 0.30859375 0.23046875 0.060546875 0.060546875
0 0.201171875 0.0625 0.0546875 0.0546875
0 0.609375 0.751953125 0.046875 0.046875
0 0.96875 0.646484375 0.046875 0.046875
0 0.6640625 0.54296875 0.044921875 0.044921875
0 0.236328125 0.220703125 0.044921875 0.044921875
0 0.41796875 0.271484375 0.0390625 0.0390625
0 0.34765625 0.1640625 0.037109375 0.037109375
0 0.400390625 0.306640625 0.037109375 0.037109375
0 0.205078125 0.4296875 0.03515625 0.03515625
0 0.20703125 0.0 0.03515625 0.03515625
0 0.359375 0.00390625 0.033203125 0.033203125
0 0.2578125 0.21875 0.03125 0.03125
0 0.302734375 0.68359375 0.029296875 0.029296875
0 0.169921875 0.3046875 0.029296875 0.029296875
0 0.349609375 0.6640625 0.029296875 0.029296875
0 0.76171875 0.3203125 0.029296875 0.029296875
0 0.796875 0.384765625 0.029296875 0.029296875
0 0.166015625 0.34765625 0.025390625 0.025390625
0 0.435546875 0.314453125 0.025390625 0.025390625
