0 0.25 0.529296875 0.197265625 0.197265625
0 0.068359375 0.5625 0.16796875 0.16796875
0 0.93359375 0.9921875 0.12890625 0.12890625
0 0.96875 0.4375 0.11328125 0.11328125
0 0.693359375 0.82421875 0.095703125 0.095703125
0 0.640625 0.546875 0.09375 0.09375
0 0.84765625 0.421875 0.080078125 0.080078125
0 0.87890625 0.53125 0.07421875 0.07421875
0 0.56640625 0.755859375 0.0625 0.0625
0 0.271484375 0.62109375 0.060546875 0.060546875
0 0.111328125 0.646484375 0.056640625 0.056640625
0 0.033203125 0.353515625 0.052734375 0.052734375
0 0.3203125 0.64453125 0.052734375 0.052734375
0 0.373046875 0.89453125 0.05078125 0.05078125
0 0.83203125 0.533203125 0.05078125 0.05078125
0 0.115234375 0.4296875 0.048828125 0.048828125
0 0.9609375 0.6875 0.044921875 0.044921875
0 0.951171875 0.78515625 0.04296875 0.04296875
0 0.162109375 0.873046875 0.041015625 0.041015625
0 0.40234375 0.458984375 0.041015625 0.041015625
0 0.927734375 0.703125 0.0390625 0.0390625
0 0.484375 0.728515625 0.0390625 0.0390625
0 0.9609375 0.505859375 0.037109375 0.037109375
0 0.44921875 0.478515625 0.037109375 0.037109375
0 0.73828125 0.447265625 0.037109375 0.037109375
0 0.0 0.69921875 0.03515625 0.03515625
0 0.36328125 0.728515625 0.033203125 0.033203125
0 0.134765625 0.841796875 0.03125 0.03125
0 0.689453125 0.3359375 0.03125 0.03125
0 0.46484375 0.603515625 0.03125 0.03125
0 0.115234375 0.748046875 0.029296875 0.029296875
0 0.994140625 0.935546875 0.02734375 0.02734375
0 0.515625 0.9296875 0.02734375 0.02734375
0 0.484375 0.373046875 0.02734375 0.02734375
0 0.01171875 0.990234375 0.02734375 0.02734375
0 0.158203125 0.390625 0.02734375 0.02734375
0 0.701171875 0.87109375 0.02734375 0.02734375
0 0.826171875 0.9375 0.02734375 0.02734375
0 0.880859375 0.572265625 0.025390625 0.025390625
0 0.126953125 0.1015625 0.025390625 0.025390625
