0 0.40234375 0.7578125 0.111328125 0.111328125
0 0.380859375 0.455078125 0.099609375 0.099609375
0 0.404296875 0.759765625 0.08984375 0.08984375
0 0.017578125 0.716796875 0.076171875 0.076171875
0 0.013671875 0.765625 0.0625 0.0625
0 0.509765625 0.3203125 0.056640625 0.056640625
0 0.1796875 0.83203125 0.046875 0.046875
0 0.345703125 0.123046875 0.033203125 0.033203125
0 0.990234375 0.701171875 0.033203125 0.033203125
0 0.111328125 0.296875 0.033203125 0.033203125
0 0.24609375 0.291015625 0.029296875 0.029296875
0 0.48828125 0.234375 0.02734375 0.02734375
0 0.666015625 0.244140625 0.02734375 0.02734375
0 0.080078125 0.3515625 0.02734375 0.02734375
