0 0.9765625 0.310546875 0.83203125 0.83203125
0 0.689453125 0.255859375 0.1015625 0.1015625
0 0.40625 0.24609375 0.078125 0.078125
0 0.796875 0.021484375 0.0703125 0.0703125
0 0.302734375 0.146484375 0.068359375 0.068359375
0 0.677734375 0.16796875 0.068359375 0.068359375
0 0.515625 0.26171875 0.05859375 0.05859375
0 0.611328125 0.111328125 0.05859375 0.05859375
0 0.85546875 0.01171875 0.0390625 0.0390625
0 0.041015625 0.00390625 0.0390625 0.0390625
0 0.23828125 0.203125 0.037109375 0.037109375
0 0.28515625 0.07421875 0.03125 0.03125
0 0.537109375 0.009765625 0.03125 0.03125
0 0.5234375 0.201171875 0.029296875 0.029296875
0 0.994140625 0.1484375 0.029296875 0.029296875
0 0.23828125 0.21875 0.025390625 0.025390625
0 0.01953125 0.94140625 0.181640625 0.181640625
0 0.6875 0.904296875 0.140625 0.140625
0 0.78125 0.375 0.09375 0.09375
0 0.341796875 0.609375 0.087890625 0.087890625
0 0.107421875 0.412109375 0.078125 0.078125
0 0.36328125 0.87890625 0.068359375 0.068359375
0 0.30078125 0.865234375 0.060546875 0.060546875
0 0.263671875 0.34375 0.05859375 0.05859375
0 0.833984375 0.990234375 0.056640625 0.056640625
0 0.189453125 0.767578125 0.05078125 0.05078125
0 0.466796875 0.69140625 0.048828125 0.048828125
0 0.5234375 0.80859375 0.046875 0.046875
0 0.078125 0.353515625 0.044921875 0.044921875
0 0.04296875 0.41015625 0.041015625 0.041015625
0 0.849609375 0.7890625 0.0390625 0.0390625
0 0.396484375 0.94140625 0.0390625 0.0390625
0 0.724609375 0.583984375 0.033203125 0.033203125
0 0.75 0.69921875 0.029296875 0.029296875
0 0.390625 0.541015625 0.029296875 0.029296875
0 0.296875 0.537109375 0.02734375 0.02734375
0 0.455078125 0.837890625 0.025390625 0.025390625
