0 0.4140625 0.642578125 0.267578125 0.267578125
0 0.23046875 0.70703125 0.1640625 0.1640625
0 0.447265625 0.2265625 0.115234375 0.115234375
0 0.875 0.99609375 0.09375 0.09375
0 0.95703125 0.154296875 0.08984375 0.08984375
0 0.0 0.298828125 0.0859375 0.0859375
0 0.759765625 0.234375 0.076171875 0.076171875
0 0.228515625 0.615234375 0.076171875 0.076171875
0 0.849609375 0.73046875 0.072265625 0.072265625
0 0.16796875 0.2109375 0.072265625 0.072265625
0 0.939453125 0.99609375 0.072265625 0.072265625
0 0.248046875 0.220703125 0.068359375 0.068359375
0 0.939453125 0.748046875 0.064453125 0.064453125
0 0.451171875 0.134765625 0.0625 0.0625
0 0.5234375 0.2890625 0.05859375 0.05859375
0 0.177734375 0.3515625 0.056640625 0.056640625
0 0.009765625 0.2578125 0.0546875 0.0546875
0 0.97265625 0.810546875 0.05078125 0.05078125
0 0.08984375 0.396484375 0.048828125 0.048828125
0 0.22265625 0.208984375 0.046875 0.046875
0 0.89453125 0.056640625 0.046875 0.046875
0 0.91015625 0.541015625 0.046875 0.046875
0 0.072265625 0.890625 0.046875 0.046875
0 0.73046875 0.037109375 0.044921875 0.044921875
0 0.9296875 0.236328125 0.044921875 0.044921875
0 0.947265625 0.72265625 0.0390625 0.0390625
0 0.056640625 0.29296875 0.0390625 0.0390625
0 0.08984375 0.17578125 0.037109375 0.037109375
0 0.77734375 0.291015625 0.03515625 0.03515625
0 0.353515625 0.048828125 0.033203125 0.033203125
0 0.115234375 0.56640625 0.033203125 0.033203125
0 0.263671875 0.37109375 0.03125 0.03125
0 0.384765625 0.318359375 0.03125 0.03125
0 0.916015625 0.005859375 0.03125 0.03125
0 0.302734375 0.263671875 0.02734375 0.02734375
0 0.87109375 0.669921875 0.02734375 0.02734375
0 0.443359375 0.021484375 0.02734375 0.02734375
0 0.53125 0.19140625 0.02734375 0.02734375
0 0.703125 0.427734375 0.02734375 0.02734375
0 0.603515625 0.14453125 0.02734375 0.02734375
0 0.0859375 0.140625 0.025390625 0.025390625
0 0.533203125 0.421875 0.025390625 0.025390625
0 0.0546875 0.07421875 0.025390625 0.025390625
0 0.845703125 0.736328125 0.025390625 0.025390625
