0 0.55859375 0.00390625 0.330078125 0.330078125
0 0.396484375 0.5 0.181640625 0.181640625
0 0.91796875 0.875 0.162109375 0.162109375
0 0.822265625 0.599609375 0.142578125 0.142578125
0 0.12109375 0.59765625 0.138671875 0.138671875
0 0.265625 0.568359375 0.123046875 0.123046875
0 0.087890625 0.94140625 0.1171875 0.1171875
0 0.29296875 0.7578125 0.111328125 0.111328125
0 0.130859375 0.39453125 0.083984375 0.083984375
0 0.650390625 0.787109375 0.078125 0.078125
0 0.55859375 0.603515625 0.07421875 0.07421875
0 0.625 0.951171875 0.06640625 0.06640625
0 0.494140625 0.8203125 0.064453125 0.064453125
0 0.978515625 0.375 0.064453125 0.064453125
0 0.994140625 0.513671875 0.056640625 0.056640625
0 0.306640625 0.423828125 0.0546875 0.0546875
0 0.34765625 0.927734375 0.052734375 0.052734375
0 0.958984375 0.248046875 0.05078125 0.05078125
0 0.388671875 0.8046875 0.05078125 0.05078125
0 0.9453125 0.6640625 0.044921875 0.044921875
0 0.30078125 0.27734375 0.04296875 0.04296875
0 0.947265625 0.306640625 0.041015625 0.041015625
0 0.4921875 0.71484375 0.0390625 0.0390625
0 0.8046875 0.85546875 0.0390625 0.0390625
0 0.46484375 0.578125 0.0390625 0.0390625
0 0.333984375 0.82421875 0.037109375 0.037109375
0 0.34375 0.39453125 0.037109375 0.037109375
0 0.650390625 0.611328125 0.03515625 0.03515625
0 0.66015625 0.859375 0.033203125 0.033203125
0 0.4765625 0.5078125 0.033203125 0.033203125
0 0.46875 0.765625 0.033203125 0.033203125
0 0.46875 0.740234375 0.03125 0.03125
0 0.91015625 0.90625 0.03125 0.03125
0 0.447265625 0.994140625 0.029296875 0.029296875
0 0.22265625 0.861328125 0.02734375 0.02734375
0 0.73046875 0.693359375 0.02734375 0.02734375
0 0.98828125 0.96484375 0.02734375 0.02734375
0 0.1953125 0.9375 0.025390625 0.025390625
