0 0.416015625 0.353515625 0.9375 0.9375
0 0.109375 0.9609375 0.3046875 0.3046875
0 0.25 0.52734375 0.265625 0.265625
0 0.07421875 0.47265625 0.23828125 0.23828125
0 0.296875 0.65625 0.228515625 0.228515625
0 0.294921875 0.26171875 0.150390625 0.150390625
0 0.986328125 0.4609375 0.115234375 0.115234375
0 0.853515625 0.751953125 0.103515625 0.103515625
0 0.84375 0.552734375 0.099609375 0.099609375
0 0.33203125 0.6484375 0.095703125 0.095703125
0 0.908203125 0.625 0.08984375 0.08984375
0 0.076171875 0.59375 0.080078125 0.080078125
0 0.884765625 0.91796875 0.07421875 0.07421875
0 0.15234375 0.341796875 0.07421875 0.07421875
0 0.201171875 0.373046875 0.068359375 0.068359375
0 0.6875 0.326171875 0.064453125 0.064453125
0 0.05078125 0.349609375 0.0625 0.0625
0 0.990234375 0.3046875 0.0625 0.0625
0 0.19921875 0.0703125 0.0625 0.0625
0 0.578125 0.744140625 0.05859375 0.05859375
0 0.916015625 0.572265625 0.05859375 0.05859375
0 0.669921875 0.30859375 0.0546875 0.0546875
0 0.091796875 0.046875 0.041015625 0.041015625
0 0.7421875 0.90234375 0.0390625 0.0390625
0 0.01171875 0.865234375 0.0390625 0.0390625
0 0.384765625 0.333984375 0.037109375 0.037109375
0 0.5078125 0.8046875 0.033203125 0.033203125
0 0.814453125 0.369140625 0.03125 0.03125
0 0.783203125 0.873046875 0.029296875 0.029296875
0 0.744140625 0.720703125 0.029296875 0.029296875
0 0.658203125 0.8203125 0.029296875 0.029296875
0 0.41796875 0.794921875 0.029296875 0.029296875
0 0.19921875 0.599609375 0.029296875 0.029296875
0 0.16015625 0.66796875 0.02734375 0.02734375
0 0.423828125 0.826171875 0.02734375 0.02734375
0 0.462890625 0.5078125 0.02734375 0.02734375
0 0.861328125 0.033203125 0.02734375 0.02734375
0 0.236328125 0.7578125 0.02734375 0.02734375
0 0.0859375 0.232421875 0.02734375 0.02734375
0 0.775390625 0.1875 0.025390625 0.025390625
0 0.466796875 0.71484375 0.025390625 0.025390625
