0 0.451171875 0.61328125 0.283203125 0.283203125
0 0.06640625 0.27734375 0.18359375 0.18359375
0 0.841796875 0.51953125 0.166015625 0.166015625
0 0.634765625 0.369140625 0.140625 0.140625
0 0.212890625 0.951171875 0.134765625 0.134765625
0 0.16796875 0.38671875 0.1328125 0.1328125
0 0.26171875 0.859375 0.123046875 0.123046875
0 0.798828125 0.6796875 0.11328125 0.11328125
0 0.533203125 0.8203125 0.11328125 0.11328125
0 0.95703125 0.650390625 0.107421875 0.107421875
0 0.15625 0.96875 0.107421875 0.107421875
0 0.46484375 0.974609375 0.1015625 0.1015625
0 0.279296875 0.396484375 0.09375 0.09375
0 0.27734375 0.09765625 0.09375 0.09375
0 0.529296875 0.26171875 0.072265625 0.072265625
0 0.30078125 0.982421875 0.068359375 0.068359375
0 0.837890625 0.1015625 0.064453125 0.064453125
0 0.525390625 0.501953125 0.064453125 0.064453125
0 0.154296875 0.1875 0.060546875 0.060546875
0 0.962890625 0.705078125 0.05859375 0.05859375
0 0.833984375 0.767578125 0.052734375 0.052734375
0 0.138671875 0.884765625 0.05078125 0.05078125
0 0.861328125 0.15234375 0.048828125 0.048828125
0 0.84765625 0.080078125 0.048828125 0.048828125
0 0.083984375 0.15234375 0.046875 0.046875
0 0.138671875 0.927734375 0.044921875 0.044921875
0 0.052734375 0.81640625 0.04296875 0.04296875
0 0.84375 0.6953125 0.04296875 0.04296875
0 0.5 0.5546875 0.041015625 0.041015625
0 0.7109375 0.123046875 0.041015625 0.041015625
0 0.72265625 0.39453125 0.0390625 0.0390625
0 0.1953125 0.0546875 0.0390625 0.0390625
0 0.951171875 0.8515625 0.037109375 0.037109375
0 0.77734375 0.15234375 0.03515625 0.03515625
0 0.81640625 0.890625 0.033203125 0.033203125
0 0.146484375 0.591796875 0.033203125 0.033203125
0 0.53515625 0.2578125 0.03125 0.03125
0 0.27734375 0.14453125 0.029296875 0.029296875
0 0.08203125 0.42578125 0.029296875 0.029296875
0 0.189453125 0.658203125 0.02734375 0.02734375
0 0.498046875 0.013671875 0.02734375 0.02734375
0 0.564453125 0.578125 0.02734375 0.02734375
0 0.17578125 0.21875 0.02734375 0.02734375
0 0.580078125 0.0625 0.02734375 0.02734375
0 0.3359375 0.3046875 0.025390625 0.025390625
0 0.498046875 0.90625 0.025390625 0.025390625
