0 0.68359375 0.8125 0.11328125 0.11328125
0 0.388671875 0.775390625 0.078125 0.078125
0 0.37890625 0.322265625 0.072265625 0.072265625
0 0.9296875 0.04296875 0.05859375 0.05859375
0 0.431640625 0.583984375 0.056640625 0.056640625
0 0.06640625 0.150390625 0.052734375 0.052734375
0 0.208984375 0.865234375 0.048828125 0.048828125
0 0.8125 0.5546875 0.048828125 0.048828125
0 0.486328125 0.875 0.048828125 0.048828125
0 0.16796875 0.751953125 0.044921875 0.044921875
0 0.15234375 0.37109375 0.033203125 0.033203125
0 0.0703125 0.69921875 0.033203125 0.033203125
0 0.392578125 0.1875 0.03125 0.03125
0 0.91015625 0.525390625 0.029296875 0.029296875
0 0.7734375 0.373046875 0.02734375 0.02734375
0 0.16015625 0.603515625 0.02734375 0.02734375
