0 0.658203125 0.37109375 0.15234375 0.15234375
0 0.12890625 0.7890625 0.119140625 0.119140625
0 0.052734375 0.673828125 0.091796875 0.091796875
0 0.5625 0.671875 0.078125 0.078125
0 0.20703125 0.62890625 0.06640625 0.06640625
0 0.775390625 0.640625 0.064453125 0.064453125
0 0.865234375 0.400390625 0.0625 0.0625
0 0.384765625 0.634765625 0.05078125 0.05078125
0 0.896484375 0.658203125 0.044921875 0.044921875
0 0.693359375 0.626953125 0.037109375 0.037109375
0 0.150390625 0.89453125 0.03515625 0.03515625
0 0.98828125 0.83984375 0.03515625 0.03515625
0 0.041015625 0.529296875 0.02734375 0.02734375
0 0.076171875 0.06640625 0.025390625 0.025390625
