0 0.943359375 0.6484375 0.228515625 0.228515625
0 0.494140625 0.248046875 0.1875 0.1875
0 0.658203125 0.345703125 0.17578125 0.17578125
0 0.21484375 0.802734375 0.158203125 0.158203125
0 0.58984375 0.8125 0.103515625 0.103515625
0 0.099609375 0.396484375 0.1015625 0.1015625
0 0.859375 0.345703125 0.083984375 0.083984375
0 0.236328125 0.29296875 0.080078125 0.080078125
0 0.39453125 0.046875 0.068359375 0.068359375
0 0.94921875 0.400390625 0.06640625 0.06640625
0 0.5078125 0.291015625 0.0625 0.0625
0 0.482421875 0.412109375 0.060546875 0.060546875
0 0.0390625 0.962890625 0.05859375 0.05859375
0 0.3125 0.17578125 0.056640625 0.056640625
0 0.251953125 0.142578125 0.0546875 0.0546875
0 0.9296875 0.119140625 0.0546875 0.0546875
0 0.650390625 0.638671875 0.0546875 0.0546875
0 0.1484375 0.29296875 0.052734375 0.052734375
0 0.4140625 0.240234375 0.05078125 0.05078125
0 0.15234375 0.60546875 0.05078125 0.05078125
0 0.724609375 0.8671875 0.048828125 0.048828125
0 0.033203125 0.990234375 0.048828125 0.048828125
0 0.6640625 0.802734375 0.04296875 0.04296875
0 0.49609375 0.208984375 0.04296875 0.04296875
0 0.677734375 0.35546875 0.041015625 0.041015625
0 0.474609375 0.8515625 0.0390625 0.0390625
0 0.076171875 0.296875 0.0390625 0.0390625
0 0.439453125 0.7109375 0.037109375 0.037109375
0 0.703125 0.48828125 0.03515625 0.03515625
0 0.8515625 0.537109375 0.03515625 0.03515625
0 0.60546875 0.1796875 0.03515625 0.03515625
0 0.732421875 0.451171875 0.03515625 0.03515625
0 0.646484375 0.03515625 0.033203125 0.033203125
0 0.671875 0.611328125 0.03125 0.03125
0 0.99609375 0.916015625 0.029296875 0.029296875
0 0.47265625 0.853515625 0.029296875 0.029296875
0 0.873046875 0.451171875 0.029296875 0.029296875
0 0.26171875 0.220703125 0.02734375 0.02734375
0 0.88671875 0.228515625 0.02734375 0.02734375
0 0.40234375 0.12890625 0.02734375 0.02734375
0 0.083984375 0.65625 0.025390625 0.025390625
0 0.19140625 0.76953125 0.025390625 0.025390625
0 0.333984375 0.36328125 0.025390625 0.025390625
0 0.3046875 0.55859375 0.025390625 0.025390625
