0 0.740234375 0.833984375 0.064453125 0.064453125
0 0.4765625 0.5703125 0.0625 0.0625
0 0.4765625 0.927734375 0.052734375 0.052734375
0 0.185546875 0.466796875 0.044921875 0.044921875
0 0.888671875 0.984375 0.04296875 0.04296875
0 0.24609375 0.763671875 0.041015625 0.041015625
0 0.828125 0.443359375 0.037109375 0.037109375
0 0.525390625 0.34375 0.03515625 0.03515625
0 0.748046875 0.580078125 0.03125 0.03125
0 0.6171875 0.529296875 0.029296875 0.029296875
0 0.5390625 0.384765625 0.029296875 0.029296875
0 0.791015625 0.29296875 0.02734375 0.02734375
0 0.935546875 0.0078125 0.02734375 0.02734375
0 0.740234375 0.64453125 0.02734375 0.02734375
