0 0.595703125 0.162109375 0.111328125 0.111328125
0 0.43359375 0.787109375 0.0625 0.0625
0 0.48828125 0.703125 0.060546875 0.060546875
0 0.435546875 0.556640625 0.056640625 0.056640625
0 0.833984375 0.873046875 0.056640625 0.056640625
0 0.806640625 0.625 0.044921875 0.044921875
0 0.337890625 0.5625 0.044921875 0.044921875
0 0.701171875 0.798828125 0.04296875 0.04296875
0 0.572265625 0.78515625 0.041015625 0.041015625
0 0.841796875 0.482421875 0.033203125 0.033203125
0 0.94140625 0.873046875 0.02734375 0.02734375
