0 0.919921875 0.908203125 0.23828125 0.23828125
0 0.576171875 0.408203125 0.158203125 0.158203125
0 0.78515625 0.3984375 0.140625 0.140625
0 0.353515625 0.7578125 0.140625 0.140625
0 0.19140625 0.00390625 0.1328125 0.1328125
0 0.447265625 0.826171875 0.123046875 0.123046875
0 0.525390625 0.048828125 0.099609375 0.099609375
0 0.7734375 0.041015625 0.09375 0.09375
0 0.9375 0.462890625 0.087890625 0.087890625
0 0.798828125 0.869140625 0.087890625 0.087890625
0 0.3203125 0.033203125 0.083984375 0.083984375
0 0.81640625 0.814453125 0.080078125 0.080078125
0 0.912109375 0.390625 0.076171875 0.076171875
0 0.69140625 0.826171875 0.072265625 0.072265625
0 0.802734375 0.87890625 0.072265625 0.072265625
0 0.7109375 0.486328125 0.06640625 0.06640625
0 0.51953125 0.966796875 0.064453125 0.064453125
0 0.357421875 0.9609375 0.060546875 0.060546875
0 0.744140625 0.658203125 0.060546875 0.060546875
0 0.9296875 0.103515625 0.0546875 0.0546875
0 0.3984375 0.478515625 0.0546875 0.0546875
0 0.412109375 0.693359375 0.052734375 0.052734375
0 0.83984375 0.9609375 0.052734375 0.052734375
0 0.9375 0.517578125 0.05078125 0.05078125
0 0.8828125 0.134765625 0.048828125 0.048828125
0 0.90625 0.89453125 0.046875 0.046875
0 0.1640625 0.2890625 0.046875 0.046875
0 0.76953125 0.13671875 0.044921875 0.044921875
0 0.703125 0.2421875 0.044921875 0.044921875
0 0.98828125 0.25 0.044921875 0.044921875
0 0.900390625 0.6171875 0.04296875 0.04296875
0 0.431640625 0.017578125 0.041015625 0.041015625
0 0.837890625 0.13671875 0.041015625 0.041015625
0 0.66796875 0.12890625 0.0390625 0.0390625
0 0.115234375 0.841796875 0.037109375 0.037109375
0 0.193359375 0.181640625 0.037109375 0.037109375
0 0.048828125 0.19921875 0.03515625 0.03515625
0 0.466796875 0.1171875 0.03515625 0.03515625
0 0.95703125 0.763671875 0.03515625 0.03515625
0 0.8046875 0.9453125 0.03125 0.03125
0 0.986328125 0.09375 0.03125 0.03125
0 0.66015625 0.89453125 0.03125 0.03125
0 0.263671875 0.3984375 0.03125 0.03125
0 0.373046875 0.013671875 0.029296875 0.029296875
0 0.970703125 0.423828125 0.029296875 0.029296875
0 0.47265625 0.150390625 0.029296875 0.029296875
0 0.541015625 0.23828125 0.029296875 0.029296875
0 0.939453125 0.671875 0.029296875 0.029296875
0 0.46484375 0.72265625 0.02734375 0.02734375
0 0.771484375 0.62890625 0.02734375 0.02734375
0 0.91015625 0.3046875 0.02734375 0.02734375
0 0.587890625 0.236328125 0.02734375 0.02734375
0 0.568359375 0.34765625 0.025390625 0.025390625
0 0.533203125 0.0 0.025390625 0.025390625
