0 0.431640625 0.783203125 0.166015625 0.166015625
0 0.9921875 0.033203125 0.142578125 0.142578125
0 0.55078125 0.9453125 0.134765625 0.134765625
0 0.474609375 0.958984375 0.09765625 0.09765625
0 0.68359375 0.302734375 0.072265625 0.072265625
0 0.779296875 0.763671875 0.06640625 0.06640625
0 0.25 0.93359375 0.060546875 0.060546875
0 0.96484375 0.525390625 0.060546875 0.060546875
0 0.94140625 0.38671875 0.052734375 0.052734375
0 0.802734375 0.234375 0.05078125 0.05078125
0 0.958984375 0.75 0.05078125 0.05078125
0 0.935546875 0.857421875 0.048828125 0.048828125
0 0.701171875 0.763671875 0.0390625 0.0390625
0 0.6796875 0.46875 0.03515625 0.03515625
0 0.2578125 0.14453125 0.033203125 0.033203125
0 0.6953125 0.455078125 0.03125 0.03125
0 0.994140625 0.95703125 0.03125 0.03125
0 0.708984375 0.439453125 0.03125 0.03125
0 0.0625 0.748046875 0.03125 0.03125
0 0.447265625 0.0 0.029296875 0.029296875
0 0.19140625 0.728515625 0.029296875 0.029296875
0 0.14453125 0.623046875 0.029296875 0.029296875
0 0.88671875 0.228515625 0.029296875 0.029296875
0 0.90234375 0.701171875 0.02734375 0.02734375
0 0.7421875 0.427734375 0.025390625 0.025390625
0 0.0625 0.169921875 0.025390625 0.025390625
