0 0.099609375 0.86328125 0.232421875 0.232421875
0 0.716796875 0.103515625 0.12890625 0.12890625
0 0.126953125 0.5859375 0.119140625 0.119140625
0 0.1015625 0.48046875 0.09765625 0.09765625
0 0.748046875 0.369140625 0.087890625 0.087890625
0 0.494140625 0.6015625 0.078125 0.078125
0 0.35546875 0.9140625 0.0625 0.0625
0 0.07421875 0.2265625 0.052734375 0.052734375
0 0.330078125 0.27734375 0.05078125 0.05078125
0 0.119140625 0.287109375 0.046875 0.046875
0 0.248046875 0.37109375 0.03515625 0.03515625
0 0.603515625 0.62109375 0.033203125 0.033203125
0 0.62890625 0.029296875 0.029296875 0.029296875
0 0.330078125 0.599609375 0.029296875 0.029296875
0 0.025390625 0.873046875 0.029296875 0.029296875
0 0.28515625 0.298828125 0.02734375 0.02734375
