0 0.248046875 0.267578125 0.146484375 0.146484375
0 0.70703125 0.10546875 0.115234375 0.115234375
0 0.681640625 0.12890625 0.09765625 0.09765625
0 0.03515625 0.833984375 0.095703125 0.095703125
0 0.0703125 0.1484375 0.09375 0.09375
0 0.1484375 0.52734375 0.08984375 0.08984375
0 0.66796875 0.65625 0.08203125 0.08203125
0 0.23828125 0.421875 0.0703125 0.0703125
0 0.9140625 0.189453125 0.064453125 0.064453125
0 0.283203125 0.8046875 0.064453125 0.064453125
0 0.390625 0.939453125 0.0625 0.0625
0 0.466796875 0.09375 0.060546875 0.060546875
0 0.91015625 0.400390625 0.060546875 0.060546875
0 0.763671875 0.267578125 0.060546875 0.060546875
0 0.9453125 0.8359375 0.060546875 0.060546875
0 0.724609375 0.6640625 0.05859375 0.05859375
0 0.201171875 0.98046875 0.056640625 0.056640625
0 0.24609375 0.494140625 0.056640625 0.056640625
0 0.736328125 0.2265625 0.05078125 0.05078125
0 0.271484375 0.080078125 0.048828125 0.048828125
0 0.376953125 0.251953125 0.046875 0.046875
0 0.666015625 0.408203125 0.044921875 0.044921875
0 0.9140625 0.89453125 0.044921875 0.044921875
0 0.033203125 0.56640625 0.044921875 0.044921875
0 0.576171875 0.029296875 0.041015625 0.041015625
0 0.017578125 0.53515625 0.037109375 0.037109375
0 0.689453125 0.728515625 0.037109375 0.037109375
0 0.390625 0.603515625 0.03515625 0.03515625
0 0.501953125 0.51171875 0.03125 0.03125
0 0.400390625 0.34765625 0.03125 0.03125
0 0.578125 0.75390625 0.029296875 0.029296875
0 0.6875 0.462890625 0.029296875 0.029296875
0 0.666015625 0.99609375 0.02734375 0.02734375
0 0.46484375 0.2890625 0.025390625 0.025390625
0 0.291015625 0.7109375 0.025390625 0.025390625
0 0.404296875 0.78125 0.025390625 0.025390625
