0 0.90625 0.51953125 0.326171875 0.326171875
0 0.89453125 0.66796875 0.224609375 0.224609375
0 0.345703125 0.29296875 0.19140625 0.19140625
0 0.44140625 0.74609375 0.189453125 0.189453125
0 0.140625 0.15234375 0.1640625 0.1640625
0 0.982421875 0.099609375 0.1640625 0.1640625
0 0.94140625 0.876953125 0.146484375 0.146484375
0 0.705078125 0.025390625 0.13671875 0.13671875
0 0.130859375 0.99609375 0.12890625 0.12890625
0 0.7734375 0.25390625 0.103515625 0.103515625
0 0.52734375 0.638671875 0.09375 0.09375
0 0.234375 0.8515625 0.091796875 0.091796875
0 0.919921875 0.236328125 0.0859375 0.0859375
0 0.181640625 0.796875 0.0859375 0.0859375
0 0.24609375 0.17578125 0.083984375 0.083984375
0 0.677734375 0.45703125 0.080078125 0.080078125
0 0.015625 0.240234375 0.080078125 0.080078125
0 0.654296875 0.53125 0.080078125 0.080078125
0 0.255859375 0.267578125 0.076171875 0.076171875
0 0.201171875 0.630859375 0.068359375 0.068359375
0 0.25 0.587890625 0.068359375 0.068359375
0 0.658203125 0.826171875 0.068359375 0.068359375
0 0.25390625 0.751953125 0.06640625 0.06640625
0 0.9921875 0.349609375 0.060546875 0.060546875
0 0.314453125 0.134765625 0.060546875 0.060546875
0 0.033203125 0.201171875 0.056640625 0.056640625
0 0.681640625 0.37109375 0.056640625 0.056640625
0 0.99609375 0.951171875 0.052734375 0.052734375
0 0.7109375 0.619140625 0.05078125 0.05078125
0 0.076171875 0.9609375 0.041015625 0.041015625
0 0.240234375 0.0703125 0.041015625 0.041015625
0 0.626953125 0.861328125 0.0390625 0.0390625
0 0.646484375 0.0625 0.03515625 0.03515625
0 0.916015625 0.158203125 0.03515625 0.03515625
0 0.390625 0.638671875 0.03515625 0.03515625
0 0.359375 0.41796875 0.03515625 0.03515625
0 0.6796875 0.314453125 0.033203125 0.033203125
0 0.99609375 0.287109375 0.03125 0.03125
0 0.580078125 0.03515625 0.029296875 0.029296875
0 0.25390625 0.09375 0.029296875 0.029296875
0 0.390625 0.92578125 0.029296875 0.029296875
0 0.126953125 0.26171875 0.02734375 0.02734375
0 0.263671875 0.009765625 0.02734375 0.02734375
0 0.779296875 0.021484375 0.02734375 0.02734375
