0 0.162109375 0.478515625 0.255859375 0.255859375
0 0.2421875 0.306640625 0.16015625 0.16015625
0 0.083984375 0.6171875 0.11328125 0.11328125
0 0.05078125 0.390625 0.06640625 0.06640625
0 0.03125 0.189453125 0.0546875 0.0546875
0 0.8203125 0.361328125 0.0546875 0.0546875
0 0.435546875 0.609375 0.05078125 0.05078125
0 0.986328125 0.03515625 0.05078125 0.05078125
0 0.736328125 0.17578125 0.044921875 0.044921875
0 0.548828125 0.41796875 0.041015625 0.041015625
0 0.71484375 0.654296875 0.041015625 0.041015625
0 0.216796875 0.181640625 0.041015625 0.041015625
0 0.734375 0.337890625 0.03515625 0.03515625
0 0.85546875 0.255859375 0.03515625 0.03515625
0 0.4296875 0.55859375 0.03125 0.03125
0 0.037109375 0.34375 0.029296875 0.029296875
0 0.625 0.6328125 0.029296875 0.029296875
0 0.755859375 0.4765625 0.02734375 0.02734375
0 0.33203125 0.171875 0.02734375 0.02734375
0 0.875 0.22265625 0.025390625 0.025390625
0 0.525390625 0.771484375 0.283203125 0.283203125
0 0.837890625 0.849609375 0.271484375 0.271484375
0 0.181640625 0.9921875 0.20703125 0.20703125
0 0.185546875 0.7890625 0.17578125 0.17578125
0 0.66796875 0.98828125 0.123046875 0.123046875
0 0.302734375 0.931640625 0.10546875 0.10546875
0 0.626953125 0.982421875 0.0703125 0.0703125
0 0.248046875 0.943359375 0.068359375 0.068359375
0 0.318359375 0.853515625 0.056640625 0.056640625
0 0.318359375 0.9296875 0.041015625 0.041015625
0 0.20703125 0.7109375 0.03515625 0.03515625
0 0.232421875 0.705078125 0.03515625 0.03515625
0 0.353515625 0.763671875 0.03125 0.03125
0 0.033203125 0.7265625 0.029296875 0.029296875
0 0.181640625 0.71484375 0.02734375 0.02734375
