0 0.46484375 0.8515625 0.203125 0.203125
0 0.048828125 0.578125 0.15625 0.15625
0 0.251953125 0.451171875 0.146484375 0.146484375
0 0.568359375 0.447265625 0.099609375 0.099609375
0 0.2734375 0.123046875 0.099609375 0.099609375
0 0.125 0.783203125 0.08203125 0.08203125
0 0.248046875 0.15234375 0.080078125 0.080078125
0 0.734375 0.775390625 0.07421875 0.07421875
0 0.912109375 0.87890625 0.07421875 0.07421875
0 0.224609375 0.00390625 0.068359375 0.068359375
0 0.671875 0.369140625 0.06640625 0.06640625
0 0.74609375 0.8125 0.064453125 0.064453125
0 0.08203125 0.748046875 0.0625 0.0625
0 0.109375 0.06640625 0.060546875 0.060546875
0 0.72265625 0.736328125 0.056640625 0.056640625
0 0.359375 0.796875 0.0546875 0.0546875
0 0.306640625 0.66796875 0.052734375 0.052734375
0 0.958984375 0.69140625 0.05078125 0.05078125
0 0.708984375 0.697265625 0.05078125 0.05078125
0 0.06640625 0.19921875 0.046875 0.046875
0 0.140625 0.90234375 0.046875 0.046875
0 0.359375 0.5 0.044921875 0.044921875
0 0.9921875 0.73046875 0.0390625 0.0390625
0 0.28515625 0.041015625 0.03515625 0.03515625
0 0.701171875 0.66796875 0.03515625 0.03515625
0 0.212890625 0.81640625 0.03515625 0.03515625
0 0.625 0.078125 0.03515625 0.03515625
0 0.609375 0.068359375 0.029296875 0.029296875
0 0.5703125 0.859375 0.029296875 0.029296875
0 0.287109375 0.322265625 0.02734375 0.02734375
0 0.576171875 0.8828125 0.02734375 0.02734375
0 0.697265625 0.6484375 0.02734375 0.02734375
0 0.521484375 0.30078125 0.02734375 0.02734375
0 0.38671875 0.525390625 0.02734375 0.02734375
0 0.625 0.9765625 0.025390625 0.025390625
