0 0.015625 0.015625 0.17578125 0.17578125
0 0.3671875 0.490234375 0.123046875 0.123046875
0 0.98046875 0.3828125 0.119140625 0.119140625
0 0.767578125 0.447265625 0.095703125 0.095703125
0 0.591796875 0.26171875 0.083984375 0.083984375
0 0.623046875 0.572265625 0.083984375 0.083984375
0 0.859375 0.482421875 0.08203125 0.08203125
0 0.375 0.115234375 0.08203125 0.08203125
0 0.146484375 0.474609375 0.076171875 0.076171875
0 0.833984375 0.208984375 0.0703125 0.0703125
0 0.216796875 0.341796875 0.068359375 0.068359375
0 0.541015625 0.447265625 0.06640625 0.06640625
0 0.23046875 0.16796875 0.052734375 0.052734375
0 0.865234375 0.58203125 0.05078125 0.05078125
0 0.19921875 0.03515625 0.05078125 0.05078125
0 0.33203125 0.638671875 0.048828125 0.048828125
0 0.33984375 0.001953125 0.048828125 0.048828125
0 0.953125 0.3046875 0.046875 0.046875
0 0.23828125 0.32421875 0.0390625 0.0390625
0 0.11328125 0.380859375 0.03515625 0.03515625
0 0.19140625 0.111328125 0.03515625 0.03515625
0 0.05859375 0.505859375 0.033203125 0.033203125
0 0.798828125 0.609375 0.033203125 0.033203125
0 0.658203125 0.240234375 0.03125 0.03125
0 0.46484375 0.29296875 0.03125 0.03125
0 0.181640625 0.607421875 0.03125 0.03125
0 0.294921875 0.17578125 0.03125 0.03125
0 0.951171875 0.5078125 0.02734375 0.02734375
0 0.611328125 0.58203125 0.02734375 0.02734375
0 0.232421875 0.056640625 0.02734375 0.02734375
0 0.599609375 0.419921875 0.025390625 0.025390625
0 0.837890625 0.984375 0.1015625 0.1015625
0 0.22265625 0.775390625 0.083984375 0.083984375
0 0.271484375 0.99609375 0.048828125 0.048828125
0 0.236328125 0.916015625 0.0390625 0.0390625
0 0.73046875 0.970703125 0.0390625 0.0390625
0 0.41796875 0.908203125 0.037109375 0.037109375
0 0.419921875 0.708984375 0.037109375 0.037109375
0 0.80859375 0.8203125 0.029296875 0.029296875
0 0.53515625 0.88671875 0.029296875 0.029296875
0 0.7578125 0.806640625 0.02734375 0.02734375
