0 0.28125 0.841796875 0.23828125 0.23828125
0 0.912109375 0.388671875 0.15625 0.15625
0 0.587890625 0.322265625 0.115234375 0.115234375
0 0.474609375 0.361328125 0.1015625 0.1015625
0 0.330078125 0.486328125 0.091796875 0.091796875
0 0.69140625 0.375 0.0859375 0.0859375
0 0.779296875 0.357421875 0.06640625 0.06640625
0 0.498046875 0.07421875 0.0546875 0.0546875
0 0.357421875 0.423828125 0.052734375 0.052734375
0 0.015625 0.13671875 0.04296875 0.04296875
0 0.98046875 0.689453125 0.03125 0.03125
0 0.720703125 0.02734375 0.03125 0.03125
0 0.986328125 0.1640625 0.029296875 0.029296875
0 0.880859375 0.619140625 0.029296875 0.029296875
