0 0.974609375 0.5234375 0.15234375 0.15234375
0 0.08203125 0.51953125 0.1328125 0.1328125
0 0.412109375 0.548828125 0.125 0.125
0 0.828125 0.583984375 0.08984375 0.08984375
0 0.291015625 0.68359375 0.087890625 0.087890625
0 0.015625 0.40234375 0.0859375 0.0859375
0 0.763671875 0.42578125 0.08203125 0.08203125
0 0.494140625 0.482421875 0.07421875 0.07421875
0 0.130859375 0.1484375 0.06640625 0.06640625
0 0.765625 0.529296875 0.064453125 0.064453125
0 0.654296875 0.408203125 0.064453125 0.064453125
0 0.634765625 0.421875 0.0625 0.0625
0 0.138671875 0.30859375 0.060546875 0.060546875
0 0.19140625 0.837890625 0.05859375 0.05859375
0 0.642578125 0.162109375 0.052734375 0.052734375
0 0.94921875 0.83984375 0.05078125 0.05078125
0 0.052734375 0.22265625 0.05078125 0.05078125
0 0.509765625 0.859375 0.048828125 0.048828125
0 0.30078125 0.197265625 0.048828125 0.048828125
0 0.423828125 0.591796875 0.046875 0.046875
0 0.259765625 0.3203125 0.046875 0.046875
0 0.470703125 0.412109375 0.046875 0.046875
0 0.591796875 0.458984375 0.04296875 0.04296875
0 0.169921875 0.150390625 0.04296875 0.04296875
0 0.1171875 0.083984375 0.037109375 0.037109375
0 0.576171875 0.642578125 0.037109375 0.037109375
0 0.3125 0.64453125 0.03515625 0.03515625
0 0.216796875 0.37890625 0.033203125 0.033203125
0 0.228515625 0.84375 0.03125 0.03125
0 0.98046875 0.556640625 0.03125 0.03125
0 0.56640625 0.767578125 0.029296875 0.029296875
0 0.14453125 0.65625 0.029296875 0.029296875
0 0.908203125 0.15234375 0.029296875 0.029296875
0 0.626953125 0.119140625 0.025390625 0.025390625
