0 0.177734375 0.6171875 0.2421875 0.2421875
0 0.9921875 0.291015625 0.138671875 0.138671875
0 0.56640625 0.7109375 0.09765625 0.09765625
0 0.943359375 0.728515625 0.087890625 0.087890625
0 0.703125 0.45703125 0.078125 0.078125
0 0.974609375 0.525390625 0.076171875 0.076171875
0 0.87109375 0.39453125 0.056640625 0.056640625
0 0.876953125 0.068359375 0.056640625 0.056640625
0 0.71484375 0.322265625 0.041015625 0.041015625
0 0.041015625 0.810546875 0.03515625 0.03515625
0 0.44921875 0.2265625 0.03515625 0.03515625
0 0.0625 0.07421875 0.033203125 0.033203125
0 0.25390625 0.236328125 0.03125 0.03125
0 0.80859375 0.046875 0.03125 0.03125
0 0.75390625 0.013671875 0.02734375 0.02734375
0 0.3203125 0.01171875 0.025390625 0.025390625
