0 0.306640625 0.171875 0.103515625 0.103515625
0 0.05078125 0.375 0.091796875 0.091796875
0 0.07421875 0.849609375 0.056640625 0.056640625
0 0.6484375 0.6484375 0.056640625 0.056640625
0 0.232421875 0.724609375 0.041015625 0.041015625
0 0.59375 0.75390625 0.03125 0.03125
0 0.87109375 0.283203125 0.03125 0.03125
0 0.880859375 0.05859375 0.03125 0.03125
0 0.576171875 0.208984375 0.03125 0.03125
0 0.8125 0.919921875 0.029296875 0.029296875
0 0.693359375 0.796875 0.02734375 0.02734375
0 0.078125 0.3359375 0.02734375 0.02734375
0 0.486328125 0.728515625 0.02734375 0.02734375
0 0.73046875 0.349609375 0.025390625 0.025390625
0 0.8515625 0.01953125 0.025390625 0.025390625
