0 0.802734375 0.19140625 0.24609375 0.24609375
0 0.337890625 0.037109375 0.140625 0.140625
0 0.5234375 0.765625 0.125 0.125
0 0.595703125 0.30859375 0.119140625 0.119140625
0 0.263671875 0.02734375 0.11328125 0.11328125
0 0.837890625 0.666015625 0.109375 0.109375
0 0.994140625 0.6171875 0.107421875 0.107421875
0 0.689453125 0.96484375 0.1015625 0.1015625
0 0.400390625 0.287109375 0.0859375 0.0859375
0 0.001953125 0.76171875 0.076171875 0.076171875
0 0.130859375 0.53515625 0.0703125 0.0703125
0 0.306640625 0.103515625 0.0625 0.0625
0 0.138671875 0.568359375 0.0625 0.0625
0 0.369140625 0.794921875 0.060546875 0.060546875
0 0.392578125 0.59765625 0.060546875 0.060546875
0 0.90625 0.5 0.05859375 0.05859375
0 0.75390625 0.962890625 0.0546875 0.0546875
0 0.9609375 0.86328125 0.0546875 0.0546875
0 0.787109375 0.58203125 0.046875 0.046875
0 0.35546875 0.38671875 0.04296875 0.04296875
0 0.25390625 0.21484375 0.041015625 0.041015625
0 0.4921875 0.328125 0.0390625 0.0390625
0 0.9765625 0.357421875 0.0390625 0.0390625
0 0.466796875 0.779296875 0.03515625 0.03515625
0 0.0 0.58984375 0.03515625 0.03515625
0 0.87109375 0.92578125 0.03515625 0.03515625
0 0.1328125 0.462890625 0.03515625 0.03515625
0 0.1328125 0.21484375 0.03125 0.03125
0 0.373046875 0.359375 0.03125 0.03125
0 0.14453125 0.62109375 0.03125 0.03125
0 0.056640625 0.6875 0.029296875 0.029296875
0 0.107421875 0.328125 0.029296875 0.029296875
0 0.2109375 0.193359375 0.029296875 0.029296875
0 0.267578125 0.31640625 0.029296875 0.029296875
0 0.861328125 0.251953125 0.029296875 0.029296875
0 0.40625 0.94921875 0.029296875 0.029296875
0 0.87109375 0.875 0.02734375 0.02734375
0 0.1328125 0.44921875 0.02734375 0.02734375
0 0.5546875 0.48828125 0.025390625 0.025390625
0 0.55859375 0.068359375 0.025390625 0.025390625
0 0.509765625 0.296875 0.025390625 0.025390625
