0 0.994140625 0.060546875 0.06640625 0.06640625
0 0.560546875 0.076171875 0.064453125 0.064453125
0 0.904296875 0.138671875 0.025390625 0.025390625
0 0.873046875 0.75 0.15234375 0.15234375
0 0.845703125 0.94921875 0.146484375 0.146484375
0 0.412109375 0.9921875 0.1328125 0.1328125
0 0.306640625 0.533203125 0.125 0.125
0 0.828125 0.5546875 0.12109375 0.12109375
0 0.62890625 0.966796875 0.1171875 0.1171875
0 0.28515625 0.638671875 0.111328125 0.111328125
0 0.552734375 0.908203125 0.111328125 0.111328125
0 0.607421875 0.556640625 0.09765625 0.09765625
0 0.2421875 0.349609375 0.046875 0.046875
0 0.884765625 0.619140625 0.044921875 0.044921875
0 0.052734375 0.759765625 0.04296875 0.04296875
0 0.353515625 0.619140625 0.041015625 0.041015625
0 0.8984375 0.91796875 0.041015625 0.041015625
0 0.28125 0.947265625 0.0390625 0.0390625
0 0.279296875 0.68359375 0.037109375 0.037109375
0 0.13671875 0.59375 0.03125 0.03125
0 0.908203125 0.583984375 0.029296875 0.029296875
0 0.33984375 0.703125 0.025390625 0.025390625
