0 0.04296875 0.67578125 0.466796875 0.466796875
0 0.759765625 0.01953125 0.150390625 0.150390625
0 0.068359375 0.009765625 0.115234375 0.115234375
0 0.796875 0.80078125 0.109375 0.109375
0 0.31640625 0.333984375 0.083984375 0.083984375
0 0.21484375 0.986328125 0.083984375 0.083984375
0 0.3515625 0.404296875 0.083984375 0.083984375
0 0.783203125 0.529296875 0.07421875 0.07421875
0 0.337890625 0.88671875 0.06640625 0.06640625
0 0.6484375 0.443359375 0.064453125 0.064453125
0 0.501953125 0.509765625 0.060546875 0.060546875
0 0.962890625 0.6328125 0.056640625 0.056640625
0 0.009765625 0.171875 0.044921875 0.044921875
0 0.830078125 0.23046875 0.044921875 0.044921875
0 0.787109375 0.822265625 0.04296875 0.04296875
0 0.392578125 0.732421875 0.04296875 0.04296875
0 0.634765625 0.361328125 0.041015625 0.041015625
0 0.94140625 0.509765625 0.037109375 0.037109375
0 0.615234375 0.345703125 0.03515625 0.03515625
0 0.8359375 0.291015625 0.03515625 0.03515625
0 0.6484375 0.50390625 0.033203125 0.033203125
0 0.837890625 0.259765625 0.03125 0.03125
0 0.8046875 0.880859375 0.03125 0.03125
0 0.037109375 0.453125 0.029296875 0.029296875
0 0.837890625 0.845703125 0.029296875 0.029296875
0 0.287109375 0.259765625 0.02734375 0.02734375
0 0.298828125 0.376953125 0.02734375 0.02734375
0 0.58203125 0.1484375 0.02734375 0.02734375
0 0.55078125 0.8515625 0.025390625 0.025390625
