0 0.685546875 0.2109375 0.298828125 0.298828125
0 0.58203125 0.9453125 0.19140625 0.19140625
0 0.517578125 0.83203125 0.134765625 0.134765625
0 0.404296875 0.7421875 0.130859375 0.130859375
0 0.763671875 0.8515625 0.123046875 0.123046875
0 0.654296875 0.9609375 0.115234375 0.115234375
0 0.380859375 0.373046875 0.115234375 0.115234375
0 0.005859375 0.90625 0.11328125 0.11328125
0 0.474609375 0.7421875 0.11328125 0.11328125
0 0.994140625 0.7109375 0.1015625 0.1015625
0 0.544921875 0.41015625 0.09375 0.09375
0 0.78515625 0.486328125 0.08984375 0.08984375
0 0.70703125 0.92578125 0.083984375 0.083984375
0 0.6171875 0.591796875 0.08203125 0.08203125
0 0.744140625 0.06640625 0.078125 0.078125
0 0.291015625 0.28125 0.076171875 0.076171875
0 0.546875 0.609375 0.076171875 0.076171875
0 0.765625 0.51953125 0.072265625 0.072265625
0 0.912109375 0.14453125 0.072265625 0.072265625
0 0.462890625 0.408203125 0.072265625 0.072265625
0 0.31640625 0.083984375 0.060546875 0.060546875
0 0.9296875 0.0 0.0546875 0.0546875
0 0.3828125 0.697265625 0.05078125 0.05078125
0 0.27734375 0.255859375 0.05078125 0.05078125
0 0.771484375 0.087890625 0.048828125 0.048828125
0 0.98828125 0.853515625 0.048828125 0.048828125
0 0.451171875 0.1171875 0.048828125 0.048828125
0 0.462890625 0.63671875 0.046875 0.046875
0 0.978515625 0.029296875 0.044921875 0.044921875
0 0.87890625 0.783203125 0.041015625 0.041015625
0 0.365234375 0.720703125 0.037109375 0.037109375
0 0.001953125 0.220703125 0.033203125 0.033203125
0 0.552734375 0.744140625 0.033203125 0.033203125
0 0.65625 0.63671875 0.033203125 0.033203125
0 0.515625 0.48828125 0.03125 0.03125
0 0.28125 0.921875 0.029296875 0.029296875
0 0.9296875 0.177734375 0.029296875 0.029296875
0 0.6640625 0.38671875 0.02734375 0.02734375
0 0.09375 0.6015625 0.02734375 0.02734375
0 0.76953125 0.94140625 0.02734375 0.02734375
0 0.294921875 0.388671875 0.02734375 0.02734375
0 0.732421875 0.919921875 0.025390625 0.025390625
0 0.134765625 0.03125 0.025390625 0.025390625
