0 0.138671875 0.552734375 0.18359375 0.18359375
0 0.919921875 0.8828125 0.142578125 0.142578125
0 0.0078125 0.056640625 0.1171875 0.1171875
0 0.79296875 0.119140625 0.111328125 0.111328125
0 0.3125 0.8984375 0.107421875 0.107421875
0 0.61328125 0.041015625 0.08984375 0.08984375
0 0.751953125 0.064453125 0.087890625 0.087890625
0 0.673828125 0.638671875 0.078125 0.078125
0 0.55859375 0.439453125 0.076171875 0.076171875
0 0.576171875 0.40234375 0.076171875 0.076171875
0 0.3671875 0.595703125 0.06640625 0.06640625
0 0.685546875 0.50390625 0.06640625 0.06640625
0 0.623046875 0.580078125 0.06640625 0.06640625
0 0.392578125 0.388671875 0.0625 0.0625
0 0.51171875 0.94921875 0.060546875 0.060546875
0 0.970703125 0.7421875 0.060546875 0.060546875
0 0.001953125 0.712890625 0.056640625 0.056640625
0 0.818359375 0.375 0.0546875 0.0546875
0 0.86328125 0.4921875 0.0546875 0.0546875
0 0.986328125 0.337890625 0.052734375 0.052734375
0 0.525390625 0.595703125 0.052734375 0.052734375
0 0.923828125 0.134765625 0.05078125 0.05078125
0 0.703125 0.70703125 0.05078125 0.05078125
0 0.51953125 0.234375 0.05078125 0.05078125
0 0.240234375 0.146484375 0.048828125 0.048828125
0 0.263671875 0.12890625 0.048828125 0.048828125
0 0.43359375 0.404296875 0.048828125 0.048828125
0 0.615234375 0.16015625 0.046875 0.046875
0 0.564453125 0.62109375 0.046875 0.046875
0 0.521484375 0.744140625 0.044921875 0.044921875
0 0.701171875 0.626953125 0.04296875 0.04296875
0 0.595703125 0.3046875 0.04296875 0.04296875
0 0.2109375 0.76953125 0.041015625 0.041015625
0 0.9296875 0.615234375 0.041015625 0.041015625
0 0.609375 0.390625 0.041015625 0.041015625
0 0.19140625 0.849609375 0.0390625 0.0390625
0 0.541015625 0.509765625 0.0390625 0.0390625
0 0.986328125 0.83203125 0.0390625 0.0390625
0 0.48828125 0.296875 0.0390625 0.0390625
0 0.658203125 0.751953125 0.037109375 0.037109375
0 0.916015625 0.06640625 0.037109375 0.037109375
0 0.908203125 0.53515625 0.03515625 0.03515625
0 0.3984375 0.337890625 0.03515625 0.03515625
0 0.83203125 0.865234375 0.03515625 0.03515625
0 0.69921875 0.650390625 0.03515625 0.03515625
0 0.12890625 0.17578125 0.03515625 0.03515625
0 0.279296875 0.376953125 0.033203125 0.033203125
0 0.5078125 0.658203125 0.033203125 0.033203125
0 0.787109375 0.603515625 0.033203125 0.033203125
0 0.0859375 0.24609375 0.033203125 0.033203125
0 0.353515625 0.1875 0.03125 0.03125
0 0.71484375 0.859375 0.03125 0.03125
0 0.96875 0.50390625 0.03125 0.03125
0 0.734375 0.96484375 0.03125 0.03125
0 0.953125 0.46875 0.03125 0.03125
0 0.83203125 0.91796875 0.03125 0.03125
0 0.87109375 0.69140625 0.029296875 0.029296875
0 0.84765625 0.248046875 0.029296875 0.029296875
0 0.294921875 0.216796875 0.029296875 0.029296875
0 0.498046875 0.625 0.02734375 0.02734375
0 0.55078125 0.736328125 0.02734375 0.02734375
0 0.4375 0.357421875 0.02734375 0.02734375
0 0.6171875 0.119140625 0.025390625 0.025390625
0 0.8828125 0.34765625 0.025390625 0.025390625
