0 0.44140625 0.697265625 0.857421875 0.857421875
0 0.58984375 0.3359375 0.203125 0.203125
0 0.1640625 0.662109375 0.173828125 0.173828125
0 0.376953125 0.294921875 0.154296875 0.154296875
0 0.32421875 0.787109375 0.146484375 0.146484375
0 0.1484375 0.8359375 0.130859375 0.130859375
0 0.193359375 0.931640625 0.109375 0.109375
0 0.970703125 0.7578125 0.099609375 0.099609375
0 0.884765625 0.955078125 0.099609375 0.099609375
0 0.9296875 0.484375 0.087890625 0.087890625
0 0.421875 0.69921875 0.083984375 0.083984375
0 0.451171875 0.72265625 0.080078125 0.080078125
0 0.689453125 0.724609375 0.064453125 0.064453125
0 0.78125 0.822265625 0.0625 0.0625
0 0.0078125 0.9375 0.05859375 0.05859375
0 0.021484375 0.244140625 0.05078125 0.05078125
0 0.4375 0.6640625 0.048828125 0.048828125
0 0.033203125 0.955078125 0.048828125 0.048828125
0 0.904296875 0.11328125 0.041015625 0.041015625
0 0.84765625 0.125 0.037109375 0.037109375
0 0.21484375 0.49609375 0.037109375 0.037109375
0 0.05078125 0.548828125 0.03515625 0.03515625
0 0.287109375 0.12890625 0.03515625 0.03515625
0 0.12890625 0.859375 0.033203125 0.033203125
0 0.98828125 0.666015625 0.03125 0.03125
0 0.21484375 0.873046875 0.029296875 0.029296875
0 0.09765625 0.69140625 0.029296875 0.029296875
0 0.91796875 0.12109375 0.025390625 0.025390625
