0 0.568359375 0.90234375 0.248046875 0.248046875
0 0.40234375 0.40234375 0.228515625 0.228515625
0 0.41015625 0.8203125 0.123046875 0.123046875
0 0.91015625 0.740234375 0.11328125 0.11328125
0 0.830078125 0.720703125 0.11328125 0.11328125
0 0.7734375 0.87109375 0.111328125 0.111328125
0 0.583984375 0.94921875 0.095703125 0.095703125
0 0.244140625 0.478515625 0.091796875 0.091796875
0 0.556640625 0.380859375 0.0859375 0.0859375
0 0.66015625 0.25390625 0.08203125 0.08203125
0 0.9375 0.47265625 0.068359375 0.068359375
0 0.90234375 0.794921875 0.06640625 0.06640625
0 0.236328125 0.384765625 0.06640625 0.06640625
0 0.951171875 0.591796875 0.064453125 0.064453125
0 0.455078125 0.6015625 0.0625 0.0625
0 0.099609375 0.98046875 0.0625 0.0625
0 0.23828125 0.6484375 0.060546875 0.060546875
0 0.158203125 0.587890625 0.05078125 0.05078125
0 0.984375 0.703125 0.048828125 0.048828125
0 0.890625 0.96875 0.046875 0.046875
0 0.55859375 0.501953125 0.046875 0.046875
0 0.60546875 0.267578125 0.04296875 0.04296875
0 0.21875 0.80078125 0.04296875 0.04296875
0 0.169921875 0.0546875 0.041015625 0.041015625
0 0.59375 0.5703125 0.041015625 0.041015625
0 0.08203125 0.552734375 0.037109375 0.037109375
0 0.302734375 0.689453125 0.03515625 0.03515625
0 0.9375 0.677734375 0.03515625 0.03515625
0 0.69921875 0.759765625 0.03125 0.03125
0 0.98828125 0.08984375 0.03125 0.03125
0 0.984375 0.310546875 0.029296875 0.029296875
0 0.017578125 0.96484375 0.02734375 0.02734375
0 0.8046875 0.013671875 0.025390625 0.025390625
0 0.234375 0.7890625 0.025390625 0.025390625
