0 0.005859375 0.802734375 0.046875 0.046875
0 0.451171875 0.625 0.041015625 0.041015625
0 0.87890625 0.26171875 0.041015625 0.041015625
0 0.62109375 0.474609375 0.041015625 0.041015625
0 0.16796875 0.619140625 0.037109375 0.037109375
0 0.828125 0.201171875 0.03515625 0.03515625
0 0.8046875 0.40234375 0.03125 0.03125
0 0.15625 0.5859375 0.029296875 0.029296875
0 0.9375 0.541015625 0.02734375 0.02734375
0 0.80859375 0.794921875 0.02734375 0.02734375
0 0.80078125 0.705078125 0.025390625 0.025390625
