0 0.923828125 0.021484375 0.19140625 0.19140625
0 0.494140625 0.6953125 0.185546875 0.185546875
0 0.24609375 0.2109375 0.1328125 0.1328125
0 0.60546875 0.99609375 0.111328125 0.111328125
0 0.61328125 0.259765625 0.103515625 0.103515625
0 0.431640625 0.462890625 0.103515625 0.103515625
0 0.9609375 0.568359375 0.08984375 0.08984375
0 0.650390625 0.341796875 0.083984375 0.083984375
0 0.826171875 0.662109375 0.083984375 0.083984375
0 0.548828125 0.822265625 0.083984375 0.083984375
0 0.58203125 0.455078125 0.080078125 0.080078125
0 0.439453125 0.951171875 0.076171875 0.076171875
0 0.583984375 0.849609375 0.0703125 0.0703125
0 0.740234375 0.4296875 0.068359375 0.068359375
0 0.337890625 0.46484375 0.068359375 0.068359375
0 0.783203125 0.396484375 0.06640625 0.06640625
0 0.689453125 0.482421875 0.064453125 0.064453125
0 0.591796875 0.34375 0.05859375 0.05859375
0 0.091796875 0.521484375 0.056640625 0.056640625
0 0.01953125 0.404296875 0.0546875 0.0546875
0 0.552734375 0.921875 0.0546875 0.0546875
0 0.552734375 0.22265625 0.052734375 0.052734375
0 0.60546875 0.505859375 0.044921875 0.044921875
0 0.08203125 0.423828125 0.044921875 0.044921875
0 0.529296875 0.076171875 0.044921875 0.044921875
0 0.41796875 0.326171875 0.044921875 0.044921875
0 0.263671875 0.45703125 0.04296875 0.04296875
0 0.751953125 0.1875 0.04296875 0.04296875
0 0.736328125 0.779296875 0.041015625 0.041015625
0 0.095703125 0.259765625 0.041015625 0.041015625
0 0.8046875 0.33203125 0.0390625 0.0390625
0 0.037109375 0.447265625 0.0390625 0.0390625
0 0.751953125 0.236328125 0.037109375 0.037109375
0 0.916015625 0.16015625 0.037109375 0.037109375
0 0.0078125 0.80078125 0.037109375 0.037109375
0 0.953125 0.634765625 0.03515625 0.03515625
0 0.099609375 0.611328125 0.03515625 0.03515625
0 0.712890625 0.87890625 0.03515625 0.03515625
0 0.44921875 0.322265625 0.03515625 0.03515625
0 0.587890625 0.244140625 0.033203125 0.033203125
0 0.783203125 0.240234375 0.033203125 0.033203125
0 0.841796875 0.4921875 0.03125 0.03125
0 0.35546875 0.642578125 0.029296875 0.029296875
0 0.650390625 0.1484375 0.029296875 0.029296875
0 0.05078125 0.345703125 0.02734375 0.02734375
0 0.7890625 0.216796875 0.02734375 0.02734375
0 0.888671875 0.96875 0.02734375 0.02734375
0 0.81640625 0.599609375 0.025390625 0.025390625
0 0.650390625 0.765625 0.025390625 0.025390625
0 0.19140625 0.822265625 0.025390625 0.025390625
0 0.8828125 0.82421875 0.025390625 0.025390625
0 0.96484375 0.6328125 0.025390625 0.025390625
