0 0.45703125 0.416015625 0.2109375 0.2109375
0 0.826171875 0.9375 0.16015625 0.16015625
0 0.095703125 0.994140625 0.14453125 0.14453125
0 0.689453125 0.75390625 0.119140625 0.119140625
0 0.025390625 0.841796875 0.111328125 0.111328125
0 0.013671875 0.92578125 0.083984375 0.083984375
0 0.88671875 0.953125 0.08203125 0.08203125
0 0.552734375 0.427734375 0.078125 0.078125
0 0.20703125 0.94140625 0.068359375 0.068359375
0 0.9140625 0.08203125 0.06640625 0.06640625
0 0.6328125 0.046875 0.064453125 0.064453125
0 0.76953125 0.767578125 0.05859375 0.05859375
0 0.009765625 0.15234375 0.0546875 0.0546875
0 0.0546875 0.576171875 0.052734375 0.052734375
0 0.40234375 0.224609375 0.05078125 0.05078125
0 0.634765625 0.1171875 0.048828125 0.048828125
0 0.087890625 0.69140625 0.046875 0.046875
0 0.681640625 0.818359375 0.046875 0.046875
0 0.2265625 0.171875 0.044921875 0.044921875
0 0.4765625 0.86328125 0.044921875 0.044921875
0 0.447265625 0.69140625 0.044921875 0.044921875
0 0.107421875 0.859375 0.04296875 0.04296875
0 0.9140625 0.84765625 0.041015625 0.041015625
0 0.85546875 0.2265625 0.037109375 0.037109375
0 0.615234375 0.4296875 0.03515625 0.03515625
0 0.51953125 0.51171875 0.03515625 0.03515625
0 0.900390625 0.529296875 0.033203125 0.033203125
0 0.27734375 0.107421875 0.033203125 0.033203125
0 0.373046875 0.29296875 0.033203125 0.033203125
0 0.419921875 0.58984375 0.033203125 0.033203125
0 0.833984375 0.798828125 0.033203125 0.033203125
0 0.142578125 0.5546875 0.03125 0.03125
0 0.716796875 0.859375 0.029296875 0.029296875
0 0.29296875 0.74609375 0.02734375 0.02734375
0 0.806640625 0.966796875 0.02734375 0.02734375
0 0.55859375 0.30859375 0.02734375 0.02734375
0 0.666015625 0.59765625 0.025390625 0.025390625
0 0.017578125 0.58203125 0.025390625 0.025390625
0 0.837890625 0.919921875 0.025390625 0.025390625
0 0.228515625 0.75390625 0.025390625 0.025390625
