0 0.013671875 0.8671875 0.1875 0.1875
0 0.623046875 0.162109375 0.177734375 0.177734375
0 0.40234375 0.14453125 0.154296875 0.154296875
0 0.3125 0.455078125 0.1484375 0.1484375
0 0.40625 0.30078125 0.146484375 0.146484375
0 0.638671875 0.83203125 0.126953125 0.126953125
0 0.1875 0.29296875 0.12109375 0.12109375
0 0.66796875 0.80078125 0.11328125 0.11328125
0 0.986328125 0.99609375 0.109375 0.109375
0 0.16015625 0.576171875 0.107421875 0.107421875
0 0.0546875 0.388671875 0.09375 0.09375
0 0.568359375 0.34375 0.091796875 0.091796875
0 0.57421875 0.8828125 0.087890625 0.087890625
0 0.833984375 0.775390625 0.0859375 0.0859375
0 0.560546875 0.40234375 0.083984375 0.083984375
0 0.08984375 0.46484375 0.080078125 0.080078125
0 0.15234375 0.521484375 0.078125 0.078125
0 0.572265625 0.474609375 0.076171875 0.076171875
0 0.48046875 0.94140625 0.07421875 0.07421875
0 0.806640625 0.693359375 0.0625 0.0625
0 0.212890625 0.892578125 0.052734375 0.052734375
0 0.02734375 0.501953125 0.052734375 0.052734375
0 0.005859375 0.041015625 0.05078125 0.05078125
0 0.876953125 0.673828125 0.048828125 0.048828125
0 0.92578125 0.759765625 0.044921875 0.044921875
0 0.443359375 0.4375 0.04296875 0.04296875
0 0.724609375 0.74609375 0.041015625 0.041015625
0 0.880859375 0.578125 0.041015625 0.041015625
0 0.896484375 0.013671875 0.0390625 0.0390625
0 0.693359375 0.400390625 0.037109375 0.037109375
0 0.75 0.634765625 0.03515625 0.03515625
0 0.982421875 0.748046875 0.03515625 0.03515625
0 0.37109375 0.5546875 0.03515625 0.03515625
0 0.625 0.76171875 0.03125 0.03125
0 0.884765625 0.482421875 0.03125 0.03125
