0 0.384765625 0.63671875 1.033203125 1.033203125
0 0.01171875 0.08203125 0.306640625 0.306640625
0 0.326171875 0.763671875 0.228515625 0.228515625
0 0.62890625 0.232421875 0.173828125 0.173828125
0 0.181640625 0.40234375 0.150390625 0.150390625
0 0.453125 0.62109375 0.1484375 0.1484375
0 0.2265625 0.13671875 0.146484375 0.146484375
0 0.857421875 0.46875 0.146484375 0.146484375
0 0.97265625 0.90625 0.13671875 0.13671875
0 0.8203125 0.318359375 0.13671875 0.13671875
0 0.158203125 0.904296875 0.134765625 0.134765625
0 0.501953125 0.37109375 0.1328125 0.1328125
0 0.529296875 0.068359375 0.1328125 0.1328125
0 0.22265625 0.271484375 0.12890625 0.12890625
0 0.94140625 0.681640625 0.1171875 0.1171875
0 0.67578125 0.5 0.11328125 0.11328125
0 0.69140625 0.107421875 0.099609375 0.099609375
0 0.970703125 0.279296875 0.099609375 0.099609375
0 0.759765625 0.4375 0.08984375 0.08984375
0 0.494140625 0.71875 0.0859375 0.0859375
0 0.927734375 0.80078125 0.0859375 0.0859375
0 0.79296875 0.158203125 0.06640625 0.06640625
0 0.412109375 0.349609375 0.06640625 0.06640625
0 0.904296875 0.40625 0.0625 0.0625
0 0.8515625 0.99609375 0.056640625 0.056640625
0 0.22265625 0.64453125 0.056640625 0.056640625
0 0.6015625 0.7421875 0.05078125 0.05078125
0 0.126953125 0.75390625 0.048828125 0.048828125
0 0.484375 0.44921875 0.046875 0.046875
0 0.578125 0.40234375 0.044921875 0.044921875
0 0.3671875 0.96484375 0.04296875 0.04296875
0 0.78125 0.59765625 0.041015625 0.041015625
0 0.333984375 0.06640625 0.037109375 0.037109375
0 0.208984375 0.466796875 0.03515625 0.03515625
0 0.859375 0.669921875 0.033203125 0.033203125
0 0.224609375 0.541015625 0.033203125 0.033203125
0 0.498046875 0.541015625 0.033203125 0.033203125
0 0.296875 0.9921875 0.03125 0.03125
0 0.734375 0.615234375 0.029296875 0.029296875
0 0.498046875 0.890625 0.02734375 0.02734375
0 0.5078125 0.306640625 0.02734375 0.02734375
0 0.94921875 0.56640625 0.02734375 0.02734375
0 0.80078125 0.322265625 0.02734375 0.02734375
0 0.306640625 0.05859375 0.02734375 0.02734375
0 0.703125 0.6171875 0.025390625 0.025390625
