0 0.84765625 0.8828125 0.34375 0.34375
0 0.5859375 0.65234375 0.326171875 0.326171875
0 0.248046875 0.919921875 0.171875 0.171875
0 0.46484375 0.35546875 0.169921875 0.169921875
0 0.9140625 0.98828125 0.162109375 0.162109375
0 0.05859375 0.232421875 0.154296875 0.154296875
0 0.302734375 0.78125 0.11328125 0.11328125
0 0.796875 0.73046875 0.109375 0.109375
0 0.443359375 0.912109375 0.09375 0.09375
0 0.306640625 0.44921875 0.091796875 0.091796875
0 0.4140625 0.962890625 0.08203125 0.08203125
0 0.4375 0.9453125 0.080078125 0.080078125
0 0.828125 0.546875 0.080078125 0.080078125
0 0.22265625 0.3984375 0.07421875 0.07421875
0 0.802734375 0.080078125 0.07421875 0.07421875
0 0.25 0.748046875 0.064453125 0.064453125
0 0.2734375 0.298828125 0.0625 0.0625
0 0.55078125 0.96484375 0.060546875 0.060546875
0 0.13671875 0.232421875 0.060546875 0.060546875
0 0.3984375 0.33984375 0.056640625 0.056640625
0 0.85546875 0.083984375 0.0546875 0.0546875
0 0.162109375 0.6171875 0.046875 0.046875
0 0.83203125 0.431640625 0.04296875 0.04296875
0 0.474609375 0.71875 0.041015625 0.041015625
0 0.048828125 0.658203125 0.03515625 0.03515625
0 0.033203125 0.521484375 0.03515625 0.03515625
0 0.740234375 0.1171875 0.03125 0.03125
0 0.71484375 0.142578125 0.029296875 0.029296875
0 0.173828125 0.21875 0.029296875 0.029296875
0 0.12890625 0.630859375 0.029296875 0.029296875
0 0.015625 0.5 0.02734375 0.02734375
0 0.6328125 0.623046875 0.02734375 0.02734375
