0 0.4921875 0.212890625 0.341796875 0.341796875
0 0.01171875 0.158203125 0.125 0.125
0 0.279296875 0.0859375 0.12109375 0.12109375
0 0.267578125 0.302734375 0.099609375 0.099609375
0 0.166015625 0.056640625 0.072265625 0.072265625
0 0.087890625 0.318359375 0.0546875 0.0546875
0 0.421875 0.310546875 0.041015625 0.041015625
0 0.345703125 0.23046875 0.041015625 0.041015625
0 0.095703125 0.111328125 0.033203125 0.033203125
0 0.50390625 0.2578125 0.033203125 0.033203125
0 0.724609375 0.158203125 0.02734375 0.02734375
0 0.78125 0.755859375 0.12890625 0.12890625
0 0.703125 0.900390625 0.10546875 0.10546875
0 0.162109375 0.359375 0.103515625 0.103515625
0 0.544921875 0.79296875 0.095703125 0.095703125
0 0.064453125 0.869140625 0.076171875 0.076171875
0 0.318359375 0.529296875 0.072265625 0.072265625
0 0.4140625 0.630859375 0.072265625 0.072265625
0 0.5 0.86328125 0.0625 0.0625
0 0.248046875 0.94140625 0.0546875 0.0546875
0 0.416015625 0.34765625 0.048828125 0.048828125
0 0.53515625 0.451171875 0.046875 0.046875
0 0.05859375 0.546875 0.0390625 0.0390625
0 0.12109375 0.62890625 0.037109375 0.037109375
0 0.7890625 0.74609375 0.03515625 0.03515625
0 0.83984375 0.40625 0.03125 0.03125
0 0.158203125 0.74609375 0.02734375 0.02734375
0 0.98046875 0.583984375 0.02734375 0.02734375
0 0.2890625 0.5390625 0.02734375 0.02734375
0 0.16015625 0.7109375 0.02734375 0.02734375
0 0.865234375 0.525390625 0.025390625 0.025390625
0 0.234375 0.5390625 0.025390625 0.025390625
0 0.01171875 0.759765625 0.025390625 0.025390625
