0 0.2109375 0.376953125 0.333984375 0.333984375
0 0.453125 0.130859375 0.2265625 0.2265625
0 0.34765625 0.291015625 0.11328125 0.11328125
0 0.6484375 0.439453125 0.109375 0.109375
0 0.162109375 0.974609375 0.099609375 0.099609375
0 0.89453125 0.515625 0.064453125 0.064453125
0 0.818359375 0.900390625 0.064453125 0.064453125
0 0.669921875 0.615234375 0.0546875 0.0546875
0 0.94921875 0.84765625 0.044921875 0.044921875
0 0.720703125 0.5625 0.044921875 0.044921875
0 0.01953125 0.76171875 0.037109375 0.037109375
0 0.916015625 0.73046875 0.03515625 0.03515625
0 0.333984375 0.6953125 0.03515625 0.03515625
0 0.81640625 0.509765625 0.033203125 0.033203125
0 0.740234375 0.740234375 0.033203125 0.033203125
0 0.916015625 0.876953125 0.033203125 0.033203125
0 0.888671875 0.7578125 0.03125 0.03125
0 0.6015625 0.970703125 0.03125 0.03125
0 0.728515625 0.0078125 0.029296875 0.029296875
0 0.255859375 0.220703125 0.02734375 0.02734375
0 0.64453125 0.49609375 0.025390625 0.025390625
0 0.845703125 0.974609375 0.025390625 0.025390625
