0 0.716796875 0.16015625 0.1015625 0.1015625
0 0.45703125 0.23046875 0.08984375 0.08984375
0 0.83984375 0.123046875 0.078125 0.078125
0 0.677734375 0.0859375 0.068359375 0.068359375
0 0.8203125 0.18359375 0.06640625 0.06640625
0 0.1875 0.06640625 0.064453125 0.064453125
0 0.28515625 0.2265625 0.060546875 0.060546875
0 0.3828125 0.2578125 0.05859375 0.05859375
0 0.09375 0.08203125 0.056640625 0.056640625
0 0.71875 0.015625 0.044921875 0.044921875
0 0.3984375 0.32421875 0.0390625 0.0390625
0 0.470703125 0.28515625 0.037109375 0.037109375
0 0.5546875 0.212890625 0.037109375 0.037109375
0 0.541015625 0.140625 0.03125 0.03125
0 0.173828125 0.03125 0.029296875 0.029296875
0 0.251953125 0.216796875 0.029296875 0.029296875
0 0.43359375 0.1875 0.02734375 0.02734375
0 0.349609375 0.263671875 0.02734375 0.02734375
0 0.0078125 0.474609375 0.15625 0.15625
0 0.3125 0.759765625 0.14453125 0.14453125
0 0.537109375 0.4296875 0.138671875 0.138671875
0 0.66015625 0.34375 0.12109375 0.12109375
0 0.400390625 0.833984375 0.11328125 0.11328125
0 0.109375 0.8828125 0.1015625 0.1015625
0 0.75390625 0.923828125 0.099609375 0.099609375
0 0.64453125 0.349609375 0.095703125 0.095703125
0 0.228515625 0.400390625 0.08984375 0.08984375
0 0.771484375 0.970703125 0.087890625 0.087890625
0 0.361328125 0.486328125 0.078125 0.078125
0 0.912109375 0.564453125 0.072265625 0.072265625
0 0.875 0.638671875 0.072265625 0.072265625
0 0.572265625 0.673828125 0.064453125 0.064453125
0 0.802734375 0.630859375 0.060546875 0.060546875
0 0.029296875 0.533203125 0.05859375 0.05859375
0 0.181640625 0.8203125 0.052734375 0.052734375
0 0.193359375 0.34765625 0.048828125 0.048828125
0 0.515625 0.56640625 0.048828125 0.048828125
0 0.908203125 0.947265625 0.044921875 0.044921875
0 0.541015625 0.541015625 0.037109375 0.037109375
0 0.486328125 0.83984375 0.037109375 0.037109375
0 0.794921875 0.931640625 0.03515625 0.03515625
0 0.123046875 0.51171875 0.033203125 0.033203125
0 0.2109375 0.615234375 0.03125 0.03125
0 0.298828125 0.58203125 0.03125 0.03125
0 0.599609375 0.75390625 0.02734375 0.02734375
0 0.33984375 0.578125 0.02734375 0.02734375
0 0.30078125 0.34375 0.025390625 0.025390625
