0 0.158203125 0.908203125 0.208984375 0.208984375
0 0.322265625 0.580078125 0.125 0.125
0 0.349609375 0.427734375 0.12109375 0.12109375
0 0.728515625 0.59375 0.12109375 0.12109375
0 0.486328125 0.841796875 0.119140625 0.119140625
0 0.21484375 0.96875 0.1171875 0.1171875
0 0.67578125 0.392578125 0.11328125 0.11328125
0 0.4140625 0.357421875 0.1015625 0.1015625
0 0.048828125 0.546875 0.099609375 0.099609375
0 0.1953125 0.400390625 0.095703125 0.095703125
0 0.830078125 0.72265625 0.076171875 0.076171875
0 0.962890625 0.466796875 0.0703125 0.0703125
0 0.91796875 0.23046875 0.06640625 0.06640625
0 0.28125 0.216796875 0.064453125 0.064453125
0 0.4140625 0.287109375 0.05859375 0.05859375
0 0.46875 0.650390625 0.052734375 0.052734375
0 0.02734375 0.279296875 0.04296875 0.04296875
0 0.564453125 0.060546875 0.041015625 0.041015625
0 0.509765625 0.720703125 0.0390625 0.0390625
0 0.27734375 0.009765625 0.0390625 0.0390625
0 0.326171875 0.328125 0.0390625 0.0390625
0 0.615234375 0.703125 0.037109375 0.037109375
0 0.56640625 0.8984375 0.037109375 0.037109375
0 0.70703125 0.83203125 0.03515625 0.03515625
0 0.8515625 0.578125 0.03515625 0.03515625
0 0.5625 0.6796875 0.03515625 0.03515625
0 0.185546875 0.677734375 0.033203125 0.033203125
0 0.419921875 0.646484375 0.033203125 0.033203125
0 0.91015625 0.876953125 0.029296875 0.029296875
0 0.603515625 0.912109375 0.029296875 0.029296875
0 0.076171875 0.228515625 0.02734375 0.02734375
0 0.306640625 0.49609375 0.02734375 0.02734375
0 0.71484375 0.849609375 0.02734375 0.02734375
0 0.923828125 0.943359375 0.02734375 0.02734375
0 0.26171875 0.8203125 0.02734375 0.02734375
0 0.615234375 0.265625 0.025390625 0.025390625
0 0.146484375 0.4453125 0.025390625 0.025390625
