0 0.259765625 0.056640625 0.12109375 0.12109375
0 0.734375 0.166015625 0.091796875 0.091796875
0 0.6875 0.1015625 0.091796875 0.091796875
0 0.490234375 0.052734375 0.0703125 0.0703125
0 0.037109375 0.279296875 0.0625 0.0625
0 0.130859375 0.26953125 0.048828125 0.048828125
0 0.13671875 0.203125 0.04296875 0.04296875
0 0.767578125 0.068359375 0.04296875 0.04296875
0 0.419921875 0.234375 0.041015625 0.041015625
0 0.791015625 0.19921875 0.0390625 0.0390625
0 0.841796875 0.28125 0.037109375 0.037109375
0 0.640625 0.310546875 0.03515625 0.03515625
0 0.271484375 0.291015625 0.033203125 0.033203125
0 0.779296875 0.265625 0.033203125 0.033203125
0 0.59375 0.216796875 0.03125 0.03125
0 0.7890625 0.109375 0.029296875 0.029296875
0 0.384765625 0.275390625 0.029296875 0.029296875
0 0.169921875 0.33203125 0.02734375 0.02734375
0 0.072265625 0.044921875 0.025390625 0.025390625
0 0.3515625 0.75 0.208984375 0.208984375
0 0.609375 0.390625 0.15625 0.15625
0 0.40234375 0.43359375 0.130859375 0.130859375
0 0.041015625 0.576171875 0.12109375 0.12109375
0 0.595703125 0.828125 0.078125 0.078125
0 0.75 0.525390625 0.076171875 0.076171875
0 0.75390625 0.935546875 0.06640625 0.06640625
0 0.890625 0.0 0.064453125 0.064453125
0 0.201171875 0.8984375 0.05859375 0.05859375
0 0.046875 0.4765625 0.0546875 0.0546875
0 0.466796875 0.4453125 0.052734375 0.052734375
0 0.740234375 0.498046875 0.05078125 0.05078125
0 0.033203125 0.3359375 0.044921875 0.044921875
0 0.689453125 0.8984375 0.041015625 0.041015625
0 0.681640625 0.33984375 0.041015625 0.041015625
0 0.26953125 0.408203125 0.041015625 0.041015625
0 0.853515625 0.90234375 0.0390625 0.0390625
0 0.08203125 0.388671875 0.037109375 0.037109375
0 0.72265625 0.6640625 0.03515625 0.03515625
0 0.51171875 0.591796875 0.033203125 0.033203125
0 0.291015625 0.607421875 0.033203125 0.033203125
0 0.17578125 0.369140625 0.03125 0.03125
0 0.109375 0.802734375 0.029296875 0.029296875
0 0.103515625 0.919921875 0.029296875 0.029296875
