0 0.0546875 0.6328125 0.13671875 0.13671875
0 0.7421875 0.755859375 0.109375 0.109375
0 0.64453125 0.60546875 0.095703125 0.095703125
0 0.08984375 0.15625 0.0859375 0.0859375
0 0.392578125 0.806640625 0.080078125 0.080078125
0 0.435546875 0.041015625 0.080078125 0.080078125
0 0.603515625 0.689453125 0.078125 0.078125
0 0.294921875 0.416015625 0.068359375 0.068359375
0 0.623046875 0.498046875 0.06640625 0.06640625
0 0.314453125 0.9375 0.060546875 0.060546875
0 0.833984375 0.74609375 0.060546875 0.060546875
0 0.01171875 0.345703125 0.060546875 0.060546875
0 0.396484375 0.03515625 0.05859375 0.05859375
0 0.82421875 0.787109375 0.0546875 0.0546875
0 0.248046875 0.638671875 0.052734375 0.052734375
0 0.98046875 0.15234375 0.052734375 0.052734375
0 0.02734375 0.146484375 0.048828125 0.048828125
0 0.328125 0.46875 0.048828125 0.048828125
0 0.951171875 0.48046875 0.048828125 0.048828125
0 0.279296875 0.591796875 0.041015625 0.041015625
0 0.640625 0.86328125 0.03515625 0.03515625
0 0.8671875 0.1484375 0.03515625 0.03515625
0 0.32421875 0.140625 0.033203125 0.033203125
0 0.240234375 0.0546875 0.03125 0.03125
0 0.767578125 0.3125 0.03125 0.03125
0 0.490234375 0.990234375 0.03125 0.03125
0 0.083984375 0.287109375 0.03125 0.03125
0 0.48046875 0.4765625 0.03125 0.03125
0 0.9453125 0.384765625 0.03125 0.03125
0 0.12890625 0.0546875 0.029296875 0.029296875
0 0.001953125 0.021484375 0.029296875 0.029296875
0 0.89453125 0.486328125 0.02734375 0.02734375
0 0.48046875 0.416015625 0.02734375 0.02734375
0 0.814453125 0.91015625 0.02734375 0.02734375
0 0.810546875 0.73828125 0.02734375 0.02734375
0 0.994140625 0.837890625 0.025390625 0.025390625
