0 0.203125 0.578125 0.4765625 0.4765625
0 0.681640625 0.298828125 0.169921875 0.169921875
0 0.83203125 0.638671875 0.125 0.125
0 0.755859375 0.263671875 0.12109375 0.12109375
0 0.8046875 0.3203125 0.111328125 0.111328125
0 0.3984375 0.369140625 0.1015625 0.1015625
0 0.265625 0.798828125 0.095703125 0.095703125
0 0.248046875 0.837890625 0.0859375 0.0859375
0 0.58984375 0.470703125 0.076171875 0.076171875
0 0.9140625 0.5390625 0.076171875 0.076171875
0 0.28515625 0.5703125 0.06640625 0.06640625
0 0.822265625 0.9921875 0.064453125 0.064453125
0 0.24609375 0.20703125 0.060546875 0.060546875
0 0.876953125 0.599609375 0.060546875 0.060546875
0 0.408203125 0.568359375 0.0546875 0.0546875
0 0.70703125 0.798828125 0.052734375 0.052734375
0 0.8984375 0.25390625 0.052734375 0.052734375
0 0.4921875 0.33203125 0.052734375 0.052734375
0 0.67578125 0.62890625 0.052734375 0.052734375
0 0.107421875 0.337890625 0.05078125 0.05078125
0 0.6875 0.76171875 0.048828125 0.048828125
0 0.212890625 0.302734375 0.046875 0.046875
0 0.146484375 0.90234375 0.046875 0.046875
0 0.630859375 0.541015625 0.046875 0.046875
0 0.86328125 0.72265625 0.046875 0.046875
0 0.01171875 0.734375 0.046875 0.046875
0 0.876953125 0.822265625 0.0390625 0.0390625
0 0.6796875 0.48046875 0.0390625 0.0390625
0 0.7890625 0.837890625 0.037109375 0.037109375
0 0.7734375 0.453125 0.037109375 0.037109375
0 0.89453125 0.427734375 0.037109375 0.037109375
0 0.693359375 0.556640625 0.03515625 0.03515625
0 0.71484375 0.6171875 0.03515625 0.03515625
0 0.8359375 0.791015625 0.03515625 0.03515625
0 0.4140625 0.779296875 0.03125 0.03125
0 0.916015625 0.234375 0.03125 0.03125
0 0.95703125 0.087890625 0.03125 0.03125
0 0.689453125 0.86328125 0.03125 0.03125
0 0.677734375 0.90625 0.029296875 0.029296875
0 0.3125 0.158203125 0.029296875 0.029296875
0 0.462890625 0.490234375 0.02734375 0.02734375
0 0.109375 0.28515625 0.025390625 0.025390625
0 0.669921875 0.583984375 0.025390625 0.025390625
0 0.744140625 0.37109375 0.025390625 0.025390625
