0 0.193359375 0.48046875 0.130859375 0.130859375
0 0.080078125 0.2109375 0.12109375 0.12109375
0 0.068359375 0.98828125 0.0859375 0.0859375
0 0.4765625 0.12109375 0.072265625 0.072265625
0 0.26171875 0.03515625 0.0703125 0.0703125
0 0.90234375 0.341796875 0.064453125 0.064453125
0 0.84375 0.568359375 0.056640625 0.056640625
0 0.685546875 0.314453125 0.04296875 0.04296875
0 0.48828125 0.291015625 0.041015625 0.041015625
0 0.0078125 0.314453125 0.0390625 0.0390625
0 0.654296875 0.533203125 0.033203125 0.033203125
0 0.29296875 0.328125 0.033203125 0.033203125
0 0.54296875 0.62890625 0.03125 0.03125
0 0.845703125 0.62890625 0.03125 0.03125
