0 0.228515625 0.904296875 0.412109375 0.412109375
0 0.400390625 0.1484375 0.13671875 0.13671875
0 0.00390625 0.98046875 0.12109375 0.12109375
0 0.40234375 0.189453125 0.11328125 0.11328125
0 0.013671875 0.50390625 0.10546875 0.10546875
0 0.8359375 0.76171875 0.099609375 0.099609375
0 0.357421875 0.71484375 0.087890625 0.087890625
0 0.240234375 0.259765625 0.0859375 0.0859375
0 0.5234375 0.279296875 0.083984375 0.083984375
0 0.728515625 0.31640625 0.076171875 0.076171875
0 0.333984375 0.7421875 0.0703125 0.0703125
0 0.57421875 0.80859375 0.06640625 0.06640625
0 0.853515625 0.71875 0.064453125 0.064453125
0 0.39453125 0.78515625 0.064453125 0.064453125
0 0.658203125 0.73046875 0.060546875 0.060546875
0 0.935546875 0.9453125 0.052734375 0.052734375
0 0.466796875 0.404296875 0.05078125 0.05078125
0 0.1328125 0.822265625 0.046875 0.046875
0 0.71875 0.0625 0.044921875 0.044921875
0 0.169921875 0.31640625 0.044921875 0.044921875
0 0.185546875 0.244140625 0.044921875 0.044921875
0 0.111328125 0.46484375 0.04296875 0.04296875
0 0.080078125 0.373046875 0.04296875 0.04296875
0 0.912109375 0.169921875 0.041015625 0.041015625
0 0.513671875 0.986328125 0.0390625 0.0390625
0 0.12109375 0.73046875 0.0390625 0.0390625
0 0.494140625 0.865234375 0.037109375 0.037109375
0 0.7265625 0.533203125 0.037109375 0.037109375
0 0.53515625 0.955078125 0.037109375 0.037109375
0 0.6328125 0.158203125 0.033203125 0.033203125
0 0.6796875 0.931640625 0.033203125 0.033203125
0 0.21484375 0.837890625 0.03125 0.03125
0 0.21484375 0.7265625 0.029296875 0.029296875
0 0.501953125 0.73046875 0.029296875 0.029296875
0 0.365234375 0.490234375 0.029296875 0.029296875
0 0.369140625 0.015625 0.029296875 0.029296875
0 0.361328125 0.662109375 0.02734375 0.02734375
0 0.763671875 0.0 0.02734375 0.02734375
0 0.17578125 0.603515625 0.02734375 0.02734375
0 0.564453125 0.7578125 0.02734375 0.02734375
0 0.794921875 0.365234375 0.02734375 0.02734375
0 0.05859375 0.779296875 0.025390625 0.025390625
0 0.515625 0.14453125 0.025390625 0.025390625
0 0.8046875 0.4609375 0.025390625 0.025390625
0 0.083984375 0.798828125 0.025390625 0.025390625
