0 0.384765625 0.779296875 0.455078125 0.455078125
0 0.7890625 0.466796875 0.26953125 0.26953125
0 0.7109375 0.330078125 0.107421875 0.107421875
0 0.9453125 0.119140625 0.09375 0.09375
0 0.1640625 0.609375 0.068359375 0.068359375
0 0.216796875 0.501953125 0.06640625 0.06640625
0 0.931640625 0.87109375 0.046875 0.046875
0 0.97265625 0.7734375 0.044921875 0.044921875
0 0.095703125 0.79296875 0.04296875 0.04296875
0 0.48828125 0.357421875 0.0390625 0.0390625
0 0.27734375 0.525390625 0.0390625 0.0390625
0 0.18359375 0.640625 0.037109375 0.037109375
0 0.115234375 0.599609375 0.03515625 0.03515625
0 0.5390625 0.8671875 0.03515625 0.03515625
0 0.03515625 0.92578125 0.033203125 0.033203125
0 0.626953125 0.994140625 0.03125 0.03125
0 0.107421875 0.041015625 0.03125 0.03125
0 0.08984375 0.830078125 0.02734375 0.02734375
0 0.13671875 0.833984375 0.02734375 0.02734375
0 0.0234375 0.263671875 0.02734375 0.02734375
0 0.091796875 0.041015625 0.025390625 0.025390625
