0 0.166015625 0.3359375 0.154296875 0.154296875
0 0.0234375 0.509765625 0.123046875 0.123046875
0 0.76171875 0.7421875 0.107421875 0.107421875
0 0.197265625 0.9296875 0.1015625 0.1015625
0 0.71875 0.447265625 0.08984375 0.08984375
0 0.1328125 0.21875 0.08203125 0.08203125
0 0.51953125 0.435546875 0.080078125 0.080078125
0 0.96484375 0.44921875 0.080078125 0.080078125
0 0.232421875 0.841796875 0.07421875 0.07421875
0 0.013671875 0.595703125 0.0703125 0.0703125
0 0.388671875 0.5625 0.06640625 0.06640625
0 0.42578125 0.892578125 0.064453125 0.064453125
0 0.2890625 0.212890625 0.060546875 0.060546875
0 0.271484375 0.142578125 0.060546875 0.060546875
0 0.58984375 0.51171875 0.05859375 0.05859375
0 0.64453125 0.78125 0.056640625 0.056640625
0 0.408203125 0.595703125 0.0546875 0.0546875
0 0.08984375 0.591796875 0.052734375 0.052734375
0 0.923828125 0.3515625 0.05078125 0.05078125
0 0.66796875 0.599609375 0.05078125 0.05078125
0 0.20703125 0.662109375 0.05078125 0.05078125
0 0.68359375 0.693359375 0.046875 0.046875
0 0.955078125 0.3515625 0.04296875 0.04296875
0 0.89453125 0.322265625 0.041015625 0.041015625
0 0.66796875 0.19921875 0.041015625 0.041015625
0 0.302734375 0.7578125 0.041015625 0.041015625
0 0.591796875 0.751953125 0.037109375 0.037109375
0 0.607421875 0.083984375 0.037109375 0.037109375
0 0.328125 0.90234375 0.03515625 0.03515625
0 0.60546875 0.40625 0.03515625 0.03515625
0 0.462890625 0.58984375 0.03125 0.03125
0 0.5703125 0.6171875 0.029296875 0.029296875
0 0.814453125 0.205078125 0.029296875 0.029296875
0 0.443359375 0.546875 0.02734375 0.02734375
0 0.630859375 0.111328125 0.02734375 0.02734375
0 0.20703125 0.751953125 0.02734375 0.02734375
0 0.814453125 0.1640625 0.02734375 0.02734375
0 0.22265625 0.486328125 0.025390625 0.025390625
0 0.408203125 0.96484375 0.025390625 0.025390625
