0 0.525390625 0.19921875 0.09765625 0.09765625
0 0.45703125 0.03125 0.03515625 0.03515625
0 0.12890625 0.07421875 0.02734375 0.02734375
0 0.58984375 0.474609375 0.1484375 0.1484375
0 0.228515625 0.7421875 0.1171875 0.1171875
0 0.51953125 0.9375 0.091796875 0.091796875
0 0.33203125 0.76953125 0.091796875 0.091796875
0 0.78515625 0.541015625 0.08984375 0.08984375
0 0.380859375 0.65625 0.080078125 0.080078125
0 0.12109375 0.95703125 0.0703125 0.0703125
0 0.091796875 0.81640625 0.0625 0.0625
0 0.134765625 0.8515625 0.046875 0.046875
0 0.29296875 0.45703125 0.037109375 0.037109375
0 0.10546875 0.666015625 0.033203125 0.033203125
0 0.09375 0.8828125 0.03125 0.03125
0 0.26953125 0.421875 0.025390625 0.025390625
