0 0.13671875 0.916015625 0.646484375 0.646484375
0 0.205078125 0.404296875 0.294921875 0.294921875
0 0.978515625 0.197265625 0.25 0.25
0 0.50390625 0.0859375 0.201171875 0.201171875
0 0.66015625 0.806640625 0.158203125 0.158203125
0 0.783203125 0.005859375 0.15234375 0.15234375
0 0.671875 0.26171875 0.14453125 0.14453125
0 0.34765625 0.48046875 0.13671875 0.13671875
0 0.41015625 0.771484375 0.12109375 0.12109375
0 0.369140625 0.23046875 0.109375 0.109375
0 0.71484375 0.0625 0.103515625 0.103515625
0 0.259765625 0.498046875 0.1015625 0.1015625
0 0.568359375 0.2578125 0.08203125 0.08203125
0 0.578125 0.2890625 0.0703125 0.0703125
0 0.5 0.5625 0.06640625 0.06640625
0 0.474609375 0.376953125 0.0625 0.0625
0 0.677734375 0.2578125 0.0625 0.0625
0 0.255859375 0.1953125 0.05859375 0.05859375
0 0.39453125 0.388671875 0.0546875 0.0546875
0 0.279296875 0.923828125 0.044921875 0.044921875
0 0.033203125 0.9765625 0.044921875 0.044921875
0 0.25390625 0.80859375 0.044921875 0.044921875
0 0.49609375 0.41015625 0.044921875 0.044921875
0 0.34765625 0.546875 0.041015625 0.041015625
0 0.033203125 0.43359375 0.041015625 0.041015625
0 0.376953125 0.90625 0.0390625 0.0390625
0 0.6953125 0.802734375 0.037109375 0.037109375
0 0.5703125 0.08984375 0.03515625 0.03515625
0 0.341796875 0.3671875 0.03515625 0.03515625
0 0.59375 0.4140625 0.03515625 0.03515625
0 0.26171875 0.314453125 0.03125 0.03125
0 0.044921875 0.9921875 0.03125 0.03125
0 0.59765625 0.0703125 0.03125 0.03125
0 0.94140625 0.634765625 0.03125 0.03125
0 0.060546875 0.46875 0.03125 0.03125
0 0.138671875 0.951171875 0.029296875 0.029296875
0 0.19140625 0.8046875 0.029296875 0.029296875
0 0.64453125 0.576171875 0.029296875 0.029296875
0 0.904296875 0.845703125 0.029296875 0.029296875
0 0.951171875 0.970703125 0.029296875 0.029296875
0 0.6328125 0.421875 0.029296875 0.029296875
0 0.392578125 0.267578125 0.02734375 0.02734375
0 0.69921875 0.75 0.025390625 0.025390625
0 0.2421875 0.486328125 0.025390625 0.025390625
0 0.8828125 0.9375 0.025390625 0.025390625
0 0.658203125 0.44921875 0.025390625 0.025390625
