0 0.60546875 0.8515625 0.23046875 0.23046875
0 0.349609375 0.513671875 0.212890625 0.212890625
0 0.654296875 0.021484375 0.173828125 0.173828125
0 0.142578125 0.09375 0.150390625 0.150390625
0 0.9140625 0.58984375 0.1484375 0.1484375
0 0.76953125 0.37890625 0.146484375 0.146484375
0 0.505859375 0.134765625 0.12890625 0.12890625
0 0.431640625 0.599609375 0.12890625 0.12890625
0 0.20703125 0.279296875 0.126953125 0.126953125
0 0.787109375 0.5 0.125 0.125
0 0.869140625 0.083984375 0.111328125 0.111328125
0 0.984375 0.86328125 0.095703125 0.095703125
0 0.1796875 0.185546875 0.095703125 0.095703125
0 0.466796875 0.69921875 0.09375 0.09375
0 0.650390625 0.220703125 0.08984375 0.08984375
0 0.015625 0.19921875 0.08984375 0.08984375
0 0.498046875 0.025390625 0.078125 0.078125
0 0.837890625 0.1796875 0.078125 0.078125
0 0.4140625 0.75390625 0.076171875 0.076171875
0 0.3671875 0.025390625 0.068359375 0.068359375
0 0.73046875 0.703125 0.068359375 0.068359375
0 0.640625 0.2578125 0.068359375 0.068359375
0 0.4375 0.08203125 0.06640625 0.06640625
0 0.599609375 0.962890625 0.064453125 0.064453125
0 0.564453125 0.951171875 0.064453125 0.064453125
0 0.380859375 0.130859375 0.05859375 0.05859375
0 0.5859375 0.041015625 0.056640625 0.056640625
0 0.96484375 0.341796875 0.0546875 0.0546875
0 0.005859375 0.263671875 0.0546875 0.0546875
0 0.216796875 0.033203125 0.052734375 0.052734375
0 0.072265625 0.291015625 0.052734375 0.052734375
0 0.681640625 0.484375 0.052734375 0.052734375
0 0.2734375 0.958984375 0.052734375 0.052734375
0 0.166015625 0.953125 0.052734375 0.052734375
0 0.623046875 0.44921875 0.05078125 0.05078125
0 0.31640625 0.896484375 0.048828125 0.048828125
0 0.705078125 0.845703125 0.048828125 0.048828125
0 0.85546875 0.732421875 0.048828125 0.048828125
0 0.62109375 0.1171875 0.046875 0.046875
0 0.576171875 0.236328125 0.046875 0.046875
0 0.92578125 0.224609375 0.046875 0.046875
0 0.845703125 0.443359375 0.044921875 0.044921875
0 0.720703125 0.0 0.044921875 0.044921875
0 0.51171875 0.884765625 0.04296875 0.04296875
0 0.80078125 0.7734375 0.04296875 0.04296875
0 0.025390625 0.625 0.041015625 0.041015625
0 0.634765625 0.552734375 0.0390625 0.0390625
0 0.8828125 0.0546875 0.0390625 0.0390625
0 0.20703125 0.83203125 0.0390625 0.0390625
0 0.58984375 0.82421875 0.03515625 0.03515625
0 0.244140625 0.396484375 0.03515625 0.03515625
0 0.361328125 0.75 0.03515625 0.03515625
0 0.9765625 0.033203125 0.033203125 0.033203125
0 0.65234375 0.90625 0.03125 0.03125
0 0.650390625 0.404296875 0.03125 0.03125
0 0.462890625 0.220703125 0.029296875 0.029296875
0 0.51171875 0.818359375 0.029296875 0.029296875
0 0.564453125 0.771484375 0.029296875 0.029296875
0 0.955078125 0.361328125 0.029296875 0.029296875
0 0.123046875 0.951171875 0.029296875 0.029296875
0 0.267578125 0.298828125 0.02734375 0.02734375
0 0.876953125 0.30078125 0.02734375 0.02734375
0 0.7734375 0.001953125 0.02734375 0.02734375
0 0.78515625 0.28125 0.02734375 0.02734375
0 0.884765625 0.255859375 0.02734375 0.02734375
0 0.818359375 0.63671875 0.02734375 0.02734375
0 0.865234375 0.693359375 0.02734375 0.02734375
0 0.8515625 0.32421875 0.025390625 0.025390625
0 0.6328125 0.291015625 0.025390625 0.025390625
0 0.310546875 0.623046875 0.025390625 0.025390625
0 0.6484375 0.83203125 0.025390625 0.025390625
