0 0.142578125 0.42578125 0.1875 0.1875
0 0.060546875 0.955078125 0.140625 0.140625
0 0.080078125 0.744140625 0.119140625 0.119140625
0 0.01953125 0.40234375 0.1171875 0.1171875
0 0.20703125 0.36328125 0.091796875 0.091796875
0 0.201171875 0.822265625 0.08984375 0.08984375
0 0.953125 0.7421875 0.083984375 0.083984375
0 0.212890625 0.939453125 0.083984375 0.083984375
0 0.638671875 0.353515625 0.078125 0.078125
0 0.388671875 0.55859375 0.076171875 0.076171875
0 0.4765625 0.5234375 0.0703125 0.0703125
0 0.791015625 0.498046875 0.068359375 0.068359375
0 0.556640625 0.1953125 0.064453125 0.064453125
0 0.3125 0.474609375 0.0625 0.0625
0 0.125 0.8671875 0.0625 0.0625
0 0.1640625 0.896484375 0.0546875 0.0546875
0 0.14453125 0.716796875 0.052734375 0.052734375
0 0.31640625 0.78125 0.048828125 0.048828125
0 0.5859375 0.896484375 0.048828125 0.048828125
0 0.5078125 0.25390625 0.048828125 0.048828125
0 0.330078125 0.826171875 0.046875 0.046875
0 0.744140625 0.59765625 0.044921875 0.044921875
0 0.97265625 0.90625 0.044921875 0.044921875
0 0.5234375 0.521484375 0.044921875 0.044921875
0 0.869140625 0.240234375 0.04296875 0.04296875
0 0.7890625 0.708984375 0.041015625 0.041015625
0 0.447265625 0.892578125 0.041015625 0.041015625
0 0.96875 0.52734375 0.041015625 0.041015625
0 0.701171875 0.21484375 0.041015625 0.041015625
0 0.271484375 0.525390625 0.0390625 0.0390625
0 0.04296875 0.267578125 0.037109375 0.037109375
0 0.826171875 0.55859375 0.037109375 0.037109375
0 0.169921875 0.244140625 0.033203125 0.033203125
0 0.5703125 0.380859375 0.033203125 0.033203125
0 0.064453125 0.330078125 0.033203125 0.033203125
0 0.9609375 0.119140625 0.03125 0.03125
0 0.091796875 0.73046875 0.03125 0.03125
0 0.908203125 0.775390625 0.03125 0.03125
0 0.92578125 0.07421875 0.029296875 0.029296875
0 0.109375 0.54296875 0.029296875 0.029296875
0 0.9296875 0.421875 0.029296875 0.029296875
0 0.931640625 0.109375 0.029296875 0.029296875
0 0.185546875 0.630859375 0.029296875 0.029296875
0 0.75390625 0.3515625 0.02734375 0.02734375
0 0.63671875 0.482421875 0.02734375 0.02734375
0 0.900390625 0.53125 0.025390625 0.025390625
0 0.634765625 0.93359375 0.025390625 0.025390625
