0 0.45703125 0.04296875 0.318359375 0.318359375
0 0.556640625 0.0703125 0.26953125 0.26953125
0 0.6640625 0.33203125 0.240234375 0.240234375
0 0.87890625 0.115234375 0.14453125 0.14453125
0 0.396484375 0.392578125 0.142578125 0.142578125
0 0.228515625 0.365234375 0.126953125 0.126953125
0 0.701171875 0.48046875 0.109375 0.109375
0 0.1640625 0.150390625 0.087890625 0.087890625
0 0.9140625 0.041015625 0.087890625 0.087890625
0 0.080078125 0.244140625 0.0859375 0.0859375
0 0.26171875 0.130859375 0.078125 0.078125
0 0.365234375 0.162109375 0.076171875 0.076171875
0 0.068359375 0.03515625 0.06640625 0.06640625
0 0.931640625 0.30078125 0.064453125 0.064453125
0 0.658203125 0.21875 0.056640625 0.056640625
0 0.759765625 0.51953125 0.056640625 0.056640625
0 0.591796875 0.228515625 0.0546875 0.0546875
0 0.513671875 0.357421875 0.05078125 0.05078125
0 0.369140625 0.2265625 0.05078125 0.05078125
0 0.529296875 0.435546875 0.046875 0.046875
0 0.00390625 0.609375 0.044921875 0.044921875
0 0.09375 0.1171875 0.044921875 0.044921875
0 0.05859375 0.294921875 0.041015625 0.041015625
0 0.90234375 0.14453125 0.041015625 0.041015625
0 0.904296875 0.103515625 0.0390625 0.0390625
0 0.095703125 0.177734375 0.0390625 0.0390625
0 0.830078125 0.517578125 0.037109375 0.037109375
0 0.732421875 0.548828125 0.033203125 0.033203125
0 0.541015625 0.244140625 0.03125 0.03125
0 0.505859375 0.35546875 0.03125 0.03125
0 0.611328125 0.537109375 0.03125 0.03125
0 0.53515625 0.169921875 0.029296875 0.029296875
0 0.86328125 0.20703125 0.025390625 0.025390625
0 0.16015625 0.880859375 0.333984375 0.333984375
0 0.025390625 0.78125 0.19921875 0.19921875
0 0.982421875 0.671875 0.0703125 0.0703125
0 0.6484375 0.88671875 0.06640625 0.06640625
0 0.943359375 0.919921875 0.0390625 0.0390625
0 0.681640625 0.806640625 0.0390625 0.0390625
0 0.578125 0.748046875 0.025390625 0.025390625
0 0.935546875 0.728515625 0.025390625 0.025390625
