0 0.734375 0.84765625 0.22265625 0.22265625
0 0.3046875 0.494140625 0.185546875 0.185546875
0 0.369140625 0.73046875 0.169921875 0.169921875
0 0.029296875 0.0703125 0.162109375 0.162109375
0 0.482421875 0.23828125 0.13671875 0.13671875
0 0.740234375 0.216796875 0.111328125 0.111328125
0 0.38671875 0.83984375 0.10546875 0.10546875
0 0.57421875 0.32421875 0.103515625 0.103515625
0 0.572265625 0.44140625 0.1015625 0.1015625
0 0.0234375 0.248046875 0.095703125 0.095703125
0 0.80859375 0.15625 0.09375 0.09375
0 0.462890625 0.859375 0.09375 0.09375
0 0.22265625 0.5078125 0.083984375 0.083984375
0 0.154296875 0.87890625 0.078125 0.078125
0 0.630859375 0.955078125 0.07421875 0.07421875
0 0.03125 0.7734375 0.072265625 0.072265625
0 0.626953125 0.814453125 0.064453125 0.064453125
0 0.966796875 0.3359375 0.0625 0.0625
0 0.107421875 0.33203125 0.0625 0.0625
0 0.49609375 0.029296875 0.060546875 0.060546875
0 0.830078125 0.56640625 0.0546875 0.0546875
0 0.087890625 0.294921875 0.0546875 0.0546875
0 0.685546875 0.396484375 0.052734375 0.052734375
0 0.95703125 0.244140625 0.052734375 0.052734375
0 0.06640625 0.76953125 0.05078125 0.05078125
0 0.4140625 0.5234375 0.046875 0.046875
0 0.248046875 0.69921875 0.044921875 0.044921875
0 0.34375 0.76171875 0.044921875 0.044921875
0 0.224609375 0.734375 0.04296875 0.04296875
0 0.322265625 0.205078125 0.041015625 0.041015625
0 0.177734375 0.736328125 0.041015625 0.041015625
0 0.796875 0.337890625 0.0390625 0.0390625
0 0.7578125 0.056640625 0.037109375 0.037109375
0 0.19921875 0.603515625 0.037109375 0.037109375
0 0.02734375 0.2109375 0.037109375 0.037109375
0 0.53515625 0.0078125 0.033203125 0.033203125
0 0.578125 0.693359375 0.033203125 0.033203125
0 0.9296875 0.669921875 0.03125 0.03125
0 0.59375 0.623046875 0.03125 0.03125
0 0.2890625 0.224609375 0.029296875 0.029296875
0 0.025390625 0.4375 0.029296875 0.029296875
0 0.150390625 0.419921875 0.029296875 0.029296875
0 0.69921875 0.267578125 0.029296875 0.029296875
0 0.25 0.587890625 0.029296875 0.029296875
0 0.849609375 0.005859375 0.029296875 0.029296875
0 0.041015625 0.4765625 0.02734375 0.02734375
0 0.244140625 0.66015625 0.02734375 0.02734375
0 0.984375 0.794921875 0.02734375 0.02734375
0 0.09375 0.203125 0.025390625 0.025390625
0 0.634765625 0.95703125 0.025390625 0.025390625
0 0.552734375 0.595703125 0.025390625 0.025390625
