0 0.84765625 0.021484375 0.349609375 0.349609375
0 0.822265625 0.181640625 0.18359375 0.18359375
0 0.77734375 0.94921875 0.158203125 0.158203125
0 0.662109375 0.53515625 0.13671875 0.13671875
0 0.541015625 0.365234375 0.1328125 0.1328125
0 0.94140625 0.818359375 0.119140625 0.119140625
0 0.77734375 0.4375 0.115234375 0.115234375
0 0.01953125 0.828125 0.11328125 0.11328125
0 0.251953125 0.302734375 0.09375 0.09375
0 0.3984375 0.595703125 0.09375 0.09375
0 0.001953125 0.107421875 0.0859375 0.0859375
0 0.451171875 0.39453125 0.072265625 0.072265625
0 0.990234375 0.67578125 0.0703125 0.0703125
0 0.490234375 0.55078125 0.06640625 0.06640625
0 0.8359375 0.35546875 0.060546875 0.060546875
0 0.6328125 0.46875 0.056640625 0.056640625
0 0.55078125 0.572265625 0.056640625 0.056640625
0 0.158203125 0.822265625 0.044921875 0.044921875
0 0.837890625 0.330078125 0.044921875 0.044921875
0 0.013671875 0.04296875 0.044921875 0.044921875
0 0.423828125 0.40625 0.04296875 0.04296875
0 0.994140625 0.076171875 0.0390625 0.0390625
0 0.302734375 0.669921875 0.0390625 0.0390625
0 0.7265625 0.505859375 0.0390625 0.0390625
0 0.5078125 0.701171875 0.03515625 0.03515625
0 0.5 0.255859375 0.033203125 0.033203125
0 0.68359375 0.37890625 0.029296875 0.029296875
0 0.73046875 0.609375 0.02734375 0.02734375
0 0.5 0.142578125 0.02734375 0.02734375
0 0.1171875 0.58984375 0.025390625 0.025390625
0 0.74609375 0.494140625 0.025390625 0.025390625
0 0.22265625 0.25390625 0.025390625 0.025390625
