0 0.751953125 0.46875 0.79296875 0.79296875
0 0.166015625 0.923828125 0.193359375 0.193359375
0 0.310546875 0.7578125 0.134765625 0.134765625
0 0.31640625 0.513671875 0.1015625 0.1015625
0 0.4296875 0.20703125 0.0859375 0.0859375
0 0.091796875 0.71875 0.0859375 0.0859375
0 0.42578125 0.57421875 0.060546875 0.060546875
0 0.35546875 0.13671875 0.05859375 0.05859375
0 0.98046875 0.5 0.05859375 0.05859375
0 0.91796875 0.494140625 0.048828125 0.048828125
0 0.767578125 0.93359375 0.0390625 0.0390625
0 0.0859375 0.673828125 0.037109375 0.037109375
0 0.37890625 0.34375 0.033203125 0.033203125
0 0.353515625 0.404296875 0.03125 0.03125
0 0.126953125 0.990234375 0.03125 0.03125
0 0.580078125 0.0625 0.03125 0.03125
0 0.849609375 0.099609375 0.03125 0.03125
0 0.953125 0.703125 0.025390625 0.025390625
