0 0.509765625 0.109375 0.525390625 0.525390625
0 0.48828125 0.943359375 0.240234375 0.240234375
0 0.380859375 0.890625 0.234375 0.234375
0 0.443359375 0.796875 0.1796875 0.1796875
0 0.19921875 0.162109375 0.146484375 0.146484375
0 0.1953125 0.634765625 0.125 0.125
0 0.345703125 0.53515625 0.103515625 0.103515625
0 0.109375 0.396484375 0.1015625 0.1015625
0 0.375 0.482421875 0.083984375 0.083984375
0 0.556640625 0.859375 0.078125 0.078125
0 0.716796875 0.388671875 0.076171875 0.076171875
0 0.509765625 0.279296875 0.07421875 0.07421875
0 0.9609375 0.359375 0.072265625 0.072265625
0 0.23828125 0.9921875 0.0703125 0.0703125
0 0.8359375 0.8671875 0.068359375 0.068359375
0 0.984375 0.494140625 0.064453125 0.064453125
0 0.298828125 0.3203125 0.0625 0.0625
0 0.283203125 0.130859375 0.060546875 0.060546875
0 0.06640625 0.9765625 0.056640625 0.056640625
0 0.900390625 0.35546875 0.05078125 0.05078125
0 0.326171875 0.455078125 0.05078125 0.05078125
0 0.7265625 0.681640625 0.048828125 0.048828125
0 0.865234375 0.5234375 0.044921875 0.044921875
0 0.91015625 0.21875 0.041015625 0.041015625
0 0.818359375 0.697265625 0.041015625 0.041015625
0 0.296875 0.435546875 0.041015625 0.041015625
0 0.595703125 0.517578125 0.041015625 0.041015625
0 0.40234375 0.044921875 0.041015625 0.041015625
0 0.134765625 0.767578125 0.037109375 0.037109375
0 0.49609375 0.93359375 0.03515625 0.03515625
0 0.95703125 0.28125 0.03515625 0.03515625
0 0.072265625 0.427734375 0.033203125 0.033203125
0 0.734375 0.919921875 0.033203125 0.033203125
0 0.642578125 0.341796875 0.033203125 0.033203125
0 0.46875 0.51953125 0.033203125 0.033203125
0 0.265625 0.681640625 0.03125 0.03125
0 0.802734375 0.158203125 0.03125 0.03125
0 0.54296875 0.388671875 0.03125 0.03125
0 0.263671875 0.373046875 0.03125 0.03125
0 0.265625 0.6328125 0.025390625 0.025390625
