0 0.318359375 0.83984375 1.078125 1.078125
0 0.017578125 0.19140625 0.240234375 0.240234375
0 0.4765625 0.537109375 0.212890625 0.212890625
0 0.26953125 0.775390625 0.208984375 0.208984375
0 0.431640625 0.095703125 0.119140625 0.119140625
0 0.255859375 0.40625 0.107421875 0.107421875
0 0.390625 0.4140625 0.103515625 0.103515625
0 0.86328125 0.130859375 0.099609375 0.099609375
0 0.55859375 0.326171875 0.099609375 0.099609375
0 0.771484375 0.638671875 0.08984375 0.08984375
0 0.216796875 0.181640625 0.078125 0.078125
0 0.1640625 0.6171875 0.076171875 0.076171875
0 0.15625 0.880859375 0.076171875 0.076171875
0 0.482421875 0.142578125 0.0625 0.0625
0 0.365234375 0.14453125 0.0625 0.0625
0 0.541015625 0.08203125 0.060546875 0.060546875
0 0.10546875 0.810546875 0.056640625 0.056640625
0 0.896484375 0.693359375 0.052734375 0.052734375
0 0.845703125 0.58984375 0.05078125 0.05078125
0 0.26953125 0.236328125 0.046875 0.046875
0 0.6015625 0.908203125 0.041015625 0.041015625
0 0.484375 0.78125 0.0390625 0.0390625
0 0.404296875 0.494140625 0.03515625 0.03515625
0 0.10546875 0.607421875 0.033203125 0.033203125
0 0.109375 0.96875 0.033203125 0.033203125
0 0.8125 0.748046875 0.033203125 0.033203125
0 0.166015625 0.015625 0.03125 0.03125
0 0.994140625 0.64453125 0.03125 0.03125
0 0.568359375 0.71484375 0.03125 0.03125
0 0.083984375 0.078125 0.03125 0.03125
0 0.6015625 0.287109375 0.03125 0.03125
0 0.748046875 0.40625 0.03125 0.03125
0 0.771484375 0.119140625 0.03125 0.03125
0 0.19921875 0.59765625 0.029296875 0.029296875
0 0.85546875 0.208984375 0.029296875 0.029296875
0 0.7421875 0.3828125 0.02734375 0.02734375
0 0.94921875 0.078125 0.025390625 0.025390625
0 0.82421875 0.10546875 0.025390625 0.025390625
0 0.12109375 0.94921875 0.025390625 0.025390625
0 0.974609375 0.099609375 0.025390625 0.025390625
