0 0.2109375 0.724609375 0.142578125 0.142578125
0 0.6875 0.98828125 0.052734375 0.052734375
0 0.14453125 0.779296875 0.048828125 0.048828125
0 0.748046875 0.162109375 0.046875 0.046875
0 0.349609375 0.005859375 0.044921875 0.044921875
0 0.9609375 0.216796875 0.041015625 0.041015625
0 0.73046875 0.994140625 0.041015625 0.041015625
0 0.134765625 0.22265625 0.033203125 0.033203125
0 0.09375 0.2421875 0.03125 0.03125
0 0.705078125 0.634765625 0.029296875 0.029296875
0 0.5625 0.61328125 0.029296875 0.029296875
0 0.58203125 0.240234375 0.02734375 0.02734375
0 0.4921875 0.681640625 0.02734375 0.02734375
