0 0.080078125 0.162109375 0.14453125 0.14453125
0 0.0234375 0.576171875 0.10546875 0.10546875
0 0.095703125 0.6328125 0.080078125 0.080078125
0 0.462890625 0.861328125 0.064453125 0.064453125
0 0.71484375 0.771484375 0.04296875 0.04296875
0 0.1875 0.5078125 0.0390625 0.0390625
0 0.326171875 0.93359375 0.033203125 0.033203125
0 0.6484375 0.005859375 0.029296875 0.029296875
0 0.05078125 0.1796875 0.029296875 0.029296875
0 0.283203125 0.439453125 0.02734375 0.02734375
0 0.041015625 0.154296875 0.02734375 0.02734375
