0 0.0234375 0.10546875 0.2734375 0.2734375
0 0.98046875 0.794921875 0.197265625 0.197265625
0 0.697265625 0.306640625 0.17578125 0.17578125
0 0.896484375 0.255859375 0.173828125 0.173828125
0 0.265625 0.0 0.150390625 0.150390625
0 0.19921875 0.8671875 0.12890625 0.12890625
0 0.2578125 0.12890625 0.109375 0.109375
0 0.015625 0.353515625 0.107421875 0.107421875
0 0.34375 0.515625 0.107421875 0.107421875
0 0.08203125 0.47265625 0.099609375 0.099609375
0 0.09375 0.517578125 0.09765625 0.09765625
0 0.517578125 0.138671875 0.08984375 0.08984375
0 0.0 0.267578125 0.083984375 0.083984375
0 0.283203125 0.3828125 0.083984375 0.083984375
0 0.654296875 0.14453125 0.08203125 0.08203125
0 0.203125 0.36328125 0.07421875 0.07421875
0 0.228515625 0.171875 0.0703125 0.0703125
0 0.1015625 0.28125 0.06640625 0.06640625
0 0.51953125 0.00390625 0.064453125 0.064453125
0 0.763671875 0.8984375 0.05859375 0.05859375
0 0.833984375 0.830078125 0.056640625 0.056640625
0 0.126953125 0.482421875 0.05078125 0.05078125
0 0.322265625 0.8125 0.05078125 0.05078125
0 0.775390625 0.990234375 0.05078125 0.05078125
0 0.953125 0.890625 0.05078125 0.05078125
0 0.6796875 0.5390625 0.046875 0.046875
0 0.03125 0.392578125 0.046875 0.046875
0 0.994140625 0.244140625 0.046875 0.046875
0 0.408203125 0.431640625 0.044921875 0.044921875
0 0.869140625 0.59375 0.04296875 0.04296875
0 0.974609375 0.6328125 0.041015625 0.041015625
0 0.697265625 0.591796875 0.037109375 0.037109375
0 0.58203125 0.318359375 0.037109375 0.037109375
0 0.49609375 0.455078125 0.033203125 0.033203125
0 0.755859375 0.548828125 0.03125 0.03125
0 0.24609375 0.916015625 0.03125 0.03125
0 0.5859375 0.60546875 0.029296875 0.029296875
0 0.404296875 0.708984375 0.029296875 0.029296875
0 0.65234375 0.140625 0.029296875 0.029296875
0 0.51171875 0.59375 0.029296875 0.029296875
0 0.509765625 0.943359375 0.029296875 0.029296875
0 0.099609375 0.21484375 0.02734375 0.02734375
0 0.79296875 0.212890625 0.02734375 0.02734375
0 0.08984375 0.416015625 0.025390625 0.025390625
0 0.796875 0.953125 0.025390625 0.025390625
0 0.5234375 0.720703125 0.025390625 0.025390625
0 0.18359375 0.75390625 0.025390625 0.025390625
