0 0.72265625 0.115234375 0.439453125 0.439453125
0 0.1015625 0.365234375 0.431640625 0.431640625
0 0.7578125 0.408203125 0.35546875 0.35546875
0 0.333984375 0.294921875 0.25 0.25
0 0.0625 0.189453125 0.15234375 0.15234375
0 0.169921875 0.375 0.134765625 0.134765625
0 0.7109375 0.7734375 0.099609375 0.099609375
0 0.259765625 0.787109375 0.095703125 0.095703125
0 0.54296875 0.146484375 0.095703125 0.095703125
0 0.515625 0.48046875 0.09375 0.09375
0 0.650390625 0.14453125 0.091796875 0.091796875
0 0.62890625 0.060546875 0.087890625 0.087890625
0 0.19140625 0.52734375 0.0859375 0.0859375
0 0.0 0.298828125 0.0859375 0.0859375
0 0.7734375 0.2890625 0.083984375 0.083984375
0 0.109375 0.25390625 0.080078125 0.080078125
0 0.791015625 0.546875 0.078125 0.078125
0 0.171875 0.734375 0.076171875 0.076171875
0 0.361328125 0.4140625 0.07421875 0.07421875
0 0.072265625 0.642578125 0.072265625 0.072265625
0 0.044921875 0.08203125 0.072265625 0.072265625
0 0.703125 0.703125 0.06640625 0.06640625
0 0.94140625 0.91796875 0.0625 0.0625
0 0.826171875 0.98828125 0.056640625 0.056640625
0 0.67578125 0.8515625 0.056640625 0.056640625
0 0.82421875 0.671875 0.0546875 0.0546875
0 0.515625 0.86328125 0.0546875 0.0546875
0 0.09375 0.091796875 0.0546875 0.0546875
0 0.8828125 0.45703125 0.0546875 0.0546875
0 0.203125 0.8046875 0.0546875 0.0546875
0 0.548828125 0.23828125 0.0546875 0.0546875
0 0.330078125 0.09375 0.052734375 0.052734375
0 0.810546875 0.287109375 0.046875 0.046875
0 0.541015625 0.78125 0.046875 0.046875
0 0.509765625 0.103515625 0.044921875 0.044921875
0 0.849609375 0.52734375 0.044921875 0.044921875
0 0.861328125 0.25390625 0.044921875 0.044921875
0 0.16015625 0.63671875 0.04296875 0.04296875
0 0.76953125 0.966796875 0.041015625 0.041015625
0 0.408203125 0.736328125 0.041015625 0.041015625
0 0.75 0.109375 0.0390625 0.0390625
0 0.728515625 0.109375 0.037109375 0.037109375
0 0.662109375 0.537109375 0.03515625 0.03515625
0 0.484375 0.64453125 0.03515625 0.03515625
0 0.681640625 0.9140625 0.03515625 0.03515625
0 0.33984375 0.173828125 0.033203125 0.033203125
0 0.34375 0.263671875 0.033203125 0.033203125
0 0.3828125 0.529296875 0.03125 0.03125
0 0.6875 0.30859375 0.03125 0.03125
0 0.048828125 0.58984375 0.03125 0.03125
0 0.341796875 0.96875 0.029296875 0.029296875
0 0.111328125 0.697265625 0.029296875 0.029296875
0 0.58203125 0.4609375 0.029296875 0.029296875
0 0.673828125 0.96875 0.029296875 0.029296875
0 0.380859375 0.228515625 0.029296875 0.029296875
0 0.6875 0.05078125 0.029296875 0.029296875
0 0.091796875 0.55859375 0.029296875 0.029296875
0 0.5 0.2421875 0.029296875 0.029296875
0 0.87109375 0.87109375 0.02734375 0.02734375
0 0.60546875 0.544921875 0.02734375 0.02734375
0 0.103515625 0.529296875 0.02734375 0.02734375
0 0.33984375 0.068359375 0.02734375 0.02734375
0 0.02734375 0.154296875 0.02734375 0.02734375
0 0.876953125 0.529296875 0.02734375 0.02734375
0 0.72265625 0.4453125 0.02734375 0.02734375
