0 0.10546875 0.982421875 0.4140625 0.4140625
0 0.068359375 0.91796875 0.185546875 0.185546875
0 0.234375 0.072265625 0.158203125 0.158203125
0 0.396484375 0.1015625 0.126953125 0.126953125
0 0.5 0.935546875 0.095703125 0.095703125
0 0.328125 0.83984375 0.076171875 0.076171875
0 0.20703125 0.75 0.072265625 0.072265625
0 0.04296875 0.8046875 0.0703125 0.0703125
0 0.765625 0.53125 0.068359375 0.068359375
0 0.44140625 0.4765625 0.060546875 0.060546875
0 0.298828125 0.041015625 0.05078125 0.05078125
0 0.126953125 0.005859375 0.04296875 0.04296875
0 0.2421875 0.72265625 0.04296875 0.04296875
0 0.53125 0.9375 0.041015625 0.041015625
0 0.263671875 0.642578125 0.041015625 0.041015625
0 0.810546875 0.166015625 0.041015625 0.041015625
0 0.359375 0.19921875 0.037109375 0.037109375
0 0.712890625 0.28515625 0.03515625 0.03515625
0 0.041015625 0.3203125 0.033203125 0.033203125
0 0.26953125 0.33203125 0.03125 0.03125
0 0.744140625 0.6953125 0.03125 0.03125
0 0.126953125 0.244140625 0.029296875 0.029296875
0 0.51171875 0.1796875 0.02734375 0.02734375
