0 0.302734375 0.779296875 0.287109375 0.287109375
0 0.138671875 0.232421875 0.205078125 0.205078125
0 0.87890625 0.193359375 0.203125 0.203125
0 0.265625 0.947265625 0.140625 0.140625
0 0.458984375 0.900390625 0.11328125 0.11328125
0 0.59765625 0.357421875 0.103515625 0.103515625
0 0.791015625 0.05078125 0.091796875 0.091796875
0 0.458984375 0.646484375 0.0859375 0.0859375
0 0.17578125 0.033203125 0.08203125 0.08203125
0 0.908203125 0.646484375 0.07421875 0.07421875
0 0.552734375 0.095703125 0.072265625 0.072265625
0 0.189453125 0.99609375 0.06640625 0.06640625
0 0.9453125 0.669921875 0.06640625 0.06640625
0 0.974609375 0.6171875 0.060546875 0.060546875
0 0.8203125 0.845703125 0.0546875 0.0546875
0 0.75 0.25390625 0.052734375 0.052734375
0 0.373046875 0.236328125 0.052734375 0.052734375
0 0.849609375 0.6640625 0.05078125 0.05078125
0 0.970703125 0.587890625 0.048828125 0.048828125
0 0.935546875 0.1171875 0.04296875 0.04296875
0 0.703125 0.380859375 0.04296875 0.04296875
0 0.708984375 0.904296875 0.041015625 0.041015625
0 0.607421875 0.9765625 0.041015625 0.041015625
0 0.732421875 0.08203125 0.041015625 0.041015625
0 0.6953125 0.802734375 0.0390625 0.0390625
0 0.779296875 0.783203125 0.0390625 0.0390625
0 0.1171875 0.390625 0.0390625 0.0390625
0 0.919921875 0.57421875 0.037109375 0.037109375
0 0.638671875 0.580078125 0.03515625 0.03515625
0 0.498046875 0.306640625 0.03515625 0.03515625
0 0.453125 0.486328125 0.033203125 0.033203125
0 0.916015625 0.826171875 0.033203125 0.033203125
0 0.140625 0.279296875 0.033203125 0.033203125
0 0.423828125 0.888671875 0.03125 0.03125
0 0.087890625 0.41015625 0.03125 0.03125
0 0.216796875 0.775390625 0.03125 0.03125
0 0.07421875 0.642578125 0.03125 0.03125
0 0.96484375 0.267578125 0.03125 0.03125
0 0.708984375 0.107421875 0.03125 0.03125
0 0.888671875 0.763671875 0.03125 0.03125
0 0.77734375 0.708984375 0.03125 0.03125
0 0.4609375 0.853515625 0.029296875 0.029296875
0 0.0625 0.10546875 0.029296875 0.029296875
0 0.302734375 0.4609375 0.02734375 0.02734375
0 0.171875 0.626953125 0.02734375 0.02734375
0 0.099609375 0.7578125 0.02734375 0.02734375
0 0.80078125 0.111328125 0.025390625 0.025390625
0 0.921875 0.017578125 0.025390625 0.025390625
0 0.09765625 0.1875 0.025390625 0.025390625
0 0.939453125 0.796875 0.025390625 0.025390625
