0 0.197265625 0.552734375 0.189453125 0.189453125
0 0.296875 0.986328125 0.158203125 0.158203125
0 0.08203125 0.912109375 0.12890625 0.12890625
0 0.388671875 0.79296875 0.125 0.125
0 0.154296875 0.994140625 0.11328125 0.11328125
0 0.708984375 0.201171875 0.10546875 0.10546875
0 0.671875 0.451171875 0.1015625 0.1015625
0 0.234375 0.326171875 0.1015625 0.1015625
0 0.392578125 0.57421875 0.078125 0.078125
0 0.6484375 0.36328125 0.072265625 0.072265625
0 0.916015625 0.681640625 0.068359375 0.068359375
0 0.396484375 0.4140625 0.064453125 0.064453125
0 0.294921875 0.02734375 0.064453125 0.064453125
0 0.509765625 0.990234375 0.0625 0.0625
0 0.185546875 0.521484375 0.0625 0.0625
0 0.015625 0.212890625 0.05859375 0.05859375
0 0.224609375 0.892578125 0.05078125 0.05078125
0 0.666015625 0.79296875 0.05078125 0.05078125
0 0.314453125 0.119140625 0.048828125 0.048828125
0 0.71875 0.6875 0.046875 0.046875
0 0.220703125 0.685546875 0.046875 0.046875
0 0.82421875 0.7265625 0.044921875 0.044921875
0 0.90234375 0.16015625 0.044921875 0.044921875
0 0.54296875 0.2265625 0.044921875 0.044921875
0 0.1875 0.896484375 0.041015625 0.041015625
0 0.53515625 0.353515625 0.0390625 0.0390625
0 0.322265625 0.5234375 0.0390625 0.0390625
0 0.755859375 0.26171875 0.037109375 0.037109375
0 0.13671875 0.263671875 0.03515625 0.03515625
0 0.673828125 0.40234375 0.033203125 0.033203125
0 0.640625 0.103515625 0.033203125 0.033203125
0 0.458984375 0.53125 0.03125 0.03125
0 0.87890625 0.05859375 0.029296875 0.029296875
0 0.267578125 0.640625 0.029296875 0.029296875
0 0.775390625 0.978515625 0.02734375 0.02734375
0 0.5 0.17578125 0.02734375 0.02734375
0 0.99609375 0.939453125 0.025390625 0.025390625
0 0.697265625 0.322265625 0.025390625 0.025390625
