0 0.294921875 0.037109375 0.5390625 0.5390625
0 0.341796875 0.712890625 0.36328125 0.36328125
0 0.095703125 0.966796875 0.326171875 0.326171875
0 0.67578125 0.931640625 0.2109375 0.2109375
0 0.390625 0.201171875 0.134765625 0.134765625
0 0.033203125 0.04296875 0.130859375 0.130859375
0 0.7421875 0.27734375 0.125 0.125
0 0.37109375 0.78515625 0.1171875 0.1171875
0 0.119140625 0.2421875 0.1015625 0.1015625
0 0.640625 0.416015625 0.09765625 0.09765625
0 0.005859375 0.462890625 0.08984375 0.08984375
0 0.576171875 0.2421875 0.087890625 0.087890625
0 0.05078125 0.47265625 0.087890625 0.087890625
0 0.984375 0.306640625 0.08203125 0.08203125
0 0.8515625 0.513671875 0.080078125 0.080078125
0 0.1328125 0.12109375 0.080078125 0.080078125
0 0.548828125 0.873046875 0.07421875 0.07421875
0 0.71875 0.662109375 0.072265625 0.072265625
0 0.736328125 0.552734375 0.0625 0.0625
0 0.9921875 0.05859375 0.060546875 0.060546875
0 0.806640625 0.15625 0.05078125 0.05078125
0 0.611328125 0.650390625 0.048828125 0.048828125
0 0.912109375 0.24609375 0.048828125 0.048828125
0 0.802734375 0.0859375 0.048828125 0.048828125
0 0.29296875 0.556640625 0.044921875 0.044921875
0 0.4140625 0.068359375 0.037109375 0.037109375
0 0.25 0.19921875 0.037109375 0.037109375
0 0.22265625 0.53125 0.03515625 0.03515625
0 0.23046875 0.41796875 0.03515625 0.03515625
0 0.822265625 0.748046875 0.03515625 0.03515625
0 0.654296875 0.4609375 0.033203125 0.033203125
0 0.64453125 0.1171875 0.033203125 0.033203125
0 0.833984375 0.322265625 0.033203125 0.033203125
0 0.181640625 0.3125 0.03125 0.03125
0 0.1640625 0.640625 0.029296875 0.029296875
0 0.251953125 0.42578125 0.029296875 0.029296875
0 0.19140625 0.421875 0.029296875 0.029296875
0 0.58203125 0.541015625 0.029296875 0.029296875
0 0.3125 0.23046875 0.02734375 0.02734375
0 0.80859375 0.09765625 0.025390625 0.025390625
