0 0.482421875 0.9921875 0.060546875 0.060546875
0 0.798828125 0.01953125 0.04296875 0.04296875
0 0.7265625 0.544921875 0.0390625 0.0390625
0 0.595703125 0.623046875 0.03515625 0.03515625
0 0.306640625 0.099609375 0.033203125 0.033203125
0 0.0078125 0.66015625 0.033203125 0.033203125
0 0.43359375 0.177734375 0.033203125 0.033203125
0 0.224609375 0.072265625 0.029296875 0.029296875
0 0.490234375 0.203125 0.029296875 0.029296875
0 0.1875 0.0234375 0.02734375 0.02734375
0 0.6796875 0.099609375 0.025390625 0.025390625
