0 0.462890625 0.40234375 0.17578125 0.17578125
0 0.263671875 0.65234375 0.12109375 0.12109375
0 0.15625 0.556640625 0.11328125 0.11328125
0 0.55078125 0.21484375 0.068359375 0.068359375
0 0.56640625 0.447265625 0.0546875 0.0546875
0 0.46484375 0.4765625 0.052734375 0.052734375
0 0.228515625 0.38671875 0.037109375 0.037109375
0 0.47265625 0.142578125 0.037109375 0.037109375
0 0.07421875 0.287109375 0.03515625 0.03515625
0 0.123046875 0.66796875 0.03125 0.03125
0 0.08203125 0.11328125 0.029296875 0.029296875
0 0.462890625 0.19921875 0.02734375 0.02734375
