0 0.638671875 0.951171875 0.544921875 0.544921875
0 0.189453125 0.30078125 0.384765625 0.384765625
0 0.890625 0.384765625 0.302734375 0.302734375
0 0.08203125 0.373046875 0.158203125 0.158203125
0 0.9453125 0.072265625 0.12890625 0.12890625
0 0.013671875 0.015625 0.119140625 0.119140625
0 0.208984375 0.05078125 0.099609375 0.099609375
0 0.748046875 0.255859375 0.0859375 0.0859375
0 0.818359375 0.025390625 0.08203125 0.08203125
0 0.279296875 0.021484375 0.06640625 0.06640625
0 0.70703125 0.26953125 0.0546875 0.0546875
0 0.54296875 0.423828125 0.05078125 0.05078125
0 0.4609375 0.34375 0.046875 0.046875
0 0.48828125 0.359375 0.046875 0.046875
0 0.560546875 0.20703125 0.044921875 0.044921875
0 0.537109375 0.361328125 0.0390625 0.0390625
0 0.158203125 0.228515625 0.0390625 0.0390625
0 0.4765625 0.322265625 0.03515625 0.03515625
0 0.380859375 0.31640625 0.03125 0.03125
0 0.701171875 0.12109375 0.03125 0.03125
0 0.794921875 0.12890625 0.03125 0.03125
0 0.01171875 0.18359375 0.029296875 0.029296875
0 0.37890625 0.51953125 0.029296875 0.029296875
0 0.4921875 0.26953125 0.029296875 0.029296875
0 0.634765625 0.080078125 0.029296875 0.029296875
0 0.25 0.80859375 0.029296875 0.029296875
0 0.7578125 0.69140625 0.02734375 0.02734375
0 0.669921875 0.119140625 0.02734375 0.02734375
0 0.349609375 0.74609375 0.02734375 0.02734375
