0 0.328125 0.171875 0.259765625 0.259765625
0 0.1875 0.119140625 0.17578125 0.17578125
0 0.216796875 0.388671875 0.14453125 0.14453125
0 0.916015625 0.333984375 0.14453125 0.14453125
0 0.974609375 0.681640625 0.130859375 0.130859375
0 0.66015625 0.34765625 0.125 0.125
0 0.236328125 0.8671875 0.123046875 0.123046875
0 0.26171875 0.681640625 0.115234375 0.115234375
0 0.10546875 0.34765625 0.111328125 0.111328125
0 0.482421875 0.681640625 0.056640625 0.056640625
0 0.455078125 0.953125 0.0546875 0.0546875
0 0.791015625 0.787109375 0.05078125 0.05078125
0 0.94140625 0.54296875 0.046875 0.046875
0 0.8671875 0.7109375 0.044921875 0.044921875
0 0.484375 0.95703125 0.044921875 0.044921875
0 0.21484375 0.38671875 0.041015625 0.041015625
0 0.185546875 0.353515625 0.041015625 0.041015625
0 0.32421875 0.390625 0.0390625 0.0390625
0 0.693359375 0.875 0.0390625 0.0390625
0 0.53515625 0.4296875 0.037109375 0.037109375
0 0.404296875 0.349609375 0.037109375 0.037109375
0 0.44140625 0.392578125 0.03515625 0.03515625
0 0.548828125 0.625 0.03515625 0.03515625
0 0.82421875 0.951171875 0.03515625 0.03515625
0 0.943359375 0.8046875 0.033203125 0.033203125
0 0.529296875 0.8671875 0.033203125 0.033203125
0 0.83984375 0.0 0.029296875 0.029296875
0 0.76171875 0.498046875 0.029296875 0.029296875
0 0.74609375 0.556640625 0.029296875 0.029296875
0 0.54296875 0.765625 0.029296875 0.029296875
0 0.96484375 0.322265625 0.02734375 0.02734375
0 0.412109375 0.318359375 0.02734375 0.02734375
0 0.525390625 0.630859375 0.025390625 0.025390625
0 0.392578125 0.58984375 0.025390625 0.025390625
0 0.6484375 0.328125 0.025390625 0.025390625
