0 0.884765625 0.841796875 0.28515625 0.28515625
0 0.08203125 0.333984375 0.26953125 0.26953125
0 0.2734375 0.041015625 0.220703125 0.220703125
0 0.607421875 0.626953125 0.19140625 0.19140625
0 0.98828125 0.60546875 0.142578125 0.142578125
0 0.00390625 0.119140625 0.1328125 0.1328125
0 0.087890625 0.01953125 0.060546875 0.060546875
0 0.109375 0.16015625 0.0546875 0.0546875
0 0.427734375 0.3125 0.041015625 0.041015625
0 0.193359375 0.107421875 0.03515625 0.03515625
0 0.05859375 0.21484375 0.02734375 0.02734375
0 0.19921875 0.23828125 0.025390625 0.025390625
0 0.244140625 0.16015625 0.025390625 0.025390625
0 0.744140625 0.970703125 0.025390625 0.025390625
