0 0.75 0.962890625 0.32421875 0.32421875
0 0.16796875 0.17578125 0.103515625 0.103515625
0 0.390625 0.16015625 0.08203125 0.08203125
0 0.927734375 0.16015625 0.0703125 0.0703125
0 0.486328125 0.134765625 0.05859375 0.05859375
0 0.947265625 0.142578125 0.05078125 0.05078125
0 0.376953125 0.8828125 0.046875 0.046875
0 0.521484375 0.134765625 0.0390625 0.0390625
0 0.29296875 0.298828125 0.0390625 0.0390625
0 0.646484375 0.380859375 0.03515625 0.03515625
0 0.52734375 0.400390625 0.029296875 0.029296875
0 0.388671875 0.173828125 0.02734375 0.02734375
0 0.783203125 0.515625 0.025390625 0.025390625
