0 0.10546875 0.78125 0.59375 0.59375
0 0.33984375 0.75 0.390625 0.390625
0 0.703125 0.7578125 0.17578125 0.17578125
0 0.568359375 0.05078125 0.115234375 0.115234375
0 0.748046875 0.349609375 0.1015625 0.1015625
0 0.2109375 0.9921875 0.095703125 0.095703125
0 0.638671875 0.01171875 0.09375 0.09375
0 0.11328125 0.376953125 0.08203125 0.08203125
0 0.9296875 0.333984375 0.07421875 0.07421875
0 0.783203125 0.587890625 0.0703125 0.0703125
0 0.41015625 0.884765625 0.064453125 0.064453125
0 0.484375 0.412109375 0.05859375 0.05859375
0 0.001953125 0.275390625 0.0546875 0.0546875
0 0.365234375 0.40234375 0.0546875 0.0546875
0 0.515625 0.173828125 0.052734375 0.052734375
0 0.126953125 0.080078125 0.05078125 0.05078125
0 0.61328125 0.33203125 0.048828125 0.048828125
0 0.669921875 0.44140625 0.046875 0.046875
0 0.314453125 0.5625 0.046875 0.046875
0 0.43359375 0.76171875 0.041015625 0.041015625
0 0.8046875 0.095703125 0.041015625 0.041015625
0 0.677734375 0.1171875 0.0390625 0.0390625
0 0.955078125 0.48828125 0.0390625 0.0390625
0 0.04296875 0.333984375 0.037109375 0.037109375
0 0.3125 0.69921875 0.037109375 0.037109375
0 0.515625 0.146484375 0.03515625 0.03515625
0 0.84375 0.291015625 0.03515625 0.03515625
0 0.7734375 0.65625 0.033203125 0.033203125
0 0.681640625 0.078125 0.033203125 0.033203125
0 0.236328125 0.611328125 0.03125 0.03125
0 0.796875 0.900390625 0.029296875 0.029296875
0 0.87109375 0.126953125 0.029296875 0.029296875
0 0.498046875 0.87109375 0.029296875 0.029296875
0 0.5078125 0.220703125 0.02734375 0.02734375
0 0.15625 0.64453125 0.02734375 0.02734375
0 0.255859375 0.662109375 0.025390625 0.025390625
