0 0.990234375 0.255859375 0.208984375 0.208984375
0 0.501953125 0.490234375 0.1171875 0.1171875
0 0.041015625 0.619140625 0.1015625 0.1015625
0 0.802734375 0.294921875 0.080078125 0.080078125
0 0.10546875 0.138671875 0.078125 0.078125
0 0.552734375 0.78125 0.078125 0.078125
0 0.81640625 0.935546875 0.05859375 0.05859375
0 0.642578125 0.296875 0.0546875 0.0546875
0 0.142578125 0.5390625 0.052734375 0.052734375
0 0.888671875 0.703125 0.048828125 0.048828125
0 0.087890625 0.951171875 0.048828125 0.048828125
0 0.380859375 0.12890625 0.03515625 0.03515625
0 0.48046875 0.078125 0.03125 0.03125
0 0.076171875 0.984375 0.029296875 0.029296875
0 0.802734375 0.08203125 0.02734375 0.02734375
0 0.7734375 0.0546875 0.025390625 0.025390625
0 0.505859375 0.390625 0.025390625 0.025390625
