0 0.572265625 0.75 0.404296875 0.404296875
0 0.76171875 0.15234375 0.236328125 0.236328125
0 0.345703125 0.6328125 0.212890625 0.212890625
0 0.439453125 0.50390625 0.19921875 0.19921875
0 0.67578125 0.46875 0.15234375 0.15234375
0 0.208984375 0.77734375 0.107421875 0.107421875
0 0.111328125 0.244140625 0.10546875 0.10546875
0 0.255859375 0.900390625 0.10546875 0.10546875
0 0.2890625 0.484375 0.091796875 0.091796875
0 0.78515625 0.474609375 0.087890625 0.087890625
0 0.884765625 0.876953125 0.087890625 0.087890625
0 0.03125 0.6640625 0.07421875 0.07421875
0 0.84375 0.19140625 0.07421875 0.07421875
0 0.810546875 0.759765625 0.0625 0.0625
0 0.369140625 0.939453125 0.056640625 0.056640625
0 0.765625 0.892578125 0.052734375 0.052734375
0 0.23828125 0.08984375 0.052734375 0.052734375
0 0.125 0.7890625 0.05078125 0.05078125
0 0.193359375 0.021484375 0.048828125 0.048828125
0 0.689453125 0.37109375 0.046875 0.046875
0 0.78125 0.966796875 0.046875 0.046875
0 0.330078125 0.765625 0.044921875 0.044921875
0 0.322265625 0.287109375 0.0390625 0.0390625
0 0.38671875 0.794921875 0.0390625 0.0390625
0 0.2421875 0.93359375 0.037109375 0.037109375
0 0.021484375 0.052734375 0.03125 0.03125
0 0.041015625 0.0546875 0.03125 0.03125
0 0.892578125 0.265625 0.029296875 0.029296875
0 0.302734375 0.255859375 0.029296875 0.029296875
0 0.392578125 0.20703125 0.029296875 0.029296875
0 0.65234375 0.783203125 0.029296875 0.029296875
0 0.302734375 0.69140625 0.02734375 0.02734375
0 0.3671875 0.265625 0.02734375 0.02734375
0 0.755859375 0.2265625 0.025390625 0.025390625
