0 0.7265625 0.322265625 0.396484375 0.396484375
0 0.986328125 0.14453125 0.294921875 0.294921875
0 0.626953125 0.947265625 0.255859375 0.255859375
0 0.623046875 0.083984375 0.251953125 0.251953125
0 0.07421875 0.900390625 0.2421875 0.2421875
0 0.32421875 0.826171875 0.220703125 0.220703125
0 0.419921875 0.646484375 0.169921875 0.169921875
0 0.859375 0.80859375 0.123046875 0.123046875
0 0.3828125 0.32421875 0.103515625 0.103515625
0 0.17578125 0.333984375 0.1015625 0.1015625
0 0.666015625 0.712890625 0.1015625 0.1015625
0 0.076171875 0.591796875 0.09765625 0.09765625
0 0.802734375 0.177734375 0.087890625 0.087890625
0 0.228515625 0.212890625 0.0859375 0.0859375
0 0.3359375 0.22265625 0.080078125 0.080078125
0 0.646484375 0.37109375 0.080078125 0.080078125
0 0.767578125 0.958984375 0.080078125 0.080078125
0 0.37109375 0.85546875 0.072265625 0.072265625
0 0.220703125 0.669921875 0.060546875 0.060546875
0 0.6171875 0.78125 0.05859375 0.05859375
0 0.2578125 0.5234375 0.056640625 0.056640625
0 0.326171875 0.0390625 0.0546875 0.0546875
0 0.76953125 0.359375 0.0546875 0.0546875
0 0.94140625 0.576171875 0.052734375 0.052734375
0 0.515625 0.25 0.05078125 0.05078125
0 0.9765625 0.763671875 0.048828125 0.048828125
0 0.861328125 0.626953125 0.048828125 0.048828125
0 0.1015625 0.521484375 0.046875 0.046875
0 0.193359375 0.16796875 0.044921875 0.044921875
0 0.85546875 0.53515625 0.041015625 0.041015625
0 0.544921875 0.185546875 0.0390625 0.0390625
0 0.474609375 0.015625 0.0390625 0.0390625
0 0.5703125 0.65234375 0.037109375 0.037109375
0 0.71875 0.626953125 0.03515625 0.03515625
0 0.609375 0.69921875 0.033203125 0.033203125
0 0.318359375 0.3125 0.03125 0.03125
0 0.025390625 0.197265625 0.03125 0.03125
0 0.017578125 0.693359375 0.029296875 0.029296875
0 0.265625 0.3671875 0.02734375 0.02734375
0 0.421875 0.12109375 0.025390625 0.025390625
0 0.86328125 0.90625 0.025390625 0.025390625
