0 0.794921875 0.712890625 0.189453125 0.189453125
0 0.36328125 0.98046875 0.166015625 0.166015625
0 0.65625 0.90625 0.0859375 0.0859375
0 0.8671875 0.25 0.083984375 0.083984375
0 0.234375 0.326171875 0.07421875 0.07421875
0 0.12109375 0.958984375 0.05859375 0.05859375
0 0.54296875 0.650390625 0.0546875 0.0546875
0 0.208984375 0.478515625 0.0546875 0.0546875
0 0.544921875 0.60546875 0.0546875 0.0546875
0 0.826171875 0.927734375 0.052734375 0.052734375
0 0.162109375 0.68359375 0.04296875 0.04296875
0 0.326171875 0.310546875 0.04296875 0.04296875
0 0.763671875 0.572265625 0.0390625 0.0390625
0 0.228515625 0.80078125 0.03515625 0.03515625
0 0.59765625 0.44140625 0.03515625 0.03515625
0 0.115234375 0.0546875 0.03125 0.03125
0 0.03515625 0.642578125 0.03125 0.03125
0 0.470703125 0.43359375 0.025390625 0.025390625
0 0.99609375 0.78125 0.025390625 0.025390625
