0 0.5234375 0.8828125 0.52734375 0.52734375
0 0.49609375 0.357421875 0.123046875 0.123046875
0 0.16796875 0.93359375 0.12109375 0.12109375
0 0.6171875 0.15625 0.10546875 0.10546875
0 0.638671875 0.880859375 0.099609375 0.099609375
0 0.171875 0.828125 0.091796875 0.091796875
0 0.6484375 0.5859375 0.08984375 0.08984375
0 0.765625 0.29296875 0.08203125 0.08203125
0 0.33203125 0.83203125 0.07421875 0.07421875
0 0.595703125 0.125 0.07421875 0.07421875
0 0.748046875 0.755859375 0.0703125 0.0703125
0 0.62109375 0.26171875 0.06640625 0.06640625
0 0.40625 0.529296875 0.064453125 0.064453125
0 0.083984375 0.9921875 0.064453125 0.064453125
0 0.015625 0.283203125 0.060546875 0.060546875
0 0.986328125 0.05859375 0.052734375 0.052734375
0 0.421875 0.671875 0.044921875 0.044921875
0 0.80859375 0.583984375 0.044921875 0.044921875
0 0.86328125 0.73828125 0.041015625 0.041015625
0 0.12890625 0.1640625 0.0390625 0.0390625
0 0.6171875 0.08203125 0.0390625 0.0390625
0 0.955078125 0.435546875 0.0390625 0.0390625
0 0.107421875 0.607421875 0.0390625 0.0390625
0 0.177734375 0.064453125 0.037109375 0.037109375
0 0.287109375 0.33203125 0.03515625 0.03515625
0 0.71484375 0.326171875 0.03515625 0.03515625
0 0.74609375 0.681640625 0.03515625 0.03515625
0 0.140625 0.009765625 0.03515625 0.03515625
0 0.775390625 0.37890625 0.033203125 0.033203125
0 0.59375 0.03125 0.033203125 0.033203125
0 0.513671875 0.392578125 0.03125 0.03125
0 0.44140625 0.25390625 0.03125 0.03125
0 0.556640625 0.6953125 0.029296875 0.029296875
0 0.07421875 0.90625 0.02734375 0.02734375
0 0.13671875 0.291015625 0.02734375 0.02734375
0 0.255859375 0.5078125 0.02734375 0.02734375
0 0.208984375 0.83203125 0.02734375 0.02734375
0 0.70703125 0.34765625 0.025390625 0.025390625
0 0.564453125 0.248046875 0.025390625 0.025390625
0 0.357421875 0.197265625 0.025390625 0.025390625
