0 0.33203125 0.986328125 0.1484375 0.1484375
0 0.111328125 0.13671875 0.134765625 0.134765625
0 0.77734375 0.537109375 0.134765625 0.134765625
0 0.892578125 0.10546875 0.134765625 0.134765625
0 0.5703125 0.72265625 0.12890625 0.12890625
0 0.470703125 0.669921875 0.115234375 0.115234375
0 0.359375 0.146484375 0.11328125 0.11328125
0 0.732421875 0.16796875 0.111328125 0.111328125
0 0.8125 0.451171875 0.109375 0.109375
0 0.529296875 0.0546875 0.107421875 0.107421875
0 0.4140625 0.40234375 0.099609375 0.099609375
0 0.98046875 0.060546875 0.09375 0.09375
0 0.67578125 0.37890625 0.08984375 0.08984375
0 0.826171875 0.248046875 0.08203125 0.08203125
0 0.376953125 0.767578125 0.080078125 0.080078125
0 0.259765625 0.505859375 0.080078125 0.080078125
0 0.068359375 0.7734375 0.076171875 0.076171875
0 0.29296875 0.166015625 0.0703125 0.0703125
0 0.458984375 0.51171875 0.064453125 0.064453125
0 0.353515625 0.287109375 0.064453125 0.064453125
0 0.7734375 0.6484375 0.060546875 0.060546875
0 0.923828125 0.013671875 0.060546875 0.060546875
0 0.6875 0.548828125 0.056640625 0.056640625
0 0.658203125 0.095703125 0.0546875 0.0546875
0 0.560546875 0.826171875 0.052734375 0.052734375
0 0.609375 0.037109375 0.046875 0.046875
0 0.833984375 0.126953125 0.04296875 0.04296875
0 0.046875 0.427734375 0.0390625 0.0390625
0 0.48046875 0.296875 0.037109375 0.037109375
0 0.6875 0.646484375 0.037109375 0.037109375
0 0.01953125 0.873046875 0.03515625 0.03515625
0 0.02734375 0.16796875 0.03515625 0.03515625
0 0.279296875 0.453125 0.033203125 0.033203125
0 0.263671875 0.310546875 0.033203125 0.033203125
0 0.095703125 0.8203125 0.033203125 0.033203125
0 0.833984375 0.703125 0.02734375 0.02734375
0 0.74609375 0.73828125 0.025390625 0.025390625
0 0.865234375 0.671875 0.025390625 0.025390625
