0 0.962890625 0.5234375 0.17578125 0.17578125
0 0.787109375 0.291015625 0.134765625 0.134765625
0 0.41015625 0.087890625 0.1171875 0.1171875
0 0.515625 0.814453125 0.11328125 0.11328125
0 0.54296875 0.65625 0.107421875 0.107421875
0 0.51953125 0.609375 0.091796875 0.091796875
0 0.25 0.412109375 0.087890625 0.087890625
0 0.859375 0.13671875 0.0625 0.0625
0 0.046875 0.908203125 0.060546875 0.060546875
0 0.681640625 0.802734375 0.052734375 0.052734375
0 0.130859375 0.36328125 0.05078125 0.05078125
0 0.3125 0.490234375 0.041015625 0.041015625
0 0.072265625 0.466796875 0.037109375 0.037109375
0 0.306640625 0.697265625 0.033203125 0.033203125
0 0.193359375 0.404296875 0.033203125 0.033203125
0 0.703125 0.501953125 0.03125 0.03125
0 0.146484375 0.720703125 0.029296875 0.029296875
0 0.7890625 0.681640625 0.029296875 0.029296875
0 0.19921875 0.51953125 0.02734375 0.02734375
0 0.126953125 0.84375 0.025390625 0.025390625
