0 0.849609375 0.875 0.15625 0.15625
0 0.419921875 0.044921875 0.150390625 0.150390625
0 0.947265625 0.607421875 0.1328125 0.1328125
0 0.9296875 0.376953125 0.1015625 0.1015625
0 0.021484375 0.087890625 0.09375 0.09375
0 0.65234375 0.537109375 0.087890625 0.087890625
0 0.26953125 0.1953125 0.0859375 0.0859375
0 0.73046875 0.234375 0.083984375 0.083984375
0 0.2109375 0.078125 0.078125 0.078125
0 0.794921875 0.43359375 0.078125 0.078125
0 0.685546875 0.681640625 0.072265625 0.072265625
0 0.134765625 0.0546875 0.068359375 0.068359375
0 0.529296875 0.51171875 0.0625 0.0625
0 0.4921875 0.421875 0.060546875 0.060546875
0 0.384765625 0.2109375 0.060546875 0.060546875
0 0.4140625 0.80078125 0.060546875 0.060546875
0 0.591796875 0.912109375 0.05859375 0.05859375
0 0.603515625 0.451171875 0.052734375 0.052734375
0 0.994140625 0.669921875 0.052734375 0.052734375
0 0.23828125 0.2890625 0.05078125 0.05078125
0 0.33984375 0.57421875 0.046875 0.046875
0 0.234375 0.763671875 0.044921875 0.044921875
0 0.46875 0.095703125 0.044921875 0.044921875
0 0.357421875 0.443359375 0.044921875 0.044921875
0 0.115234375 0.634765625 0.04296875 0.04296875
0 0.62109375 0.041015625 0.04296875 0.04296875
0 0.990234375 0.1953125 0.04296875 0.04296875
0 0.3125 0.751953125 0.041015625 0.041015625
0 0.751953125 0.72265625 0.041015625 0.041015625
0 0.478515625 0.908203125 0.041015625 0.041015625
0 0.673828125 0.595703125 0.041015625 0.041015625
0 0.744140625 0.26953125 0.041015625 0.041015625
0 0.3828125 0.169921875 0.041015625 0.041015625
0 0.541015625 0.755859375 0.037109375 0.037109375
0 0.740234375 0.67578125 0.037109375 0.037109375
0 0.8671875 0.44921875 0.037109375 0.037109375
0 0.880859375 0.322265625 0.03515625 0.03515625
0 0.23828125 0.34765625 0.03515625 0.03515625
0 0.521484375 0.10546875 0.03515625 0.03515625
0 0.78125 0.67578125 0.03515625 0.03515625
0 0.955078125 0.3046875 0.03515625 0.03515625
0 0.275390625 0.4375 0.033203125 0.033203125
0 0.298828125 0.546875 0.033203125 0.033203125
0 0.884765625 0.916015625 0.03125 0.03125
0 0.58984375 0.119140625 0.03125 0.03125
0 0.712890625 0.494140625 0.03125 0.03125
0 0.716796875 0.875 0.029296875 0.029296875
0 0.548828125 0.10546875 0.029296875 0.029296875
0 0.34375 0.1953125 0.029296875 0.029296875
0 0.720703125 0.603515625 0.02734375 0.02734375
0 0.27734375 0.44921875 0.02734375 0.02734375
0 0.625 0.7109375 0.02734375 0.02734375
0 0.923828125 0.51171875 0.02734375 0.02734375
0 0.767578125 0.052734375 0.025390625 0.025390625
0 0.724609375 0.17578125 0.025390625 0.025390625
0 0.44140625 0.912109375 0.025390625 0.025390625
