0 0.1796875 0.458984375 1.876953125 1.876953125
0 0.291015625 0.392578125 0.904296875 0.904296875
0 0.07421875 0.263671875 0.162109375 0.162109375
0 0.982421875 0.12890625 0.1015625 0.1015625
0 0.5 0.251953125 0.08984375 0.08984375
0 0.931640625 0.314453125 0.080078125 0.080078125
0 0.16015625 0.88671875 0.076171875 0.076171875
0 0.875 0.294921875 0.064453125 0.064453125
0 0.97265625 0.564453125 0.046875 0.046875
0 0.81640625 0.673828125 0.046875 0.046875
0 0.404296875 0.990234375 0.044921875 0.044921875
0 0.7265625 0.986328125 0.041015625 0.041015625
0 0.603515625 0.541015625 0.041015625 0.041015625
0 0.865234375 0.466796875 0.041015625 0.041015625
0 0.23828125 0.130859375 0.03515625 0.03515625
0 0.724609375 0.935546875 0.033203125 0.033203125
0 0.232421875 0.9375 0.033203125 0.033203125
0 0.822265625 0.826171875 0.029296875 0.029296875
0 0.404296875 0.5390625 0.02734375 0.02734375
0 0.55078125 0.0 0.02734375 0.02734375
0 0.625 0.666015625 0.02734375 0.02734375
0 0.6875 0.2421875 0.02734375 0.02734375
0 0.865234375 0.603515625 0.02734375 0.02734375
0 0.845703125 0.435546875 0.02734375 0.02734375
0 0.8203125 0.953125 0.02734375 0.02734375
