0 0.861328125 0.28515625 0.251953125 0.251953125
0 0.265625 0.03125 0.216796875 0.216796875
0 0.669921875 0.337890625 0.1796875 0.1796875
0 0.439453125 0.376953125 0.126953125 0.126953125
0 0.482421875 0.224609375 0.126953125 0.126953125
0 0.64453125 0.25 0.115234375 0.115234375
0 0.615234375 0.158203125 0.09375 0.09375
0 0.83203125 0.46484375 0.076171875 0.076171875
0 0.361328125 0.306640625 0.064453125 0.064453125
0 0.2109375 0.599609375 0.056640625 0.056640625
0 0.451171875 0.154296875 0.052734375 0.052734375
0 0.26953125 0.1875 0.05078125 0.05078125
0 0.705078125 0.650390625 0.046875 0.046875
0 0.63671875 0.373046875 0.046875 0.046875
0 0.806640625 0.09765625 0.04296875 0.04296875
0 0.65625 0.056640625 0.041015625 0.041015625
0 0.564453125 0.626953125 0.037109375 0.037109375
0 0.123046875 0.265625 0.03515625 0.03515625
0 0.88671875 0.45703125 0.033203125 0.033203125
0 0.19140625 0.515625 0.033203125 0.033203125
0 0.88671875 0.615234375 0.029296875 0.029296875
0 0.630859375 0.66015625 0.029296875 0.029296875
0 0.12890625 0.083984375 0.025390625 0.025390625
0 0.6875 0.765625 0.2890625 0.2890625
0 0.7265625 0.95703125 0.07421875 0.07421875
0 0.78125 0.974609375 0.07421875 0.07421875
0 0.8828125 0.76171875 0.060546875 0.060546875
0 0.787109375 0.921875 0.056640625 0.056640625
0 0.337890625 0.849609375 0.05078125 0.05078125
0 0.048828125 0.76953125 0.05078125 0.05078125
0 0.671875 0.6875 0.044921875 0.044921875
0 0.494140625 0.748046875 0.041015625 0.041015625
0 0.470703125 0.994140625 0.037109375 0.037109375
0 0.18359375 0.984375 0.02734375 0.02734375
