0 0.931640625 0.3671875 0.21484375 0.21484375
0 0.09765625 0.96875 0.208984375 0.208984375
0 0.162109375 0.498046875 0.16796875 0.16796875
0 0.41796875 0.1875 0.138671875 0.138671875
0 0.654296875 0.26953125 0.134765625 0.134765625
0 0.546875 0.830078125 0.130859375 0.130859375
0 0.70703125 0.271484375 0.1015625 0.1015625
0 0.5390625 0.52734375 0.095703125 0.095703125
0 0.48828125 0.962890625 0.087890625 0.087890625
0 0.42578125 0.125 0.078125 0.078125
0 0.423828125 0.630859375 0.076171875 0.076171875
0 0.94921875 0.166015625 0.076171875 0.076171875
0 0.869140625 0.123046875 0.07421875 0.07421875
0 0.412109375 0.666015625 0.07421875 0.07421875
0 0.892578125 0.201171875 0.068359375 0.068359375
0 0.34375 0.16796875 0.06640625 0.06640625
0 0.171875 0.74609375 0.06640625 0.06640625
0 0.841796875 0.912109375 0.064453125 0.064453125
0 0.248046875 0.916015625 0.060546875 0.060546875
0 0.76171875 0.796875 0.060546875 0.060546875
0 0.939453125 0.09765625 0.05859375 0.05859375
0 0.94921875 0.564453125 0.0546875 0.0546875
0 0.759765625 0.1171875 0.0546875 0.0546875
0 0.02734375 0.09375 0.0546875 0.0546875
0 0.66796875 0.748046875 0.046875 0.046875
0 0.4375 0.333984375 0.044921875 0.044921875
0 0.939453125 0.51171875 0.04296875 0.04296875
0 0.400390625 0.0703125 0.041015625 0.041015625
0 0.388671875 0.986328125 0.0390625 0.0390625
0 0.947265625 0.654296875 0.037109375 0.037109375
0 0.78125 0.537109375 0.037109375 0.037109375
0 0.609375 0.787109375 0.03515625 0.03515625
0 0.828125 0.46484375 0.03515625 0.03515625
0 0.09375 0.4453125 0.03515625 0.03515625
0 0.298828125 0.482421875 0.033203125 0.033203125
0 0.236328125 0.40234375 0.033203125 0.033203125
0 0.919921875 0.904296875 0.03125 0.03125
0 0.904296875 0.111328125 0.03125 0.03125
0 0.576171875 0.29296875 0.03125 0.03125
0 0.8671875 0.572265625 0.03125 0.03125
0 0.236328125 0.296875 0.029296875 0.029296875
0 0.20703125 0.78125 0.029296875 0.029296875
0 0.619140625 0.771484375 0.029296875 0.029296875
0 0.640625 0.173828125 0.02734375 0.02734375
0 0.416015625 0.798828125 0.02734375 0.02734375
0 0.705078125 0.65625 0.02734375 0.02734375
0 0.826171875 0.310546875 0.02734375 0.02734375
0 0.69921875 0.541015625 0.025390625 0.025390625
0 0.822265625 0.23046875 0.025390625 0.025390625
0 0.8671875 0.916015625 0.025390625 0.025390625
