0 0.77734375 0.892578125 0.19140625 0.19140625
0 0.3359375 0.880859375 0.185546875 0.185546875
0 0.107421875 0.912109375 0.158203125 0.158203125
0 0.484375 0.443359375 0.14453125 0.14453125
0 0.19140625 0.5234375 0.140625 0.140625
0 0.40234375 0.787109375 0.12109375 0.12109375
0 0.888671875 0.240234375 0.103515625 0.103515625
0 0.677734375 0.30859375 0.091796875 0.091796875
0 0.525390625 0.99609375 0.091796875 0.091796875
0 0.744140625 0.287109375 0.08203125 0.08203125
0 0.763671875 0.208984375 0.07421875 0.07421875
0 0.599609375 0.08984375 0.072265625 0.072265625
0 0.75390625 0.330078125 0.068359375 0.068359375
0 0.984375 0.40234375 0.0625 0.0625
0 0.22265625 0.33984375 0.060546875 0.060546875
0 0.5390625 0.17578125 0.0546875 0.0546875
0 0.31640625 0.076171875 0.052734375 0.052734375
0 0.26953125 0.125 0.05078125 0.05078125
0 0.03515625 0.775390625 0.048828125 0.048828125
0 0.5078125 0.884765625 0.048828125 0.048828125
0 0.328125 0.53125 0.044921875 0.044921875
0 0.986328125 0.9296875 0.04296875 0.04296875
0 0.169921875 0.79296875 0.04296875 0.04296875
0 0.51171875 0.61328125 0.037109375 0.037109375
0 0.818359375 0.119140625 0.03515625 0.03515625
0 0.69921875 0.49609375 0.033203125 0.033203125
0 0.837890625 0.80859375 0.033203125 0.033203125
0 0.28515625 0.494140625 0.03125 0.03125
0 0.3046875 0.107421875 0.03125 0.03125
0 0.673828125 0.880859375 0.03125 0.03125
0 0.849609375 0.275390625 0.029296875 0.029296875
0 0.572265625 0.59765625 0.029296875 0.029296875
0 0.380859375 0.455078125 0.029296875 0.029296875
0 0.568359375 0.224609375 0.029296875 0.029296875
0 0.51953125 0.94921875 0.029296875 0.029296875
0 0.615234375 0.6171875 0.02734375 0.02734375
0 0.18359375 0.728515625 0.02734375 0.02734375
0 0.404296875 0.9765625 0.02734375 0.02734375
0 0.037109375 0.71484375 0.02734375 0.02734375
0 0.74609375 0.9453125 0.02734375 0.02734375
0 0.806640625 0.283203125 0.02734375 0.02734375
0 0.455078125 0.3671875 0.02734375 0.02734375
0 0.73828125 0.525390625 0.025390625 0.025390625
0 0.98828125 0.115234375 0.025390625 0.025390625
0 0.4453125 0.0703125 0.025390625 0.025390625
0 0.755859375 0.533203125 0.025390625 0.025390625
