0 0.544921875 0.5703125 0.2578125 0.2578125
0 0.712890625 0.578125 0.255859375 0.255859375
0 0.017578125 0.53515625 0.228515625 0.228515625
0 0.5546875 0.146484375 0.216796875 0.216796875
0 0.09375 0.06640625 0.1953125 0.1953125
0 0.734375 0.416015625 0.1875 0.1875
0 0.18359375 0.095703125 0.119140625 0.119140625
0 0.30859375 0.93359375 0.1171875 0.1171875
0 0.318359375 0.369140625 0.109375 0.109375
0 0.158203125 0.140625 0.099609375 0.099609375
0 0.2890625 0.236328125 0.09765625 0.09765625
0 0.056640625 0.859375 0.09375 0.09375
0 0.67578125 0.71484375 0.091796875 0.091796875
0 0.603515625 0.29296875 0.078125 0.078125
0 0.25390625 0.0703125 0.076171875 0.076171875
0 0.521484375 0.845703125 0.07421875 0.07421875
0 0.591796875 0.83203125 0.0703125 0.0703125
0 0.8046875 0.107421875 0.068359375 0.068359375
0 0.611328125 0.962890625 0.06640625 0.06640625
0 0.423828125 0.4140625 0.06640625 0.06640625
0 0.84765625 0.52734375 0.064453125 0.064453125
0 0.361328125 0.478515625 0.064453125 0.064453125
0 0.306640625 0.88671875 0.056640625 0.056640625
0 0.451171875 0.375 0.052734375 0.052734375
0 0.75 0.453125 0.048828125 0.048828125
0 0.568359375 0.16796875 0.046875 0.046875
0 0.857421875 0.83203125 0.046875 0.046875
0 0.705078125 0.7421875 0.046875 0.046875
0 0.73828125 0.939453125 0.044921875 0.044921875
0 0.412109375 0.14453125 0.04296875 0.04296875
0 0.1875 0.3046875 0.0390625 0.0390625
0 0.517578125 0.419921875 0.037109375 0.037109375
0 0.1484375 0.927734375 0.037109375 0.037109375
0 0.1875 0.755859375 0.037109375 0.037109375
0 0.849609375 0.41015625 0.03515625 0.03515625
0 0.619140625 0.009765625 0.033203125 0.033203125
0 0.259765625 0.73828125 0.03125 0.03125
0 0.720703125 0.9375 0.029296875 0.029296875
0 0.33984375 0.310546875 0.025390625 0.025390625
0 0.611328125 0.453125 0.025390625 0.025390625
0 0.61328125 0.49609375 0.025390625 0.025390625
0 0.546875 0.92578125 0.025390625 0.025390625
