0 0.921875 0.46875 0.21875 0.21875
0 0.12890625 0.9296875 0.12109375 0.12109375
0 0.5 0.39453125 0.119140625 0.119140625
0 0.248046875 0.666015625 0.107421875 0.107421875
0 0.603515625 0.419921875 0.107421875 0.107421875
0 0.740234375 0.353515625 0.10546875 0.10546875
0 0.44140625 0.3515625 0.1015625 0.1015625
0 0.279296875 0.923828125 0.08984375 0.08984375
0 0.4921875 0.47265625 0.068359375 0.068359375
0 0.62109375 0.982421875 0.06640625 0.06640625
0 0.99609375 0.78515625 0.060546875 0.060546875
0 0.958984375 0.962890625 0.05859375 0.05859375
0 0.072265625 0.79296875 0.05859375 0.05859375
0 0.732421875 0.728515625 0.0546875 0.0546875
0 0.03515625 0.43359375 0.05078125 0.05078125
0 0.892578125 0.423828125 0.044921875 0.044921875
0 0.345703125 0.2578125 0.0390625 0.0390625
0 0.3359375 0.474609375 0.0390625 0.0390625
0 0.375 0.353515625 0.0390625 0.0390625
0 0.458984375 0.126953125 0.0390625 0.0390625
0 0.826171875 0.65625 0.037109375 0.037109375
0 0.31640625 0.08984375 0.037109375 0.037109375
0 0.421875 0.54296875 0.037109375 0.037109375
0 0.515625 0.9453125 0.037109375 0.037109375
0 0.521484375 0.74609375 0.037109375 0.037109375
0 0.916015625 0.783203125 0.033203125 0.033203125
0 0.203125 0.154296875 0.033203125 0.033203125
0 0.916015625 0.43359375 0.03125 0.03125
0 0.806640625 0.546875 0.03125 0.03125
0 0.49609375 0.111328125 0.03125 0.03125
0 0.38671875 0.728515625 0.029296875 0.029296875
0 0.396484375 0.060546875 0.029296875 0.029296875
0 0.708984375 0.712890625 0.02734375 0.02734375
0 0.53515625 0.537109375 0.02734375 0.02734375
0 0.357421875 0.1484375 0.02734375 0.02734375
0 0.421875 0.955078125 0.025390625 0.025390625
0 0.111328125 0.17578125 0.025390625 0.025390625
0 0.703125 0.810546875 0.025390625 0.025390625
