0 0.748046875 0.416015625 0.162109375 0.162109375
0 0.505859375 0.955078125 0.158203125 0.158203125
0 0.416015625 0.095703125 0.125 0.125
0 0.134765625 0.439453125 0.1171875 0.1171875
0 0.412109375 0.9296875 0.095703125 0.095703125
0 0.89453125 0.1484375 0.08984375 0.08984375
0 0.3671875 0.205078125 0.0859375 0.0859375
0 0.66796875 0.97265625 0.080078125 0.080078125
0 0.3046875 0.2890625 0.07421875 0.07421875
0 0.27734375 0.380859375 0.068359375 0.068359375
0 0.126953125 0.8125 0.068359375 0.068359375
0 0.51953125 0.71484375 0.06640625 0.06640625
0 0.931640625 0.0390625 0.064453125 0.064453125
0 0.875 0.7421875 0.064453125 0.064453125
0 0.568359375 0.55859375 0.0625 0.0625
0 0.515625 0.068359375 0.060546875 0.060546875
0 0.755859375 0.185546875 0.060546875 0.060546875
0 0.533203125 0.521484375 0.060546875 0.060546875
0 0.91015625 0.88671875 0.05859375 0.05859375
0 0.294921875 0.845703125 0.05859375 0.05859375
0 0.203125 0.798828125 0.0546875 0.0546875
0 0.876953125 0.837890625 0.052734375 0.052734375
0 0.056640625 0.734375 0.052734375 0.052734375
0 0.88671875 0.40625 0.05078125 0.05078125
0 0.69140625 0.572265625 0.05078125 0.05078125
0 0.81640625 0.072265625 0.05078125 0.05078125
0 0.673828125 0.115234375 0.046875 0.046875
0 0.447265625 0.689453125 0.046875 0.046875
0 0.80078125 0.65625 0.044921875 0.044921875
0 0.408203125 0.244140625 0.04296875 0.04296875
0 0.48828125 0.40234375 0.04296875 0.04296875
0 0.50390625 0.7734375 0.04296875 0.04296875
0 0.09375 0.158203125 0.041015625 0.041015625
0 0.23828125 0.806640625 0.041015625 0.041015625
0 0.58203125 0.861328125 0.03515625 0.03515625
0 0.140625 0.537109375 0.03515625 0.03515625
0 0.982421875 0.248046875 0.029296875 0.029296875
0 0.51953125 0.466796875 0.02734375 0.02734375
