0 0.525390625 0.681640625 0.34765625 0.34765625
0 0.701171875 0.728515625 0.30078125 0.30078125
0 0.091796875 0.056640625 0.21875 0.21875
0 0.224609375 0.828125 0.1875 0.1875
0 0.4140625 0.373046875 0.18359375 0.18359375
0 0.20703125 0.525390625 0.16015625 0.16015625
0 0.10546875 0.166015625 0.15625 0.15625
0 0.197265625 0.5859375 0.125 0.125
0 0.859375 0.94921875 0.123046875 0.123046875
0 0.431640625 0.76171875 0.119140625 0.119140625
0 0.3359375 0.2421875 0.109375 0.109375
0 0.873046875 0.845703125 0.10546875 0.10546875
0 0.134765625 0.201171875 0.1015625 0.1015625
0 0.380859375 0.705078125 0.09765625 0.09765625
0 0.583984375 0.4453125 0.083984375 0.083984375
0 0.568359375 0.0 0.078125 0.078125
0 0.3359375 0.5234375 0.07421875 0.07421875
0 0.576171875 0.349609375 0.072265625 0.072265625
0 0.27734375 0.14453125 0.0703125 0.0703125
0 0.58203125 0.291015625 0.06640625 0.06640625
0 0.384765625 0.10546875 0.05859375 0.05859375
0 0.47265625 0.310546875 0.05859375 0.05859375
0 0.623046875 0.908203125 0.0546875 0.0546875
0 0.5078125 0.099609375 0.0546875 0.0546875
0 0.337890625 0.076171875 0.052734375 0.052734375
0 0.291015625 0.185546875 0.05078125 0.05078125
0 0.484375 0.828125 0.048828125 0.048828125
0 0.376953125 0.59375 0.044921875 0.044921875
0 0.357421875 0.123046875 0.044921875 0.044921875
0 0.525390625 0.3046875 0.04296875 0.04296875
0 0.30078125 0.60546875 0.041015625 0.041015625
0 0.671875 0.470703125 0.041015625 0.041015625
0 0.41796875 0.14453125 0.037109375 0.037109375
0 0.3046875 0.375 0.037109375 0.037109375
0 0.26171875 0.873046875 0.037109375 0.037109375
0 0.44140625 0.25390625 0.037109375 0.037109375
0 0.498046875 0.466796875 0.03515625 0.03515625
0 0.048828125 0.56640625 0.03125 0.03125
0 0.115234375 0.400390625 0.03125 0.03125
0 0.37109375 0.001953125 0.02734375 0.02734375
0 0.375 0.15625 0.025390625 0.025390625
0 0.447265625 0.822265625 0.025390625 0.025390625
0 0.1953125 0.240234375 0.025390625 0.025390625
0 0.353515625 0.90234375 0.025390625 0.025390625
