0 0.083984375 0.625 0.1484375 0.1484375
0 0.14453125 0.31640625 0.06640625 0.06640625
0 0.69921875 0.7734375 0.060546875 0.060546875
0 0.140625 0.99609375 0.0546875 0.0546875
0 0.54296875 0.451171875 0.05078125 0.05078125
0 0.408203125 0.53515625 0.048828125 0.048828125
0 0.037109375 0.845703125 0.044921875 0.044921875
0 0.294921875 0.78515625 0.041015625 0.041015625
0 0.671875 0.48828125 0.037109375 0.037109375
0 0.12109375 0.81640625 0.037109375 0.037109375
0 0.072265625 0.80078125 0.037109375 0.037109375
0 0.033203125 0.990234375 0.033203125 0.033203125
0 0.060546875 0.845703125 0.03125 0.03125
0 0.64453125 0.876953125 0.029296875 0.029296875
0 0.40234375 0.4921875 0.02734375 0.02734375
0 0.888671875 0.908203125 0.02734375 0.02734375
0 0.10546875 0.939453125 0.025390625 0.025390625
