0 0.716796875 0.134765625 0.037109375 0.037109375
0 0.822265625 0.865234375 0.296875 0.296875
0 0.671875 0.48828125 0.150390625 0.150390625
0 0.974609375 0.701171875 0.140625 0.140625
0 0.16796875 0.912109375 0.12109375 0.12109375
0 0.39453125 0.830078125 0.12109375 0.12109375
0 0.009765625 0.515625 0.10546875 0.10546875
0 0.470703125 0.728515625 0.078125 0.078125
0 0.779296875 0.697265625 0.068359375 0.068359375
0 0.591796875 0.890625 0.048828125 0.048828125
0 0.708984375 0.7578125 0.041015625 0.041015625
