0 0.40625 0.1171875 0.171875 0.171875
0 0.224609375 0.22265625 0.1640625 0.1640625
0 0.484375 0.7578125 0.10546875 0.10546875
0 0.234375 0.248046875 0.0859375 0.0859375
0 0.568359375 0.26171875 0.0859375 0.0859375
0 0.119140625 0.97265625 0.072265625 0.072265625
0 0.853515625 0.044921875 0.0625 0.0625
0 0.353515625 0.833984375 0.0625 0.0625
0 0.66015625 0.3125 0.05859375 0.05859375
0 0.57421875 0.048828125 0.05859375 0.05859375
0 0.59375 0.326171875 0.056640625 0.056640625
0 0.568359375 0.376953125 0.056640625 0.056640625
0 0.486328125 0.00390625 0.056640625 0.056640625
0 0.287109375 0.744140625 0.0546875 0.0546875
0 0.75390625 0.470703125 0.052734375 0.052734375
0 0.052734375 0.40234375 0.05078125 0.05078125
0 0.46484375 0.345703125 0.046875 0.046875
0 0.70703125 0.080078125 0.046875 0.046875
0 0.181640625 0.00390625 0.041015625 0.041015625
0 0.87890625 0.00390625 0.037109375 0.037109375
0 0.466796875 0.2578125 0.03515625 0.03515625
0 0.07421875 0.728515625 0.033203125 0.033203125
0 0.873046875 0.779296875 0.033203125 0.033203125
0 0.4765625 0.87109375 0.03125 0.03125
0 0.857421875 0.96484375 0.03125 0.03125
0 0.37109375 0.65234375 0.03125 0.03125
0 0.33984375 0.634765625 0.02734375 0.02734375
0 0.32421875 0.1796875 0.025390625 0.025390625
