0 0.630859375 0.80078125 0.232421875 0.232421875
0 0.0078125 0.677734375 0.212890625 0.212890625
0 0.478515625 0.173828125 0.16796875 0.16796875
0 0.443359375 0.76171875 0.162109375 0.162109375
0 0.748046875 0.185546875 0.12890625 0.12890625
0 0.8359375 0.93359375 0.125 0.125
0 0.513671875 0.072265625 0.111328125 0.111328125
0 0.45703125 0.2109375 0.10546875 0.10546875
0 0.869140625 0.240234375 0.103515625 0.103515625
0 0.072265625 0.107421875 0.099609375 0.099609375
0 0.7734375 0.810546875 0.09765625 0.09765625
0 0.55859375 0.1484375 0.095703125 0.095703125
0 0.298828125 0.14453125 0.087890625 0.087890625
0 0.55859375 0.341796875 0.08203125 0.08203125
0 0.044921875 0.74609375 0.08203125 0.08203125
0 0.43359375 0.048828125 0.078125 0.078125
0 0.2734375 0.208984375 0.078125 0.078125
0 0.837890625 0.63671875 0.076171875 0.076171875
0 0.306640625 0.869140625 0.07421875 0.07421875
0 0.09375 0.44140625 0.07421875 0.07421875
0 0.138671875 0.537109375 0.072265625 0.072265625
0 0.421875 0.43359375 0.0703125 0.0703125
0 0.365234375 0.154296875 0.06640625 0.06640625
0 0.39453125 0.33203125 0.06640625 0.06640625
0 0.349609375 0.423828125 0.0625 0.0625
0 0.30859375 0.498046875 0.05859375 0.05859375
0 0.26171875 0.43359375 0.056640625 0.056640625
0 0.302734375 0.458984375 0.0546875 0.0546875
0 0.28515625 0.595703125 0.0546875 0.0546875
0 0.33203125 0.20703125 0.0546875 0.0546875
0 0.93359375 0.26171875 0.052734375 0.052734375
0 0.021484375 0.525390625 0.052734375 0.052734375
0 0.138671875 0.142578125 0.048828125 0.048828125
0 0.869140625 0.009765625 0.04296875 0.04296875
0 0.2734375 0.5390625 0.04296875 0.04296875
0 0.88671875 0.77734375 0.041015625 0.041015625
0 0.935546875 0.21875 0.0390625 0.0390625
0 0.126953125 0.05078125 0.03515625 0.03515625
0 0.177734375 0.638671875 0.03515625 0.03515625
0 0.248046875 0.517578125 0.033203125 0.033203125
0 0.583984375 0.107421875 0.033203125 0.033203125
0 0.39453125 0.322265625 0.029296875 0.029296875
0 0.935546875 0.0546875 0.029296875 0.029296875
0 0.396484375 0.625 0.029296875 0.029296875
0 0.640625 0.07421875 0.029296875 0.029296875
0 0.37890625 0.49609375 0.02734375 0.02734375
0 0.49609375 0.34765625 0.025390625 0.025390625
0 0.966796875 0.0234375 0.025390625 0.025390625
0 0.1796875 0.84765625 0.025390625 0.025390625
