0 0.77734375 0.109375 0.19140625 0.19140625
0 0.419921875 0.619140625 0.17578125 0.17578125
0 0.375 0.154296875 0.142578125 0.142578125
0 0.443359375 0.099609375 0.125 0.125
0 0.62890625 0.46484375 0.1171875 0.1171875
0 0.986328125 0.423828125 0.115234375 0.115234375
0 0.70703125 0.375 0.103515625 0.103515625
0 0.23828125 0.064453125 0.08984375 0.08984375
0 0.41015625 0.970703125 0.072265625 0.072265625
0 0.03125 0.541015625 0.0703125 0.0703125
0 0.8984375 0.6796875 0.06640625 0.06640625
0 0.51953125 0.146484375 0.064453125 0.064453125
0 0.7578125 0.009765625 0.064453125 0.064453125
0 0.2578125 0.87890625 0.0625 0.0625
0 0.484375 0.419921875 0.0625 0.0625
0 0.58984375 0.5234375 0.060546875 0.060546875
0 0.919921875 0.375 0.0546875 0.0546875
0 0.177734375 0.466796875 0.0546875 0.0546875
0 0.18359375 0.60546875 0.0546875 0.0546875
0 0.71875 0.994140625 0.052734375 0.052734375
0 0.44921875 0.017578125 0.05078125 0.05078125
0 0.990234375 0.65625 0.05078125 0.05078125
0 0.1875 0.73828125 0.048828125 0.048828125
0 0.806640625 0.994140625 0.046875 0.046875
0 0.775390625 0.302734375 0.04296875 0.04296875
0 0.76171875 0.84765625 0.041015625 0.041015625
0 0.685546875 0.1953125 0.041015625 0.041015625
0 0.970703125 0.744140625 0.0390625 0.0390625
0 0.65625 0.138671875 0.0390625 0.0390625
0 0.705078125 0.28515625 0.037109375 0.037109375
0 0.9453125 0.521484375 0.03515625 0.03515625
0 0.2734375 0.26953125 0.03515625 0.03515625
0 0.07421875 0.63671875 0.033203125 0.033203125
0 0.54296875 0.310546875 0.033203125 0.033203125
0 0.8203125 0.28125 0.033203125 0.033203125
0 0.970703125 0.955078125 0.03125 0.03125
0 0.23828125 0.59375 0.03125 0.03125
0 0.86328125 0.767578125 0.029296875 0.029296875
0 0.26953125 0.017578125 0.02734375 0.02734375
0 0.197265625 0.017578125 0.025390625 0.025390625
0 0.966796875 0.935546875 0.025390625 0.025390625
0 0.638671875 0.818359375 0.025390625 0.025390625
0 0.34765625 0.732421875 0.025390625 0.025390625
