0 0.166015625 0.544921875 0.16015625 0.16015625
0 0.587890625 0.0 0.142578125 0.142578125
0 0.896484375 0.38671875 0.119140625 0.119140625
0 0.052734375 0.416015625 0.09765625 0.09765625
0 0.30859375 0.5234375 0.080078125 0.080078125
0 0.056640625 0.583984375 0.078125 0.078125
0 0.123046875 0.693359375 0.076171875 0.076171875
0 0.83984375 0.67578125 0.07421875 0.07421875
0 0.3046875 0.423828125 0.0703125 0.0703125
0 0.8515625 0.86328125 0.056640625 0.056640625
0 0.2265625 0.546875 0.0546875 0.0546875
0 0.84765625 0.83984375 0.052734375 0.052734375
0 0.240234375 0.9296875 0.048828125 0.048828125
0 0.548828125 0.7890625 0.044921875 0.044921875
0 0.0390625 0.51171875 0.044921875 0.044921875
0 0.576171875 0.6171875 0.041015625 0.041015625
0 0.65625 0.62109375 0.0390625 0.0390625
0 0.83203125 0.478515625 0.0390625 0.0390625
0 0.427734375 0.626953125 0.03515625 0.03515625
0 0.939453125 0.123046875 0.033203125 0.033203125
0 0.33984375 0.279296875 0.03125 0.03125
0 0.650390625 0.42578125 0.029296875 0.029296875
0 0.712890625 0.630859375 0.02734375 0.02734375
