0 0.35546875 0.33984375 0.140625 0.140625
0 0.24609375 0.24609375 0.107421875 0.107421875
0 0.271484375 0.6171875 0.095703125 0.095703125
0 0.083984375 0.5859375 0.078125 0.078125
0 0.138671875 0.275390625 0.0703125 0.0703125
0 0.634765625 0.416015625 0.068359375 0.068359375
0 0.134765625 0.935546875 0.068359375 0.068359375
0 0.654296875 0.69140625 0.05859375 0.05859375
0 0.009765625 0.939453125 0.037109375 0.037109375
0 0.69921875 0.353515625 0.03515625 0.03515625
0 0.349609375 0.708984375 0.033203125 0.033203125
0 0.572265625 0.908203125 0.033203125 0.033203125
0 0.650390625 0.7578125 0.033203125 0.033203125
0 0.939453125 0.6875 0.033203125 0.033203125
0 0.720703125 0.94921875 0.03125 0.03125
0 0.033203125 0.654296875 0.03125 0.03125
0 0.27734375 0.86328125 0.029296875 0.029296875
0 0.310546875 0.283203125 0.029296875 0.029296875
0 0.9375 0.943359375 0.029296875 0.029296875
0 0.744140625 0.056640625 0.029296875 0.029296875
0 0.30078125 0.505859375 0.029296875 0.029296875
0 0.1640625 0.1171875 0.02734375 0.02734375
0 0.068359375 0.96875 0.02734375 0.02734375
0 0.09765625 0.53515625 0.025390625 0.025390625
