0 0.5625 0.71875 0.1640625 0.1640625
0 0.666015625 0.634765625 0.150390625 0.150390625
0 0.4921875 0.701171875 0.1328125 0.1328125
0 0.591796875 0.876953125 0.099609375 0.099609375
0 0.03125 0.08203125 0.099609375 0.099609375
0 0.74609375 0.361328125 0.08984375 0.08984375
0 0.2734375 0.923828125 0.076171875 0.076171875
0 0.337890625 0.41796875 0.072265625 0.072265625
0 0.64453125 0.53515625 0.068359375 0.068359375
0 0.408203125 0.177734375 0.06640625 0.06640625
0 0.265625 0.28125 0.0546875 0.0546875
0 0.708984375 0.919921875 0.05078125 0.05078125
0 0.189453125 0.75390625 0.048828125 0.048828125
0 0.75390625 0.978515625 0.048828125 0.048828125
0 0.6015625 0.15625 0.046875 0.046875
0 0.755859375 0.869140625 0.0390625 0.0390625
0 0.138671875 0.703125 0.033203125 0.033203125
0 0.654296875 0.712890625 0.033203125 0.033203125
0 0.732421875 0.099609375 0.033203125 0.033203125
0 0.853515625 0.150390625 0.03125 0.03125
0 0.701171875 0.314453125 0.03125 0.03125
0 0.376953125 0.0546875 0.03125 0.03125
0 0.876953125 0.208984375 0.029296875 0.029296875
0 0.24609375 0.8203125 0.029296875 0.029296875
0 0.435546875 0.35546875 0.029296875 0.029296875
0 0.3671875 0.716796875 0.029296875 0.029296875
0 0.025390625 0.826171875 0.029296875 0.029296875
0 0.357421875 0.033203125 0.02734375 0.02734375
0 0.59375 0.830078125 0.02734375 0.02734375
0 0.220703125 0.57421875 0.02734375 0.02734375
0 0.294921875 0.84765625 0.025390625 0.025390625
0 0.392578125 0.009765625 0.025390625 0.025390625
