0 0.4453125 0.103515625 0.09375 0.09375
0 0.33984375 0.025390625 0.083984375 0.083984375
0 0.701171875 0.322265625 0.080078125 0.080078125
0 0.58203125 0.06640625 0.0625 0.0625
0 0.0546875 0.306640625 0.060546875 0.060546875
0 0.904296875 0.029296875 0.060546875 0.060546875
0 0.12890625 0.142578125 0.05078125 0.05078125
0 0.669921875 0.037109375 0.046875 0.046875
0 0.95703125 0.119140625 0.046875 0.046875
0 0.529296875 0.095703125 0.033203125 0.033203125
0 0.451171875 0.255859375 0.02734375 0.02734375
0 0.51953125 0.060546875 0.02734375 0.02734375
0 0.05078125 0.111328125 0.02734375 0.02734375
0 0.75390625 0.044921875 0.025390625 0.025390625
0 0.1171875 0.443359375 0.1796875 0.1796875
0 0.140625 0.619140625 0.15234375 0.15234375
0 0.619140625 0.458984375 0.126953125 0.126953125
0 0.1953125 0.4453125 0.119140625 0.119140625
0 0.3046875 0.72265625 0.115234375 0.115234375
0 0.9296875 0.94140625 0.11328125 0.11328125
0 0.857421875 0.822265625 0.095703125 0.095703125
0 0.197265625 0.77734375 0.0859375 0.0859375
0 0.623046875 0.576171875 0.083984375 0.083984375
0 0.4296875 0.41796875 0.07421875 0.07421875
0 0.1875 0.33984375 0.060546875 0.060546875
0 0.58203125 0.759765625 0.056640625 0.056640625
0 0.71484375 0.484375 0.0546875 0.0546875
0 0.9921875 0.98046875 0.05078125 0.05078125
0 0.283203125 0.591796875 0.05078125 0.05078125
0 0.244140625 0.54296875 0.048828125 0.048828125
0 0.330078125 0.90625 0.044921875 0.044921875
0 0.005859375 0.580078125 0.044921875 0.044921875
0 0.267578125 0.94140625 0.04296875 0.04296875
0 0.412109375 0.46875 0.04296875 0.04296875
0 0.79296875 0.568359375 0.04296875 0.04296875
0 0.037109375 0.9921875 0.041015625 0.041015625
0 0.365234375 0.970703125 0.041015625 0.041015625
0 0.177734375 0.810546875 0.0390625 0.0390625
0 0.23046875 0.89453125 0.037109375 0.037109375
0 0.4921875 0.939453125 0.03515625 0.03515625
0 0.654296875 0.833984375 0.03515625 0.03515625
0 0.408203125 0.556640625 0.03515625 0.03515625
0 0.826171875 0.337890625 0.03125 0.03125
0 0.65625 0.759765625 0.03125 0.03125
0 0.98828125 0.375 0.03125 0.03125
0 0.5078125 0.91796875 0.029296875 0.029296875
0 0.3671875 0.400390625 0.029296875 0.029296875
0 0.9140625 0.6875 0.025390625 0.025390625
