0 0.3203125 0.14453125 0.2265625 0.2265625
0 0.974609375 0.1171875 0.220703125 0.220703125
0 0.095703125 0.666015625 0.14453125 0.14453125
0 0.87890625 0.955078125 0.14453125 0.14453125
0 0.224609375 0.939453125 0.11328125 0.11328125
0 0.07421875 0.765625 0.107421875 0.107421875
0 0.787109375 0.974609375 0.1015625 0.1015625
0 0.564453125 0.890625 0.09375 0.09375
0 0.583984375 0.65234375 0.08984375 0.08984375
0 0.76953125 0.296875 0.083984375 0.083984375
0 0.5390625 0.79296875 0.080078125 0.080078125
0 0.6796875 0.240234375 0.076171875 0.076171875
0 0.28125 0.416015625 0.07421875 0.07421875
0 0.2421875 0.408203125 0.072265625 0.072265625
0 0.05078125 0.291015625 0.064453125 0.064453125
0 0.271484375 0.462890625 0.064453125 0.064453125
0 0.615234375 0.357421875 0.05859375 0.05859375
0 0.818359375 0.654296875 0.05859375 0.05859375
0 0.767578125 0.490234375 0.056640625 0.056640625
0 0.291015625 0.90625 0.052734375 0.052734375
0 0.705078125 0.109375 0.05078125 0.05078125
0 0.85546875 0.935546875 0.048828125 0.048828125
0 0.861328125 0.865234375 0.04296875 0.04296875
0 0.046875 0.087890625 0.041015625 0.041015625
0 0.95703125 0.837890625 0.03515625 0.03515625
0 0.98828125 0.724609375 0.03125 0.03125
0 0.11328125 0.220703125 0.03125 0.03125
0 0.623046875 0.908203125 0.03125 0.03125
0 0.09375 0.265625 0.03125 0.03125
0 0.748046875 0.6015625 0.03125 0.03125
0 0.654296875 0.802734375 0.029296875 0.029296875
0 0.775390625 0.1640625 0.02734375 0.02734375
0 0.15625 0.203125 0.02734375 0.02734375
0 0.783203125 0.755859375 0.02734375 0.02734375
0 0.1953125 0.302734375 0.025390625 0.025390625
0 0.15625 0.279296875 0.025390625 0.025390625
0 0.912109375 0.583984375 0.025390625 0.025390625
