0 0.84375 0.857421875 0.158203125 0.158203125
0 0.923828125 0.5546875 0.140625 0.140625
0 0.455078125 0.837890625 0.119140625 0.119140625
0 0.986328125 0.603515625 0.107421875 0.107421875
0 0.85546875 0.783203125 0.095703125 0.095703125
0 0.640625 0.365234375 0.08984375 0.08984375
0 0.185546875 0.27734375 0.0859375 0.0859375
0 0.70703125 0.662109375 0.078125 0.078125
0 0.00390625 0.982421875 0.078125 0.078125
0 0.794921875 0.435546875 0.06640625 0.06640625
0 0.044921875 0.845703125 0.06640625 0.06640625
0 0.59765625 0.96875 0.060546875 0.060546875
0 0.744140625 0.79296875 0.05859375 0.05859375
0 0.927734375 0.9921875 0.046875 0.046875
0 0.798828125 0.041015625 0.041015625 0.041015625
0 0.51953125 0.125 0.0390625 0.0390625
0 0.05078125 0.28515625 0.0390625 0.0390625
0 0.427734375 0.6875 0.037109375 0.037109375
0 0.279296875 0.705078125 0.037109375 0.037109375
0 0.49609375 0.869140625 0.037109375 0.037109375
0 0.708984375 0.771484375 0.03515625 0.03515625
0 0.529296875 0.96875 0.033203125 0.033203125
0 0.744140625 0.646484375 0.033203125 0.033203125
0 0.490234375 0.09375 0.033203125 0.033203125
0 0.603515625 0.55078125 0.033203125 0.033203125
0 0.392578125 0.203125 0.03125 0.03125
0 0.376953125 0.748046875 0.03125 0.03125
0 0.810546875 0.794921875 0.029296875 0.029296875
0 0.1328125 0.505859375 0.029296875 0.029296875
0 0.4921875 0.671875 0.029296875 0.029296875
0 0.716796875 0.021484375 0.029296875 0.029296875
0 0.96484375 0.716796875 0.029296875 0.029296875
0 0.427734375 0.10546875 0.02734375 0.02734375
0 0.744140625 0.0703125 0.02734375 0.02734375
0 0.578125 0.255859375 0.025390625 0.025390625
0 0.59765625 0.615234375 0.025390625 0.025390625
