0 0.87890625 0.466796875 1.404296875 1.404296875
0 0.0546875 0.37109375 0.2109375 0.2109375
0 0.123046875 0.83984375 0.166015625 0.166015625
0 0.04296875 0.744140625 0.15234375 0.15234375
0 0.228515625 0.0546875 0.1015625 0.1015625
0 0.90625 0.658203125 0.06640625 0.06640625
0 0.806640625 0.162109375 0.052734375 0.052734375
0 0.98828125 0.89453125 0.052734375 0.052734375
0 0.00390625 0.37109375 0.041015625 0.041015625
0 0.744140625 0.099609375 0.037109375 0.037109375
0 0.853515625 0.48828125 0.03515625 0.03515625
0 0.3671875 0.5234375 0.03125 0.03125
0 0.181640625 0.19140625 0.029296875 0.029296875
0 0.115234375 0.04296875 0.029296875 0.029296875
0 0.986328125 0.447265625 0.025390625 0.025390625
