0 0.6953125 0.13671875 0.447265625 0.447265625
0 0.306640625 0.087890625 0.33203125 0.33203125
0 0.625 0.38671875 0.265625 0.265625
0 0.080078125 0.103515625 0.197265625 0.197265625
0 0.84765625 0.919921875 0.150390625 0.150390625
0 0.482421875 0.6875 0.1171875 0.1171875
0 0.33203125 0.59765625 0.10546875 0.10546875
0 0.60546875 0.59765625 0.099609375 0.099609375
0 0.365234375 0.431640625 0.0859375 0.0859375
0 0.732421875 0.17578125 0.080078125 0.080078125
0 0.1796875 0.6640625 0.078125 0.078125
0 0.96875 0.474609375 0.076171875 0.076171875
0 0.056640625 0.990234375 0.076171875 0.076171875
0 0.6015625 0.05078125 0.0625 0.0625
0 0.048828125 0.83203125 0.060546875 0.060546875
0 0.4140625 0.21484375 0.056640625 0.056640625
0 0.44921875 0.0078125 0.056640625 0.056640625
0 0.931640625 0.080078125 0.0546875 0.0546875
0 0.744140625 0.451171875 0.0546875 0.0546875
0 0.58984375 0.90234375 0.05078125 0.05078125
0 0.19140625 0.701171875 0.044921875 0.044921875
0 0.98046875 0.31640625 0.044921875 0.044921875
0 0.20703125 0.197265625 0.04296875 0.04296875
0 0.30859375 0.388671875 0.0390625 0.0390625
0 0.51171875 0.6796875 0.037109375 0.037109375
0 0.69921875 0.728515625 0.03515625 0.03515625
0 0.630859375 0.302734375 0.03515625 0.03515625
0 0.3203125 0.65234375 0.033203125 0.033203125
0 0.447265625 0.498046875 0.033203125 0.033203125
0 0.244140625 0.361328125 0.03125 0.03125
0 0.830078125 0.064453125 0.03125 0.03125
0 0.501953125 0.794921875 0.029296875 0.029296875
0 0.0703125 0.73828125 0.029296875 0.029296875
0 0.216796875 0.748046875 0.02734375 0.02734375
0 0.171875 0.591796875 0.02734375 0.02734375
