0 0.40234375 0.025390625 0.046875 0.046875
0 0.421875 0.0234375 0.041015625 0.041015625
0 0.287109375 0.91796875 0.046875 0.046875
0 0.302734375 0.736328125 0.02734375 0.02734375
0 0.1875 0.802734375 0.025390625 0.025390625
0 0.4609375 0.73828125 0.068359375 0.068359375
0 0.484375 0.46875 0.052734375 0.052734375
0 0.94921875 0.45703125 0.04296875 0.04296875
0 0.40625 0.869140625 0.03515625 0.03515625
0 0.380859375 0.884765625 0.02734375 0.02734375
0 0.58203125 0.826171875 0.02734375 0.02734375
0 0.82421875 0.673828125 0.025390625 0.025390625
