0 0.396484375 0.05078125 0.23828125 0.23828125
0 0.140625 0.673828125 0.228515625 0.228515625
0 0.009765625 0.150390625 0.185546875 0.185546875
0 0.734375 0.8125 0.13671875 0.13671875
0 0.125 0.833984375 0.11328125 0.11328125
0 0.873046875 0.140625 0.109375 0.109375
0 0.40234375 0.470703125 0.087890625 0.087890625
0 0.7421875 0.275390625 0.072265625 0.072265625
0 0.640625 0.3125 0.06640625 0.06640625
0 0.46484375 0.3359375 0.056640625 0.056640625
0 0.927734375 0.90234375 0.052734375 0.052734375
0 0.02734375 0.47265625 0.05078125 0.05078125
0 0.134765625 0.51171875 0.048828125 0.048828125
0 0.2734375 0.462890625 0.048828125 0.048828125
0 0.857421875 0.517578125 0.046875 0.046875
0 0.90625 0.42578125 0.044921875 0.044921875
0 0.18359375 0.150390625 0.044921875 0.044921875
0 0.857421875 0.677734375 0.0390625 0.0390625
0 0.88671875 0.3515625 0.0390625 0.0390625
0 0.953125 0.962890625 0.0390625 0.0390625
0 0.8671875 0.431640625 0.0390625 0.0390625
0 0.8984375 0.537109375 0.037109375 0.037109375
0 0.94140625 0.078125 0.037109375 0.037109375
0 0.0625 0.486328125 0.03515625 0.03515625
0 0.71875 0.77734375 0.03515625 0.03515625
0 0.88671875 0.681640625 0.03515625 0.03515625
0 0.986328125 0.87109375 0.03515625 0.03515625
0 0.869140625 0.78515625 0.033203125 0.033203125
0 0.62890625 0.482421875 0.029296875 0.029296875
0 0.42578125 0.521484375 0.029296875 0.029296875
0 0.349609375 0.869140625 0.029296875 0.029296875
0 0.2109375 0.208984375 0.02734375 0.02734375
0 0.5703125 0.171875 0.02734375 0.02734375
0 0.05078125 0.8671875 0.02734375 0.02734375
0 0.408203125 0.974609375 0.025390625 0.025390625
0 0.79296875 0.0390625 0.025390625 0.025390625
0 0.603515625 0.458984375 0.025390625 0.025390625
