0 0.861328125 0.201171875 0.26171875 0.26171875
0 0.642578125 0.880859375 0.2109375 0.2109375
0 0.13671875 0.505859375 0.1953125 0.1953125
0 0.24609375 0.54296875 0.123046875 0.123046875
0 0.919921875 0.73828125 0.109375 0.109375
0 0.810546875 0.978515625 0.103515625 0.103515625
0 0.091796875 0.81640625 0.1015625 0.1015625
0 0.603515625 0.07421875 0.099609375 0.099609375
0 0.669921875 0.798828125 0.08203125 0.08203125
0 0.421875 0.5390625 0.076171875 0.076171875
0 0.419921875 0.310546875 0.07421875 0.07421875
0 0.248046875 0.80859375 0.068359375 0.068359375
0 0.8671875 0.55859375 0.06640625 0.06640625
0 0.6484375 0.431640625 0.0625 0.0625
0 0.080078125 0.2109375 0.05859375 0.05859375
0 0.39453125 0.251953125 0.056640625 0.056640625
0 0.01171875 0.08203125 0.056640625 0.056640625
0 0.513671875 0.5078125 0.0546875 0.0546875
0 0.45703125 0.283203125 0.052734375 0.052734375
0 0.5703125 0.416015625 0.048828125 0.048828125
0 0.822265625 0.458984375 0.048828125 0.048828125
0 0.453125 0.830078125 0.048828125 0.048828125
0 0.326171875 0.751953125 0.044921875 0.044921875
0 0.603515625 0.68359375 0.044921875 0.044921875
0 0.51953125 0.62109375 0.044921875 0.044921875
0 0.19140625 0.92578125 0.044921875 0.044921875
0 0.6015625 0.75 0.0390625 0.0390625
0 0.138671875 0.17578125 0.037109375 0.037109375
0 0.154296875 0.83203125 0.037109375 0.037109375
0 0.439453125 0.48828125 0.037109375 0.037109375
0 0.63671875 0.17578125 0.037109375 0.037109375
0 0.083984375 0.294921875 0.037109375 0.037109375
0 0.064453125 0.107421875 0.037109375 0.037109375
0 0.736328125 0.572265625 0.037109375 0.037109375
0 0.6953125 0.724609375 0.037109375 0.037109375
0 0.03515625 0.05078125 0.033203125 0.033203125
0 0.13671875 0.13671875 0.033203125 0.033203125
0 0.416015625 0.205078125 0.03125 0.03125
0 0.646484375 0.646484375 0.029296875 0.029296875
0 0.30859375 0.2890625 0.02734375 0.02734375
0 0.033203125 0.12890625 0.02734375 0.02734375
0 0.05859375 0.712890625 0.02734375 0.02734375
0 0.32421875 0.7890625 0.02734375 0.02734375
0 0.30859375 0.23828125 0.02734375 0.02734375
0 0.12109375 0.017578125 0.025390625 0.025390625
0 0.26171875 0.53125 0.025390625 0.025390625
