0 0.91015625 0.908203125 0.302734375 0.302734375
0 0.185546875 0.693359375 0.2734375 0.2734375
0 0.255859375 0.990234375 0.1796875 0.1796875
0 0.43359375 0.857421875 0.078125 0.078125
0 0.072265625 0.8359375 0.076171875 0.076171875
0 0.142578125 0.45703125 0.07421875 0.07421875
0 0.486328125 0.458984375 0.072265625 0.072265625
0 0.521484375 0.58984375 0.0625 0.0625
0 0.861328125 0.3203125 0.056640625 0.056640625
0 0.017578125 0.7109375 0.0546875 0.0546875
0 0.046875 0.4921875 0.046875 0.046875
0 0.337890625 0.791015625 0.04296875 0.04296875
0 0.322265625 0.5078125 0.041015625 0.041015625
0 0.24609375 0.806640625 0.037109375 0.037109375
0 0.73828125 0.94140625 0.037109375 0.037109375
0 0.736328125 0.208984375 0.03515625 0.03515625
0 0.9453125 0.82421875 0.03125 0.03125
0 0.326171875 0.96875 0.03125 0.03125
