0 0.5078125 0.3359375 0.248046875 0.248046875
0 0.13671875 0.5234375 0.193359375 0.193359375
0 0.6796875 0.775390625 0.169921875 0.169921875
0 0.95703125 0.431640625 0.16796875 0.16796875
0 0.765625 0.49609375 0.06640625 0.06640625
0 0.404296875 0.126953125 0.060546875 0.060546875
0 0.46875 0.201171875 0.041015625 0.041015625
0 0.08984375 0.95703125 0.0390625 0.0390625
0 0.626953125 0.705078125 0.029296875 0.029296875
0 0.099609375 0.32421875 0.029296875 0.029296875
0 0.896484375 0.048828125 0.02734375 0.02734375
0 0.6875 0.478515625 0.025390625 0.025390625
