0 0.982421875 0.625 0.265625 0.265625
0 0.37109375 0.373046875 0.16015625 0.16015625
0 0.109375 0.951171875 0.16015625 0.16015625
0 0.537109375 0.41796875 0.14453125 0.14453125
0 0.203125 0.595703125 0.1328125 0.1328125
0 0.482421875 0.677734375 0.09375 0.09375
0 0.140625 0.0390625 0.09375 0.09375
0 0.125 0.90625 0.08984375 0.08984375
0 0.521484375 0.798828125 0.083984375 0.083984375
0 0.560546875 0.26171875 0.08203125 0.08203125
0 0.45703125 0.783203125 0.080078125 0.080078125
0 0.294921875 0.927734375 0.078125 0.078125
0 0.95703125 0.814453125 0.078125 0.078125
0 0.310546875 0.62890625 0.076171875 0.076171875
0 0.029296875 0.125 0.07421875 0.07421875
0 0.396484375 0.138671875 0.0703125 0.0703125
0 0.685546875 0.361328125 0.0625 0.0625
0 0.318359375 0.283203125 0.05859375 0.05859375
0 0.646484375 0.125 0.0546875 0.0546875
0 0.623046875 0.00390625 0.052734375 0.052734375
0 0.3359375 0.09765625 0.05078125 0.05078125
0 0.9453125 0.279296875 0.048828125 0.048828125
0 0.68359375 0.306640625 0.048828125 0.048828125
0 0.443359375 0.72265625 0.0390625 0.0390625
0 0.642578125 0.74609375 0.0390625 0.0390625
0 0.0234375 0.8125 0.0390625 0.0390625
0 0.525390625 0.1171875 0.037109375 0.037109375
0 0.896484375 0.12890625 0.037109375 0.037109375
0 0.265625 0.5703125 0.03125 0.03125
0 0.560546875 0.861328125 0.03125 0.03125
0 0.41015625 0.740234375 0.03125 0.03125
0 0.2109375 0.87890625 0.029296875 0.029296875
0 0.6640625 0.15625 0.029296875 0.029296875
0 0.845703125 0.09765625 0.029296875 0.029296875
0 0.783203125 0.236328125 0.02734375 0.02734375
0 0.03125 0.171875 0.02734375 0.02734375
0 0.041015625 0.275390625 0.02734375 0.02734375
0 0.119140625 0.017578125 0.02734375 0.02734375
0 0.384765625 0.564453125 0.025390625 0.025390625
0 0.193359375 0.591796875 0.025390625 0.025390625
0 0.669921875 0.779296875 0.025390625 0.025390625
