0 0.68359375 0.65234375 0.16015625 0.16015625
0 0.78515625 0.806640625 0.150390625 0.150390625
0 0.3984375 0.341796875 0.12109375 0.12109375
0 0.150390625 0.93359375 0.095703125 0.095703125
0 0.51953125 0.384765625 0.09375 0.09375
0 0.51171875 0.3984375 0.078125 0.078125
0 0.80859375 0.396484375 0.0625 0.0625
0 0.859375 0.99609375 0.05859375 0.05859375
0 0.677734375 0.16796875 0.052734375 0.052734375
0 0.6328125 0.322265625 0.048828125 0.048828125
0 0.091796875 0.64453125 0.044921875 0.044921875
0 0.478515625 0.673828125 0.044921875 0.044921875
0 0.869140625 0.58203125 0.04296875 0.04296875
0 0.953125 0.537109375 0.041015625 0.041015625
0 0.720703125 0.244140625 0.0390625 0.0390625
0 0.642578125 0.28125 0.037109375 0.037109375
0 0.92578125 0.060546875 0.037109375 0.037109375
0 0.2421875 0.603515625 0.03515625 0.03515625
0 0.265625 0.30078125 0.03515625 0.03515625
0 0.67578125 0.25390625 0.03515625 0.03515625
0 0.39453125 0.130859375 0.03515625 0.03515625
0 0.69921875 0.435546875 0.03515625 0.03515625
0 0.64453125 0.111328125 0.033203125 0.033203125
0 0.533203125 0.978515625 0.033203125 0.033203125
0 0.90625 0.134765625 0.033203125 0.033203125
0 0.779296875 0.11328125 0.03125 0.03125
0 0.580078125 0.310546875 0.029296875 0.029296875
0 0.4296875 0.29296875 0.02734375 0.02734375
0 0.099609375 0.779296875 0.02734375 0.02734375
