0 0.921875 0.76171875 0.208984375 0.208984375
0 0.908203125 0.806640625 0.14453125 0.14453125
0 0.3203125 0.154296875 0.1328125 0.1328125
0 0.697265625 0.1640625 0.08984375 0.08984375
0 0.494140625 0.12890625 0.083984375 0.083984375
0 0.376953125 0.287109375 0.078125 0.078125
0 0.119140625 0.603515625 0.07421875 0.07421875
0 0.087890625 0.169921875 0.072265625 0.072265625
0 0.35546875 0.21484375 0.064453125 0.064453125
0 0.986328125 0.716796875 0.056640625 0.056640625
0 0.1796875 0.990234375 0.0546875 0.0546875
0 0.54296875 0.666015625 0.048828125 0.048828125
0 0.94140625 0.025390625 0.041015625 0.041015625
0 0.533203125 0.6171875 0.0390625 0.0390625
0 0.791015625 0.462890625 0.0390625 0.0390625
0 0.724609375 0.435546875 0.037109375 0.037109375
0 0.55859375 0.87109375 0.037109375 0.037109375
0 0.990234375 0.326171875 0.033203125 0.033203125
0 0.828125 0.373046875 0.03125 0.03125
0 0.89453125 0.537109375 0.03125 0.03125
0 0.556640625 0.013671875 0.029296875 0.029296875
0 0.318359375 0.658203125 0.025390625 0.025390625
0 0.611328125 0.828125 0.025390625 0.025390625
0 0.732421875 0.49609375 0.025390625 0.025390625
0 0.935546875 0.537109375 0.025390625 0.025390625
