0 0.634765625 0.029296875 0.2890625 0.2890625
0 0.373046875 0.396484375 0.25 0.25
0 0.587890625 0.96484375 0.177734375 0.177734375
0 0.140625 0.45703125 0.146484375 0.146484375
0 0.697265625 0.37109375 0.080078125 0.080078125
0 0.865234375 0.322265625 0.078125 0.078125
0 0.576171875 0.521484375 0.078125 0.078125
0 0.5234375 0.875 0.07421875 0.07421875
0 0.421875 0.63671875 0.072265625 0.072265625
0 0.734375 0.615234375 0.06640625 0.06640625
0 0.142578125 0.65625 0.06640625 0.06640625
0 0.865234375 0.806640625 0.06640625 0.06640625
0 0.8671875 0.830078125 0.06640625 0.06640625
0 0.08984375 0.537109375 0.05859375 0.05859375
0 0.1640625 0.78125 0.056640625 0.056640625
0 0.08203125 0.482421875 0.0546875 0.0546875
0 0.412109375 0.951171875 0.0546875 0.0546875
0 0.892578125 0.396484375 0.048828125 0.048828125
0 0.1484375 0.552734375 0.048828125 0.048828125
0 0.08984375 0.138671875 0.044921875 0.044921875
0 0.87890625 0.984375 0.044921875 0.044921875
0 0.556640625 0.615234375 0.04296875 0.04296875
0 0.17578125 0.98828125 0.041015625 0.041015625
0 0.08984375 0.55859375 0.0390625 0.0390625
0 0.99609375 0.84375 0.037109375 0.037109375
0 0.080078125 0.68359375 0.037109375 0.037109375
0 0.8671875 0.595703125 0.03515625 0.03515625
0 0.611328125 0.568359375 0.03515625 0.03515625
0 0.439453125 0.845703125 0.033203125 0.033203125
0 0.263671875 0.97265625 0.033203125 0.033203125
0 0.408203125 0.216796875 0.033203125 0.033203125
0 0.2421875 0.669921875 0.03125 0.03125
0 0.05078125 0.30078125 0.029296875 0.029296875
0 0.087890625 0.794921875 0.029296875 0.029296875
0 0.064453125 0.37890625 0.029296875 0.029296875
0 0.34765625 0.7578125 0.02734375 0.02734375
