0 0.5078125 0.798828125 0.193359375 0.193359375
0 0.943359375 0.25 0.189453125 0.189453125
0 0.50390625 0.40234375 0.130859375 0.130859375
0 0.830078125 0.966796875 0.119140625 0.119140625
0 0.19921875 0.984375 0.109375 0.109375
0 0.4140625 0.060546875 0.0859375 0.0859375
0 0.6015625 0.591796875 0.076171875 0.076171875
0 0.060546875 0.583984375 0.076171875 0.076171875
0 0.9296875 0.642578125 0.07421875 0.07421875
0 0.900390625 0.0 0.0703125 0.0703125
0 0.458984375 0.046875 0.06640625 0.06640625
0 0.79296875 0.353515625 0.06640625 0.06640625
0 0.29296875 0.8046875 0.056640625 0.056640625
0 0.779296875 0.04296875 0.0546875 0.0546875
0 0.73046875 0.224609375 0.0546875 0.0546875
0 0.298828125 0.37109375 0.05078125 0.05078125
0 0.931640625 0.755859375 0.044921875 0.044921875
0 0.671875 0.66796875 0.037109375 0.037109375
0 0.30078125 0.6171875 0.037109375 0.037109375
0 0.34375 0.265625 0.037109375 0.037109375
0 0.25 0.189453125 0.033203125 0.033203125
0 0.3203125 0.568359375 0.029296875 0.029296875
0 0.890625 0.640625 0.029296875 0.029296875
0 0.44921875 0.5703125 0.029296875 0.029296875
0 0.080078125 0.71875 0.029296875 0.029296875
0 0.986328125 0.673828125 0.02734375 0.02734375
0 0.478515625 0.470703125 0.025390625 0.025390625
0 0.5703125 0.333984375 0.025390625 0.025390625
