0 0.548828125 0.447265625 0.072265625 0.072265625
0 0.40234375 0.912109375 0.046875 0.046875
0 0.279296875 0.56640625 0.046875 0.046875
0 0.228515625 0.943359375 0.04296875 0.04296875
0 0.736328125 0.525390625 0.03515625 0.03515625
0 0.640625 0.197265625 0.033203125 0.033203125
0 0.580078125 0.896484375 0.033203125 0.033203125
0 0.6953125 0.2265625 0.03125 0.03125
0 0.18359375 0.986328125 0.029296875 0.029296875
0 0.14453125 0.80859375 0.025390625 0.025390625
0 0.609375 0.90234375 0.025390625 0.025390625
