0 0.8828125 0.478515625 0.27734375 0.27734375
0 0.966796875 0.701171875 0.201171875 0.201171875
0 0.072265625 0.234375 0.185546875 0.185546875
0 0.306640625 0.0859375 0.14453125 0.14453125
0 0.197265625 0.837890625 0.140625 0.140625
0 0.095703125 0.009765625 0.123046875 0.123046875
0 0.63671875 0.42578125 0.103515625 0.103515625
0 0.32421875 0.353515625 0.091796875 0.091796875
0 0.185546875 0.2421875 0.087890625 0.087890625
0 0.63671875 0.357421875 0.08203125 0.08203125
0 0.494140625 0.56640625 0.078125 0.078125
0 0.599609375 0.193359375 0.06640625 0.06640625
0 0.279296875 0.501953125 0.064453125 0.064453125
0 0.16796875 0.869140625 0.060546875 0.060546875
0 0.201171875 0.322265625 0.0546875 0.0546875
0 0.083984375 0.65625 0.05078125 0.05078125
0 0.287109375 0.166015625 0.048828125 0.048828125
0 0.0859375 0.70703125 0.048828125 0.048828125
0 0.55078125 0.41796875 0.046875 0.046875
0 0.6484375 0.857421875 0.044921875 0.044921875
0 0.529296875 0.77734375 0.044921875 0.044921875
0 0.271484375 0.01953125 0.044921875 0.044921875
0 0.2578125 0.34765625 0.04296875 0.04296875
0 0.359375 0.470703125 0.04296875 0.04296875
0 0.091796875 0.505859375 0.04296875 0.04296875
0 0.298828125 0.345703125 0.04296875 0.04296875
0 0.794921875 0.669921875 0.04296875 0.04296875
0 0.552734375 0.97265625 0.04296875 0.04296875
0 0.873046875 0.76171875 0.041015625 0.041015625
0 0.580078125 0.884765625 0.041015625 0.041015625
0 0.814453125 0.787109375 0.0390625 0.0390625
0 0.380859375 0.517578125 0.0390625 0.0390625
0 0.423828125 0.83984375 0.03515625 0.03515625
0 0.759765625 0.294921875 0.03515625 0.03515625
0 0.970703125 0.154296875 0.033203125 0.033203125
0 0.75390625 0.837890625 0.033203125 0.033203125
0 0.470703125 0.84375 0.033203125 0.033203125
0 0.388671875 0.154296875 0.03125 0.03125
0 0.720703125 0.205078125 0.03125 0.03125
0 0.224609375 0.517578125 0.029296875 0.029296875
0 0.74609375 0.05859375 0.02734375 0.02734375
0 0.388671875 0.33984375 0.025390625 0.025390625
0 0.580078125 0.443359375 0.025390625 0.025390625
