0 0.4140625 0.48828125 0.19140625 0.19140625
0 0.251953125 0.763671875 0.15625 0.15625
0 0.404296875 0.951171875 0.150390625 0.150390625
0 0.9765625 0.5625 0.12890625 0.12890625
0 0.96484375 0.16015625 0.125 0.125
0 0.56640625 0.353515625 0.123046875 0.123046875
0 0.759765625 0.3046875 0.115234375 0.115234375
0 0.14453125 0.119140625 0.09375 0.09375
0 0.765625 0.669921875 0.091796875 0.091796875
0 0.384765625 0.74609375 0.083984375 0.083984375
0 0.921875 0.9453125 0.072265625 0.072265625
0 0.318359375 0.888671875 0.072265625 0.072265625
0 0.12890625 0.41015625 0.068359375 0.068359375
0 0.2265625 0.97265625 0.0625 0.0625
0 0.23828125 0.65234375 0.05859375 0.05859375
0 0.775390625 0.751953125 0.05078125 0.05078125
0 0.58203125 0.083984375 0.05078125 0.05078125
0 0.548828125 0.048828125 0.048828125 0.048828125
0 0.5859375 0.5703125 0.044921875 0.044921875
0 0.751953125 0.37890625 0.04296875 0.04296875
0 0.8671875 0.251953125 0.04296875 0.04296875
0 0.5078125 0.8046875 0.0390625 0.0390625
0 0.71875 0.212890625 0.0390625 0.0390625
0 0.806640625 0.51171875 0.03515625 0.03515625
0 0.103515625 0.23046875 0.03515625 0.03515625
0 0.056640625 0.705078125 0.03125 0.03125
0 0.689453125 0.1875 0.03125 0.03125
0 0.486328125 0.48046875 0.029296875 0.029296875
0 0.05078125 0.88671875 0.029296875 0.029296875
0 0.845703125 0.73046875 0.02734375 0.02734375
0 0.802734375 0.48046875 0.02734375 0.02734375
