0 0.1484375 0.15625 0.27734375 0.27734375
0 0.8671875 0.306640625 0.177734375 0.177734375
0 0.48046875 0.8125 0.146484375 0.146484375
0 0.0 0.892578125 0.099609375 0.099609375
0 0.32421875 0.3125 0.087890625 0.087890625
0 0.005859375 0.298828125 0.087890625 0.087890625
0 0.875 0.00390625 0.0859375 0.0859375
0 0.54296875 0.1953125 0.076171875 0.076171875
0 0.994140625 0.55859375 0.068359375 0.068359375
0 0.716796875 0.736328125 0.056640625 0.056640625
0 0.732421875 0.962890625 0.048828125 0.048828125
0 0.845703125 0.666015625 0.044921875 0.044921875
0 0.71875 0.880859375 0.041015625 0.041015625
0 0.828125 0.583984375 0.0390625 0.0390625
0 0.9375 0.431640625 0.037109375 0.037109375
0 0.966796875 0.12109375 0.03515625 0.03515625
0 0.60546875 0.8828125 0.03515625 0.03515625
0 0.0625 0.966796875 0.033203125 0.033203125
0 0.197265625 0.65234375 0.033203125 0.033203125
0 0.626953125 0.333984375 0.033203125 0.033203125
0 0.771484375 0.546875 0.033203125 0.033203125
0 0.2734375 0.00390625 0.03125 0.03125
0 0.693359375 0.673828125 0.03125 0.03125
0 0.751953125 0.001953125 0.03125 0.03125
0 0.3984375 0.951171875 0.029296875 0.029296875
0 0.6015625 0.494140625 0.02734375 0.02734375
0 0.716796875 0.392578125 0.025390625 0.025390625
0 0.810546875 0.89453125 0.025390625 0.025390625
