0 0.724609375 0.521484375 0.23828125 0.23828125
0 0.650390625 0.1328125 0.103515625 0.103515625
0 0.60546875 0.705078125 0.08203125 0.08203125
0 0.16796875 0.93359375 0.078125 0.078125
0 0.654296875 0.0078125 0.076171875 0.076171875
0 0.37890625 0.8046875 0.068359375 0.068359375
0 0.802734375 0.0 0.06640625 0.06640625
0 0.794921875 0.759765625 0.064453125 0.064453125
0 0.859375 0.625 0.0546875 0.0546875
0 0.150390625 0.689453125 0.05078125 0.05078125
0 0.50390625 0.603515625 0.048828125 0.048828125
0 0.33984375 0.1640625 0.044921875 0.044921875
0 0.59765625 0.51171875 0.041015625 0.041015625
0 0.6640625 0.970703125 0.0390625 0.0390625
0 0.654296875 0.90625 0.0390625 0.0390625
0 0.50390625 0.67578125 0.037109375 0.037109375
0 0.9296875 0.20703125 0.03515625 0.03515625
0 0.63671875 0.328125 0.03515625 0.03515625
0 0.517578125 0.484375 0.033203125 0.033203125
0 0.443359375 0.642578125 0.03125 0.03125
0 0.12890625 0.18359375 0.03125 0.03125
0 0.625 0.822265625 0.029296875 0.029296875
0 0.97265625 0.685546875 0.02734375 0.02734375
0 0.275390625 0.69140625 0.025390625 0.025390625
0 0.1484375 0.9453125 0.025390625 0.025390625
