0 0.861328125 0.263671875 0.20703125 0.20703125
0 0.427734375 0.3359375 0.150390625 0.150390625
0 0.697265625 0.158203125 0.138671875 0.138671875
0 0.630859375 0.486328125 0.115234375 0.115234375
0 0.3515625 0.29296875 0.08203125 0.08203125
0 0.904296875 0.552734375 0.064453125 0.064453125
0 0.1015625 0.578125 0.0625 0.0625
0 0.6796875 0.10546875 0.0625 0.0625
0 0.646484375 0.416015625 0.056640625 0.056640625
0 0.103515625 0.451171875 0.05078125 0.05078125
0 0.212890625 0.34765625 0.046875 0.046875
0 0.703125 0.365234375 0.046875 0.046875
0 0.869140625 0.619140625 0.046875 0.046875
0 0.80859375 0.654296875 0.046875 0.046875
0 0.74609375 0.3984375 0.046875 0.046875
0 0.6953125 0.330078125 0.044921875 0.044921875
0 0.26171875 0.875 0.044921875 0.044921875
0 0.478515625 0.970703125 0.04296875 0.04296875
0 0.447265625 0.06640625 0.04296875 0.04296875
0 0.13671875 0.9296875 0.041015625 0.041015625
0 0.58203125 0.64453125 0.0390625 0.0390625
0 0.884765625 0.671875 0.0390625 0.0390625
0 0.091796875 0.291015625 0.03515625 0.03515625
0 0.19140625 0.966796875 0.03515625 0.03515625
0 0.78125 0.419921875 0.033203125 0.033203125
0 0.1484375 0.869140625 0.033203125 0.033203125
0 0.6328125 0.7890625 0.033203125 0.033203125
0 0.841796875 0.26953125 0.033203125 0.033203125
0 0.57421875 0.39453125 0.03125 0.03125
0 0.083984375 0.98046875 0.029296875 0.029296875
0 0.14453125 0.552734375 0.02734375 0.02734375
0 0.083984375 0.607421875 0.02734375 0.02734375
0 0.9296875 0.958984375 0.02734375 0.02734375
0 0.205078125 0.677734375 0.025390625 0.025390625
0 0.779296875 0.17578125 0.025390625 0.025390625
0 0.494140625 0.13671875 0.025390625 0.025390625
0 0.4296875 0.5390625 0.025390625 0.025390625
