0 0.564453125 0.78515625 0.171875 0.171875
0 0.859375 0.87109375 0.169921875 0.169921875
0 0.501953125 0.587890625 0.1640625 0.1640625
0 0.052734375 0.97265625 0.158203125 0.158203125
0 0.380859375 0.404296875 0.15625 0.15625
0 0.890625 0.443359375 0.1015625 0.1015625
0 0.626953125 0.615234375 0.091796875 0.091796875
0 0.06640625 0.673828125 0.08984375 0.08984375
0 0.353515625 0.76953125 0.076171875 0.076171875
0 0.048828125 0.265625 0.07421875 0.07421875
0 0.068359375 0.0234375 0.064453125 0.064453125
0 0.51953125 0.513671875 0.064453125 0.064453125
0 0.99609375 0.0546875 0.060546875 0.060546875
0 0.443359375 0.986328125 0.048828125 0.048828125
0 0.953125 0.75390625 0.046875 0.046875
0 0.5390625 0.48046875 0.041015625 0.041015625
0 0.71875 0.287109375 0.03125 0.03125
0 0.234375 0.810546875 0.03125 0.03125
0 0.015625 0.943359375 0.029296875 0.029296875
0 0.234375 0.416015625 0.029296875 0.029296875
0 0.3984375 0.177734375 0.029296875 0.029296875
0 0.419921875 0.2421875 0.02734375 0.02734375
