0 0.66015625 0.337890625 0.2734375 0.2734375
0 0.21875 0.728515625 0.205078125 0.205078125
0 0.455078125 0.130859375 0.16015625 0.16015625
0 0.8125 0.380859375 0.126953125 0.126953125
0 0.978515625 0.58203125 0.125 0.125
0 0.056640625 0.154296875 0.11328125 0.11328125
0 0.90234375 0.298828125 0.109375 0.109375
0 0.759765625 0.07421875 0.0859375 0.0859375
0 0.439453125 0.32421875 0.07421875 0.07421875
0 0.875 0.384765625 0.072265625 0.072265625
0 0.193359375 0.171875 0.0703125 0.0703125
0 0.693359375 0.81640625 0.0703125 0.0703125
0 0.099609375 0.927734375 0.068359375 0.068359375
0 0.09375 0.564453125 0.06640625 0.06640625
0 0.08984375 0.205078125 0.064453125 0.064453125
0 0.46484375 0.95703125 0.05859375 0.05859375
0 0.720703125 0.53125 0.0546875 0.0546875
0 0.703125 0.263671875 0.052734375 0.052734375
0 0.7421875 0.9375 0.048828125 0.048828125
0 0.0625 0.267578125 0.04296875 0.04296875
0 0.42578125 0.453125 0.041015625 0.041015625
0 0.09765625 0.736328125 0.041015625 0.041015625
0 0.75 0.41796875 0.0390625 0.0390625
0 0.73046875 0.873046875 0.03515625 0.03515625
0 0.921875 0.54296875 0.03515625 0.03515625
0 0.322265625 0.73046875 0.033203125 0.033203125
0 0.0546875 0.451171875 0.033203125 0.033203125
0 0.54296875 0.26953125 0.03125 0.03125
0 0.1640625 0.025390625 0.03125 0.03125
0 0.5703125 0.4453125 0.029296875 0.029296875
0 0.8984375 0.5625 0.029296875 0.029296875
0 0.453125 0.51953125 0.02734375 0.02734375
0 0.3203125 0.921875 0.02734375 0.02734375
0 0.927734375 0.423828125 0.02734375 0.02734375
0 0.2890625 0.125 0.025390625 0.025390625
0 0.1328125 0.0703125 0.025390625 0.025390625
0 0.93359375 0.724609375 0.025390625 0.025390625
0 0.705078125 0.4609375 0.025390625 0.025390625
