0 0.51953125 0.962890625 0.234375 0.234375
0 0.578125 0.572265625 0.166015625 0.166015625
0 0.216796875 0.455078125 0.125 0.125
0 0.501953125 0.17578125 0.115234375 0.115234375
0 0.2890625 0.462890625 0.103515625 0.103515625
0 0.171875 0.322265625 0.0859375 0.0859375
0 0.1953125 0.232421875 0.080078125 0.080078125
0 0.30078125 0.013671875 0.078125 0.078125
0 0.4609375 0.44921875 0.07421875 0.07421875
0 0.197265625 0.365234375 0.072265625 0.072265625
0 0.4140625 0.609375 0.072265625 0.072265625
0 0.44140625 0.263671875 0.064453125 0.064453125
0 0.716796875 0.236328125 0.064453125 0.064453125
0 0.181640625 0.12109375 0.060546875 0.060546875
0 0.5 0.54296875 0.05859375 0.05859375
0 0.8515625 0.671875 0.056640625 0.056640625
0 0.318359375 0.328125 0.0546875 0.0546875
0 0.197265625 0.826171875 0.05078125 0.05078125
0 0.064453125 0.349609375 0.05078125 0.05078125
0 0.56640625 0.509765625 0.05078125 0.05078125
0 0.662109375 0.62890625 0.05078125 0.05078125
0 0.083984375 0.328125 0.046875 0.046875
0 0.521484375 0.5625 0.044921875 0.044921875
0 0.6640625 0.736328125 0.044921875 0.044921875
0 0.208984375 0.166015625 0.04296875 0.04296875
0 0.078125 0.576171875 0.04296875 0.04296875
0 0.740234375 0.857421875 0.04296875 0.04296875
0 0.53515625 0.693359375 0.0390625 0.0390625
0 0.576171875 0.033203125 0.0390625 0.0390625
0 0.556640625 0.03515625 0.0390625 0.0390625
0 0.125 0.8203125 0.0390625 0.0390625
0 0.36328125 0.013671875 0.037109375 0.037109375
0 0.380859375 0.283203125 0.037109375 0.037109375
0 0.76953125 0.734375 0.037109375 0.037109375
0 0.90234375 0.138671875 0.037109375 0.037109375
0 0.11328125 0.23046875 0.03515625 0.03515625
0 0.333984375 0.439453125 0.033203125 0.033203125
0 0.96484375 0.798828125 0.033203125 0.033203125
0 0.111328125 0.64453125 0.03125 0.03125
0 0.509765625 0.44921875 0.03125 0.03125
0 0.560546875 0.744140625 0.03125 0.03125
0 0.744140625 0.111328125 0.03125 0.03125
0 0.58984375 0.56640625 0.029296875 0.029296875
0 0.89453125 0.275390625 0.029296875 0.029296875
0 0.912109375 0.591796875 0.029296875 0.029296875
0 0.623046875 0.23828125 0.02734375 0.02734375
0 0.796875 0.5390625 0.02734375 0.02734375
0 0.853515625 0.787109375 0.02734375 0.02734375
0 0.72265625 0.3203125 0.02734375 0.02734375
0 0.576171875 0.662109375 0.02734375 0.02734375
0 0.697265625 0.525390625 0.02734375 0.02734375
0 0.65234375 0.939453125 0.02734375 0.02734375
0 0.0234375 0.8671875 0.025390625 0.025390625
0 0.541015625 0.720703125 0.025390625 0.025390625
0 0.05078125 0.796875 0.025390625 0.025390625
0 0.470703125 0.3515625 0.025390625 0.025390625
0 0.193359375 0.64453125 0.025390625 0.025390625
0 0.12890625 0.658203125 0.025390625 0.025390625
0 0.908203125 0.48828125 0.025390625 0.025390625
