0 0.31640625 0.181640625 0.458984375 0.458984375
0 0.443359375 0.935546875 0.15625 0.15625
0 0.990234375 0.41015625 0.15625 0.15625
0 0.087890625 0.490234375 0.150390625 0.150390625
0 0.4140625 0.208984375 0.11328125 0.11328125
0 0.759765625 0.822265625 0.08984375 0.08984375
0 0.568359375 0.7734375 0.080078125 0.080078125
0 0.505859375 0.576171875 0.080078125 0.080078125
0 0.845703125 0.435546875 0.078125 0.078125
0 0.0703125 0.076171875 0.07421875 0.07421875
0 0.19140625 0.021484375 0.072265625 0.072265625
0 0.83984375 0.208984375 0.0703125 0.0703125
0 0.896484375 0.435546875 0.05859375 0.05859375
0 0.201171875 0.341796875 0.05859375 0.05859375
0 0.767578125 0.66015625 0.05859375 0.05859375
0 0.494140625 0.490234375 0.056640625 0.056640625
0 0.0390625 0.009765625 0.056640625 0.056640625
0 0.09375 0.849609375 0.052734375 0.052734375
0 0.712890625 0.103515625 0.05078125 0.05078125
0 0.390625 0.470703125 0.048828125 0.048828125
0 0.28515625 0.51953125 0.046875 0.046875
0 0.630859375 0.64453125 0.046875 0.046875
0 0.755859375 0.572265625 0.044921875 0.044921875
0 0.29296875 0.240234375 0.04296875 0.04296875
0 0.953125 0.94921875 0.037109375 0.037109375
0 0.302734375 0.814453125 0.033203125 0.033203125
0 0.8828125 0.951171875 0.03125 0.03125
0 0.01953125 0.884765625 0.03125 0.03125
0 0.521484375 0.62890625 0.029296875 0.029296875
0 0.708984375 0.728515625 0.029296875 0.029296875
0 0.505859375 0.080078125 0.029296875 0.029296875
0 0.142578125 0.787109375 0.02734375 0.02734375
0 0.173828125 0.890625 0.02734375 0.02734375
0 0.015625 0.70703125 0.02734375 0.02734375
0 0.5625 0.484375 0.025390625 0.025390625
