0 0.212890625 0.76953125 0.787109375 0.787109375
0 0.9609375 0.021484375 0.234375 0.234375
0 0.169921875 0.3984375 0.189453125 0.189453125
0 0.240234375 0.767578125 0.1796875 0.1796875
0 0.2265625 0.99609375 0.16796875 0.16796875
0 0.990234375 0.6171875 0.138671875 0.138671875
0 0.74609375 0.576171875 0.119140625 0.119140625
0 0.701171875 0.48828125 0.111328125 0.111328125
0 0.216796875 0.30078125 0.09375 0.09375
0 0.13671875 0.080078125 0.091796875 0.091796875
0 0.775390625 0.97265625 0.087890625 0.087890625
0 0.33984375 0.25390625 0.0859375 0.0859375
0 0.77734375 0.4453125 0.076171875 0.076171875
0 0.98828125 0.44921875 0.076171875 0.076171875
0 0.794921875 0.646484375 0.060546875 0.060546875
0 0.931640625 0.876953125 0.056640625 0.056640625
0 0.0390625 0.06640625 0.056640625 0.056640625
0 0.78515625 0.771484375 0.05078125 0.05078125
0 0.603515625 0.064453125 0.044921875 0.044921875
0 0.97265625 0.228515625 0.044921875 0.044921875
0 0.60546875 0.880859375 0.044921875 0.044921875
0 0.21875 0.125 0.037109375 0.037109375
0 0.697265625 0.33984375 0.033203125 0.033203125
0 0.90625 0.984375 0.03125 0.03125
0 0.27734375 0.23828125 0.029296875 0.029296875
0 0.32421875 0.142578125 0.029296875 0.029296875
0 0.9375 0.798828125 0.029296875 0.029296875
0 0.96484375 0.525390625 0.029296875 0.029296875
0 0.478515625 0.111328125 0.02734375 0.02734375
0 0.8125 0.130859375 0.02734375 0.02734375
0 0.271484375 0.0390625 0.025390625 0.025390625
