0 0.681640625 0.458984375 0.22265625 0.22265625
0 0.990234375 0.1640625 0.1953125 0.1953125
0 0.607421875 0.92578125 0.158203125 0.158203125
0 0.505859375 0.39453125 0.146484375 0.146484375
0 0.44921875 0.046875 0.1328125 0.1328125
0 0.439453125 0.177734375 0.11328125 0.11328125
0 0.2109375 0.564453125 0.10546875 0.10546875
0 0.640625 0.36328125 0.09765625 0.09765625
0 0.8828125 0.251953125 0.09765625 0.09765625
0 0.26171875 0.578125 0.09375 0.09375
0 0.76953125 0.775390625 0.09375 0.09375
0 0.798828125 0.990234375 0.091796875 0.091796875
0 0.986328125 0.341796875 0.087890625 0.087890625
0 0.255859375 0.85546875 0.08203125 0.08203125
0 0.8359375 0.796875 0.080078125 0.080078125
0 0.623046875 0.826171875 0.076171875 0.076171875
0 0.521484375 0.4921875 0.0703125 0.0703125
0 0.43359375 0.654296875 0.06640625 0.06640625
0 0.728515625 0.765625 0.06640625 0.06640625
0 0.8828125 0.1640625 0.064453125 0.064453125
0 0.05078125 0.251953125 0.05859375 0.05859375
0 0.19921875 0.833984375 0.056640625 0.056640625
0 0.41015625 0.857421875 0.0546875 0.0546875
0 0.611328125 0.287109375 0.052734375 0.052734375
0 0.109375 0.8828125 0.05078125 0.05078125
0 0.775390625 0.158203125 0.048828125 0.048828125
0 0.505859375 0.6875 0.048828125 0.048828125
0 0.16796875 0.470703125 0.046875 0.046875
0 0.326171875 0.189453125 0.046875 0.046875
0 0.603515625 0.77734375 0.044921875 0.044921875
0 0.080078125 0.4921875 0.04296875 0.04296875
0 0.841796875 0.90625 0.04296875 0.04296875
0 0.697265625 0.23046875 0.04296875 0.04296875
0 0.107421875 0.333984375 0.04296875 0.04296875
0 0.4296875 0.888671875 0.041015625 0.041015625
0 0.8046875 0.0 0.0390625 0.0390625
0 0.740234375 0.28515625 0.037109375 0.037109375
0 0.841796875 0.763671875 0.037109375 0.037109375
0 0.486328125 0.1484375 0.037109375 0.037109375
0 0.0 0.330078125 0.03515625 0.03515625
0 0.560546875 0.60546875 0.03515625 0.03515625
0 0.33984375 0.482421875 0.033203125 0.033203125
0 0.2890625 0.67578125 0.03125 0.03125
0 0.158203125 0.107421875 0.03125 0.03125
0 0.330078125 0.703125 0.03125 0.03125
0 0.814453125 0.9375 0.03125 0.03125
0 0.556640625 0.08203125 0.029296875 0.029296875
0 0.142578125 0.748046875 0.029296875 0.029296875
0 0.197265625 0.048828125 0.02734375 0.02734375
0 0.69140625 0.501953125 0.02734375 0.02734375
0 0.3203125 0.7890625 0.025390625 0.025390625
0 0.1015625 0.22265625 0.025390625 0.025390625
0 0.99609375 0.966796875 0.025390625 0.025390625
