0 0.53515625 0.43359375 0.109375 0.109375
0 0.66796875 0.513671875 0.0859375 0.0859375
0 0.435546875 0.76171875 0.06640625 0.06640625
0 0.146484375 0.951171875 0.064453125 0.064453125
0 0.0078125 0.88671875 0.05859375 0.05859375
0 0.275390625 0.5625 0.044921875 0.044921875
0 0.015625 0.93359375 0.044921875 0.044921875
0 0.609375 0.19140625 0.04296875 0.04296875
0 0.34765625 0.55078125 0.041015625 0.041015625
0 0.28515625 0.4921875 0.037109375 0.037109375
0 0.607421875 0.126953125 0.03515625 0.03515625
0 0.501953125 0.087890625 0.03515625 0.03515625
0 0.4765625 0.068359375 0.033203125 0.033203125
0 0.923828125 0.3671875 0.025390625 0.025390625
