0 0.66015625 0.630859375 0.267578125 0.267578125
0 0.765625 0.626953125 0.232421875 0.232421875
0 0.66015625 0.849609375 0.2265625 0.2265625
0 0.939453125 0.87890625 0.16015625 0.16015625
0 0.818359375 0.42578125 0.14453125 0.14453125
0 0.525390625 0.552734375 0.138671875 0.138671875
0 0.404296875 0.037109375 0.12890625 0.12890625
0 0.923828125 0.455078125 0.126953125 0.126953125
0 0.279296875 0.11328125 0.123046875 0.123046875
0 0.412109375 0.390625 0.115234375 0.115234375
0 0.013671875 0.96875 0.109375 0.109375
0 0.65625 0.240234375 0.10546875 0.10546875
0 0.912109375 0.849609375 0.1015625 0.1015625
0 0.234375 0.41015625 0.09375 0.09375
0 0.318359375 0.44921875 0.091796875 0.091796875
0 0.134765625 0.9296875 0.0859375 0.0859375
0 0.419921875 0.990234375 0.080078125 0.080078125
0 0.150390625 0.56640625 0.072265625 0.072265625
0 0.482421875 0.25390625 0.0703125 0.0703125
0 0.22265625 0.537109375 0.064453125 0.064453125
0 0.580078125 0.716796875 0.060546875 0.060546875
0 0.005859375 0.615234375 0.060546875 0.060546875
0 0.05859375 0.890625 0.05859375 0.05859375
0 0.900390625 0.35546875 0.056640625 0.056640625
0 0.19140625 0.3046875 0.056640625 0.056640625
0 0.978515625 0.458984375 0.056640625 0.056640625
0 0.57421875 0.1796875 0.056640625 0.056640625
0 0.55859375 0.896484375 0.0546875 0.0546875
0 0.291015625 0.83984375 0.0546875 0.0546875
0 0.248046875 0.181640625 0.052734375 0.052734375
0 0.857421875 0.064453125 0.052734375 0.052734375
0 0.84765625 0.79296875 0.05078125 0.05078125
0 0.349609375 0.546875 0.048828125 0.048828125
0 0.677734375 0.89453125 0.046875 0.046875
0 0.892578125 0.56640625 0.046875 0.046875
0 0.08984375 0.224609375 0.044921875 0.044921875
0 0.19921875 0.029296875 0.044921875 0.044921875
0 0.630859375 0.9765625 0.044921875 0.044921875
0 0.763671875 0.734375 0.04296875 0.04296875
0 0.96875 0.833984375 0.041015625 0.041015625
0 0.513671875 0.6484375 0.041015625 0.041015625
0 0.005859375 0.015625 0.0390625 0.0390625
0 0.8359375 0.3359375 0.037109375 0.037109375
0 0.5703125 0.01171875 0.03515625 0.03515625
0 0.794921875 0.341796875 0.03515625 0.03515625
0 0.5234375 0.962890625 0.033203125 0.033203125
0 0.927734375 0.74609375 0.033203125 0.033203125
0 0.75390625 0.171875 0.033203125 0.033203125
0 0.1015625 0.7734375 0.03125 0.03125
0 0.548828125 0.48828125 0.03125 0.03125
0 0.853515625 0.56640625 0.029296875 0.029296875
0 0.759765625 0.853515625 0.02734375 0.02734375
0 0.056640625 0.095703125 0.02734375 0.02734375
0 0.38671875 0.59765625 0.02734375 0.02734375
0 0.34765625 0.7109375 0.025390625 0.025390625
0 0.279296875 0.07421875 0.025390625 0.025390625
