0 0.396484375 0.396484375 0.220703125 0.220703125
0 0.54296875 0.302734375 0.203125 0.203125
0 0.599609375 0.533203125 0.12890625 0.12890625
0 0.2265625 0.72265625 0.126953125 0.126953125
0 0.9765625 0.314453125 0.125 0.125
0 0.482421875 0.494140625 0.119140625 0.119140625
0 0.62890625 0.162109375 0.09375 0.09375
0 0.095703125 0.134765625 0.091796875 0.091796875
0 0.384765625 0.892578125 0.0859375 0.0859375
0 0.1484375 0.900390625 0.083984375 0.083984375
0 0.271484375 0.8203125 0.06640625 0.06640625
0 0.001953125 0.24609375 0.064453125 0.064453125
0 0.466796875 0.92578125 0.060546875 0.060546875
0 0.36328125 0.54296875 0.056640625 0.056640625
0 0.591796875 0.181640625 0.056640625 0.056640625
0 0.1953125 0.033203125 0.0546875 0.0546875
0 0.552734375 0.697265625 0.0546875 0.0546875
0 0.4453125 0.02734375 0.052734375 0.052734375
0 0.5 0.01953125 0.044921875 0.044921875
0 0.94921875 0.064453125 0.044921875 0.044921875
0 0.330078125 0.234375 0.04296875 0.04296875
0 0.025390625 0.705078125 0.0390625 0.0390625
0 0.287109375 0.486328125 0.0390625 0.0390625
0 0.990234375 0.099609375 0.0390625 0.0390625
0 0.779296875 0.59765625 0.0390625 0.0390625
0 0.98046875 0.18359375 0.037109375 0.037109375
0 0.322265625 0.76171875 0.037109375 0.037109375
0 0.22265625 0.80078125 0.037109375 0.037109375
0 0.671875 0.90625 0.037109375 0.037109375
0 0.55078125 0.11328125 0.033203125 0.033203125
0 0.62890625 0.91796875 0.033203125 0.033203125
0 0.046875 0.576171875 0.033203125 0.033203125
0 0.162109375 0.69140625 0.029296875 0.029296875
0 0.7578125 0.16015625 0.029296875 0.029296875
0 0.296875 0.947265625 0.02734375 0.02734375
0 0.02734375 0.427734375 0.02734375 0.02734375
0 0.431640625 0.888671875 0.02734375 0.02734375
0 0.58203125 0.0546875 0.02734375 0.02734375
0 0.564453125 0.421875 0.025390625 0.025390625
