0 0.712890625 0.7578125 0.140625 0.140625
0 0.62890625 0.9296875 0.140625 0.140625
0 0.064453125 0.431640625 0.130859375 0.130859375
0 0.869140625 0.658203125 0.130859375 0.130859375
0 0.025390625 0.775390625 0.126953125 0.126953125
0 0.82421875 0.947265625 0.12109375 0.12109375
0 0.857421875 0.06640625 0.115234375 0.115234375
0 0.365234375 0.76171875 0.111328125 0.111328125
0 0.048828125 0.08203125 0.09765625 0.09765625
0 0.37890625 0.72265625 0.09765625 0.09765625
0 0.388671875 0.521484375 0.07421875 0.07421875
0 0.39453125 0.59765625 0.0546875 0.0546875
0 0.49609375 0.4765625 0.0546875 0.0546875
0 0.412109375 0.013671875 0.0546875 0.0546875
0 0.94921875 0.38671875 0.05078125 0.05078125
0 0.880859375 0.533203125 0.048828125 0.048828125
0 0.427734375 0.26953125 0.046875 0.046875
0 0.484375 0.53515625 0.046875 0.046875
0 0.521484375 0.560546875 0.04296875 0.04296875
0 0.486328125 0.2265625 0.041015625 0.041015625
0 0.51953125 0.44921875 0.041015625 0.041015625
0 0.57421875 0.46484375 0.0390625 0.0390625
0 0.16796875 0.748046875 0.0390625 0.0390625
0 0.232421875 0.7890625 0.037109375 0.037109375
0 0.1875 0.41796875 0.03515625 0.03515625
0 0.736328125 0.984375 0.03125 0.03125
0 0.802734375 0.26953125 0.03125 0.03125
0 0.75 0.3046875 0.029296875 0.029296875
0 0.484375 0.11328125 0.029296875 0.029296875
0 0.876953125 0.380859375 0.02734375 0.02734375
0 0.287109375 0.240234375 0.02734375 0.02734375
0 0.166015625 0.37109375 0.025390625 0.025390625
0 0.5859375 0.255859375 0.025390625 0.025390625
