0 0.48046875 0.48046875 0.275390625 0.275390625
0 0.158203125 0.361328125 0.224609375 0.224609375
0 0.2109375 0.7734375 0.208984375 0.208984375
0 0.0625 0.48828125 0.162109375 0.162109375
0 0.22265625 0.501953125 0.126953125 0.126953125
0 0.99609375 0.58203125 0.125 0.125
0 0.3203125 0.158203125 0.10546875 0.10546875
0 0.171875 0.783203125 0.08984375 0.08984375
0 0.73828125 0.65625 0.083984375 0.083984375
0 0.21875 0.16015625 0.083984375 0.083984375
0 0.560546875 0.02734375 0.072265625 0.072265625
0 0.0234375 0.75 0.06640625 0.06640625
0 0.41796875 0.736328125 0.064453125 0.064453125
0 0.68359375 0.353515625 0.0546875 0.0546875
0 0.361328125 0.25390625 0.05078125 0.05078125
0 0.31640625 0.05078125 0.048828125 0.048828125
0 0.326171875 0.828125 0.04296875 0.04296875
0 0.638671875 0.31640625 0.041015625 0.041015625
0 0.49609375 0.87109375 0.0390625 0.0390625
0 0.05859375 0.3203125 0.03515625 0.03515625
0 0.318359375 0.521484375 0.03515625 0.03515625
0 0.5625 0.833984375 0.033203125 0.033203125
0 0.279296875 0.248046875 0.03125 0.03125
0 0.27734375 0.0703125 0.029296875 0.029296875
0 0.515625 0.171875 0.029296875 0.029296875
0 0.470703125 0.259765625 0.029296875 0.029296875
0 0.044921875 0.80078125 0.02734375 0.02734375
