0 0.626953125 0.376953125 0.294921875 0.294921875
0 0.83984375 0.58984375 0.107421875 0.107421875
0 0.849609375 0.27734375 0.087890625 0.087890625
0 0.326171875 0.306640625 0.078125 0.078125
0 0.42578125 0.630859375 0.078125 0.078125
0 0.5078125 0.9453125 0.076171875 0.076171875
0 0.298828125 0.875 0.06640625 0.06640625
0 0.439453125 0.6796875 0.064453125 0.064453125
0 0.78125 0.50390625 0.0625 0.0625
0 0.57421875 0.810546875 0.052734375 0.052734375
0 0.1484375 0.916015625 0.048828125 0.048828125
0 0.630859375 0.365234375 0.046875 0.046875
0 0.2734375 0.28515625 0.044921875 0.044921875
0 0.017578125 0.91015625 0.04296875 0.04296875
0 0.53515625 0.6875 0.037109375 0.037109375
0 0.103515625 0.490234375 0.037109375 0.037109375
0 0.380859375 0.30859375 0.03515625 0.03515625
0 0.07421875 0.14453125 0.03515625 0.03515625
0 0.986328125 0.6015625 0.029296875 0.029296875
0 0.546875 0.779296875 0.02734375 0.02734375
0 0.12109375 0.947265625 0.02734375 0.02734375
0 0.953125 0.6875 0.025390625 0.025390625
0 0.69921875 0.310546875 0.025390625 0.025390625
