0 0.658203125 0.501953125 0.3046875 0.3046875
0 0.5234375 0.08984375 0.25 0.25
0 0.01953125 0.740234375 0.1953125 0.1953125
0 0.453125 0.423828125 0.09375 0.09375
0 0.1875 0.5546875 0.08203125 0.08203125
0 0.94921875 0.939453125 0.076171875 0.076171875
0 0.857421875 0.27734375 0.072265625 0.072265625
0 0.39453125 0.119140625 0.072265625 0.072265625
0 0.357421875 0.033203125 0.068359375 0.068359375
0 0.333984375 0.552734375 0.064453125 0.064453125
0 0.619140625 0.845703125 0.060546875 0.060546875
0 0.814453125 0.048828125 0.052734375 0.052734375
0 0.345703125 0.994140625 0.048828125 0.048828125
0 0.4609375 0.287109375 0.048828125 0.048828125
0 0.654296875 0.966796875 0.046875 0.046875
0 0.193359375 0.978515625 0.046875 0.046875
0 0.3125 0.4140625 0.04296875 0.04296875
0 0.419921875 0.419921875 0.04296875 0.04296875
0 0.943359375 0.24609375 0.04296875 0.04296875
0 0.37890625 0.0859375 0.04296875 0.04296875
0 0.1484375 0.775390625 0.0390625 0.0390625
0 0.091796875 0.48828125 0.0390625 0.0390625
0 0.580078125 0.3515625 0.037109375 0.037109375
0 0.322265625 0.716796875 0.03515625 0.03515625
0 0.064453125 0.962890625 0.03515625 0.03515625
0 0.849609375 0.833984375 0.03515625 0.03515625
0 0.326171875 0.744140625 0.03515625 0.03515625
0 0.45703125 0.6171875 0.03515625 0.03515625
0 0.86328125 0.84765625 0.03515625 0.03515625
0 0.154296875 0.138671875 0.033203125 0.033203125
0 0.029296875 0.1484375 0.033203125 0.033203125
0 0.908203125 0.984375 0.03125 0.03125
0 0.03125 0.103515625 0.03125 0.03125
0 0.349609375 0.341796875 0.03125 0.03125
0 0.361328125 0.5 0.02734375 0.02734375
0 0.48828125 0.859375 0.02734375 0.02734375
0 0.4765625 0.92578125 0.02734375 0.02734375
0 0.642578125 0.85546875 0.025390625 0.025390625
