0 0.087890625 0.8828125 0.5390625 0.5390625
0 0.388671875 0.95703125 0.12890625 0.12890625
0 0.658203125 0.630859375 0.125 0.125
0 0.064453125 0.376953125 0.12109375 0.12109375
0 0.357421875 0.021484375 0.076171875 0.076171875
0 0.23828125 0.30078125 0.076171875 0.076171875
0 0.251953125 0.62890625 0.072265625 0.072265625
0 0.21875 0.19140625 0.068359375 0.068359375
0 0.44921875 0.2578125 0.05078125 0.05078125
0 0.80859375 0.337890625 0.05078125 0.05078125
0 0.06640625 0.1796875 0.05078125 0.05078125
0 0.337890625 0.56640625 0.05078125 0.05078125
0 0.701171875 0.734375 0.05078125 0.05078125
0 0.533203125 0.78515625 0.044921875 0.044921875
0 0.904296875 0.5859375 0.04296875 0.04296875
0 0.166015625 0.587890625 0.041015625 0.041015625
0 0.390625 0.48828125 0.037109375 0.037109375
0 0.763671875 0.384765625 0.03515625 0.03515625
0 0.158203125 0.49609375 0.03125 0.03125
0 0.01953125 0.1953125 0.03125 0.03125
0 0.0078125 0.306640625 0.029296875 0.029296875
0 0.689453125 0.708984375 0.02734375 0.02734375
0 0.5078125 0.09375 0.02734375 0.02734375
0 0.435546875 0.865234375 0.025390625 0.025390625
