0 0.490234375 0.1328125 0.166015625 0.166015625
0 0.337890625 0.1484375 0.1484375 0.1484375
0 0.28125 0.310546875 0.14453125 0.14453125
0 0.494140625 0.9765625 0.142578125 0.142578125
0 0.97265625 0.375 0.123046875 0.123046875
0 0.43359375 0.2265625 0.111328125 0.111328125
0 0.44140625 0.759765625 0.111328125 0.111328125
0 0.66015625 0.2890625 0.109375 0.109375
0 0.66796875 0.568359375 0.109375 0.109375
0 0.890625 0.798828125 0.087890625 0.087890625
0 0.4140625 0.537109375 0.087890625 0.087890625
0 0.173828125 0.529296875 0.08203125 0.08203125
0 0.884765625 0.447265625 0.078125 0.078125
0 0.029296875 0.0 0.078125 0.078125
0 0.185546875 0.2578125 0.072265625 0.072265625
0 0.150390625 0.87890625 0.068359375 0.068359375
0 0.708984375 0.8359375 0.068359375 0.068359375
0 0.66015625 0.462890625 0.064453125 0.064453125
0 0.849609375 0.013671875 0.05859375 0.05859375
0 0.12890625 0.18359375 0.056640625 0.056640625
0 0.796875 0.49609375 0.0546875 0.0546875
0 0.810546875 0.734375 0.046875 0.046875
0 0.818359375 0.896484375 0.044921875 0.044921875
0 0.11328125 0.783203125 0.04296875 0.04296875
0 0.15625 0.171875 0.04296875 0.04296875
0 0.83984375 0.22265625 0.04296875 0.04296875
0 0.18359375 0.349609375 0.041015625 0.041015625
0 0.57421875 0.169921875 0.0390625 0.0390625
0 0.28125 0.89453125 0.037109375 0.037109375
0 0.74609375 0.802734375 0.037109375 0.037109375
0 0.82421875 0.4921875 0.037109375 0.037109375
0 0.833984375 0.75 0.03515625 0.03515625
0 0.833984375 0.35546875 0.03515625 0.03515625
0 0.00390625 0.703125 0.03515625 0.03515625
0 0.033203125 0.251953125 0.03515625 0.03515625
0 0.916015625 0.759765625 0.033203125 0.033203125
0 0.02734375 0.234375 0.033203125 0.033203125
0 0.107421875 0.923828125 0.033203125 0.033203125
0 0.546875 0.408203125 0.033203125 0.033203125
0 0.59765625 0.771484375 0.03125 0.03125
0 0.009765625 0.033203125 0.03125 0.03125
