0 0.109375 0.712890625 0.15625 0.15625
0 0.041015625 0.36328125 0.134765625 0.134765625
0 0.046875 0.8984375 0.125 0.125
0 0.60546875 0.978515625 0.115234375 0.115234375
0 0.1640625 0.89453125 0.103515625 0.103515625
0 0.59375 0.025390625 0.1015625 0.1015625
0 0.544921875 0.080078125 0.08203125 0.08203125
0 0.333984375 0.51171875 0.0703125 0.0703125
0 0.173828125 0.509765625 0.0703125 0.0703125
0 0.326171875 0.029296875 0.068359375 0.068359375
0 0.4765625 0.396484375 0.06640625 0.06640625
0 0.109375 0.98828125 0.064453125 0.064453125
0 0.296875 0.6328125 0.064453125 0.064453125
0 0.169921875 0.021484375 0.0625 0.0625
0 0.1015625 0.3046875 0.056640625 0.056640625
0 0.876953125 0.630859375 0.056640625 0.056640625
0 0.517578125 0.740234375 0.0546875 0.0546875
0 0.4453125 0.2578125 0.0546875 0.0546875
0 0.4296875 0.095703125 0.05078125 0.05078125
0 0.486328125 0.041015625 0.046875 0.046875
0 0.638671875 0.900390625 0.046875 0.046875
0 0.263671875 0.623046875 0.04296875 0.04296875
0 0.384765625 0.736328125 0.04296875 0.04296875
0 0.150390625 0.564453125 0.04296875 0.04296875
0 0.453125 0.423828125 0.037109375 0.037109375
0 0.298828125 0.455078125 0.033203125 0.033203125
0 0.75390625 0.26953125 0.033203125 0.033203125
0 0.091796875 0.400390625 0.03125 0.03125
0 0.251953125 0.091796875 0.029296875 0.029296875
0 0.236328125 0.388671875 0.029296875 0.029296875
0 0.328125 0.19921875 0.029296875 0.029296875
0 0.654296875 0.279296875 0.02734375 0.02734375
0 0.232421875 0.25390625 0.02734375 0.02734375
0 0.58203125 0.546875 0.02734375 0.02734375
0 0.365234375 0.236328125 0.02734375 0.02734375
0 0.650390625 0.197265625 0.025390625 0.025390625
0 0.765625 0.04296875 0.025390625 0.025390625
0 0.017578125 0.375 0.025390625 0.025390625
0 0.009765625 0.0625 0.025390625 0.025390625
