0 0.048828125 0.359375 0.33203125 0.33203125
0 0.29296875 0.412109375 0.09765625 0.09765625
0 0.08984375 0.5390625 0.0625 0.0625
0 0.224609375 0.2265625 0.0390625 0.0390625
0 0.13671875 0.1953125 0.025390625 0.025390625
0 0.431640625 0.337890625 0.240234375 0.240234375
0 0.419921875 0.916015625 0.15625 0.15625
0 0.712890625 0.353515625 0.1015625 0.1015625
0 0.572265625 0.4140625 0.09765625 0.09765625
0 0.365234375 0.234375 0.095703125 0.095703125
0 0.802734375 0.353515625 0.0703125 0.0703125
0 0.478515625 0.048828125 0.056640625 0.056640625
0 0.48828125 0.326171875 0.052734375 0.052734375
0 0.880859375 0.23828125 0.037109375 0.037109375
0 0.8203125 0.69921875 0.033203125 0.033203125
0 0.78515625 0.5 0.03125 0.03125
0 0.923828125 0.681640625 0.025390625 0.025390625
0 0.69921875 0.53515625 0.025390625 0.025390625
0 0.71875 0.783203125 0.025390625 0.025390625
