0 0.97265625 0.41796875 0.212890625 0.212890625
0 0.130859375 0.18359375 0.189453125 0.189453125
0 0.763671875 0.404296875 0.14453125 0.14453125
0 0.9296875 0.03125 0.125 0.125
0 0.251953125 0.833984375 0.12109375 0.12109375
0 0.251953125 0.521484375 0.119140625 0.119140625
0 0.193359375 0.375 0.09765625 0.09765625
0 0.263671875 0.896484375 0.080078125 0.080078125
0 0.85546875 0.787109375 0.0703125 0.0703125
0 0.583984375 0.5 0.068359375 0.068359375
0 0.6875 0.078125 0.0625 0.0625
0 0.89453125 0.904296875 0.056640625 0.056640625
0 0.228515625 0.298828125 0.056640625 0.056640625
0 0.837890625 0.91015625 0.052734375 0.052734375
0 0.65234375 0.134765625 0.05078125 0.05078125
0 0.8984375 0.73828125 0.046875 0.046875
0 0.3984375 0.595703125 0.044921875 0.044921875
0 0.013671875 0.294921875 0.04296875 0.04296875
0 0.7734375 0.673828125 0.04296875 0.04296875
0 0.771484375 0.283203125 0.04296875 0.04296875
0 0.1875 0.787109375 0.04296875 0.04296875
0 0.4375 0.95703125 0.041015625 0.041015625
0 0.279296875 0.572265625 0.037109375 0.037109375
0 0.796875 0.64453125 0.03515625 0.03515625
0 0.81640625 0.30078125 0.03515625 0.03515625
0 0.79296875 0.48046875 0.03515625 0.03515625
0 0.5859375 0.6328125 0.033203125 0.033203125
0 0.099609375 0.51953125 0.03125 0.03125
0 0.947265625 0.8046875 0.03125 0.03125
0 0.244140625 0.6640625 0.03125 0.03125
0 0.37109375 0.39453125 0.029296875 0.029296875
0 0.32421875 0.99609375 0.029296875 0.029296875
0 0.513671875 0.908203125 0.029296875 0.029296875
0 0.0234375 0.341796875 0.02734375 0.02734375
0 0.01171875 0.865234375 0.02734375 0.02734375
0 0.015625 0.9453125 0.02734375 0.02734375
0 0.611328125 0.2265625 0.02734375 0.02734375
0 0.908203125 0.982421875 0.02734375 0.02734375
