0 0.767578125 0.58984375 0.453125 0.453125
0 0.4140625 0.357421875 0.306640625 0.306640625
0 0.681640625 0.91796875 0.248046875 0.248046875
0 0.396484375 0.54296875 0.16015625 0.16015625
0 0.857421875 0.185546875 0.125 0.125
0 0.28125 0.0546875 0.12109375 0.12109375
0 0.638671875 0.09765625 0.115234375 0.115234375
0 0.16015625 0.65234375 0.09375 0.09375
0 0.01953125 0.111328125 0.091796875 0.091796875
0 0.130859375 0.11328125 0.072265625 0.072265625
0 0.013671875 0.6953125 0.0703125 0.0703125
0 0.330078125 0.2265625 0.06640625 0.06640625
0 0.1796875 0.767578125 0.064453125 0.064453125
0 0.931640625 0.3671875 0.060546875 0.060546875
0 0.564453125 0.9140625 0.05859375 0.05859375
0 0.94140625 0.146484375 0.0546875 0.0546875
0 0.0390625 0.72265625 0.0546875 0.0546875
0 0.873046875 0.306640625 0.05078125 0.05078125
0 0.767578125 0.71875 0.048828125 0.048828125
0 0.154296875 0.724609375 0.046875 0.046875
0 0.1953125 0.201171875 0.04296875 0.04296875
0 0.951171875 0.091796875 0.041015625 0.041015625
0 0.55859375 0.302734375 0.0390625 0.0390625
0 0.001953125 0.9765625 0.03515625 0.03515625
0 0.15625 0.279296875 0.033203125 0.033203125
0 0.185546875 0.482421875 0.03125 0.03125
0 0.22265625 0.306640625 0.029296875 0.029296875
0 0.076171875 0.044921875 0.029296875 0.029296875
0 0.0859375 0.533203125 0.029296875 0.029296875
0 0.30078125 0.18359375 0.02734375 0.02734375
0 0.966796875 0.982421875 0.025390625 0.025390625
