0 0.857421875 0.435546875 0.25390625 0.25390625
0 0.197265625 0.009765625 0.236328125 0.236328125
0 0.123046875 0.361328125 0.208984375 0.208984375
0 0.705078125 0.640625 0.154296875 0.154296875
0 0.15625 0.609375 0.134765625 0.134765625
0 0.2109375 0.5078125 0.125 0.125
0 0.048828125 0.76171875 0.115234375 0.115234375
0 0.1796875 0.212890625 0.109375 0.109375
0 0.97265625 0.12109375 0.103515625 0.103515625
0 0.462890625 0.7734375 0.1015625 0.1015625
0 0.712890625 0.21484375 0.099609375 0.099609375
0 0.2734375 0.138671875 0.095703125 0.095703125
0 0.798828125 0.48828125 0.091796875 0.091796875
0 0.5 0.041015625 0.08984375 0.08984375
0 0.853515625 0.966796875 0.083984375 0.083984375
0 0.27734375 0.2265625 0.078125 0.078125
0 0.953125 0.17578125 0.06640625 0.06640625
0 0.673828125 0.09375 0.064453125 0.064453125
0 0.8359375 0.021484375 0.060546875 0.060546875
0 0.39453125 0.828125 0.0546875 0.0546875
0 0.08984375 0.29296875 0.0546875 0.0546875
0 0.521484375 0.587890625 0.05078125 0.05078125
0 0.615234375 0.009765625 0.048828125 0.048828125
0 0.720703125 0.314453125 0.044921875 0.044921875
0 0.8046875 0.279296875 0.044921875 0.044921875
0 0.333984375 0.1015625 0.044921875 0.044921875
0 0.958984375 0.3515625 0.04296875 0.04296875
0 0.46875 0.14453125 0.0390625 0.0390625
0 0.90234375 0.814453125 0.037109375 0.037109375
0 0.994140625 0.431640625 0.037109375 0.037109375
0 0.986328125 0.841796875 0.03515625 0.03515625
0 0.193359375 0.98828125 0.033203125 0.033203125
0 0.603515625 0.19921875 0.033203125 0.033203125
0 0.294921875 0.912109375 0.03125 0.03125
0 0.970703125 0.912109375 0.03125 0.03125
0 0.94140625 0.61328125 0.03125 0.03125
0 0.740234375 0.1484375 0.02734375 0.02734375
0 0.44140625 0.435546875 0.025390625 0.025390625
