0 0.640625 0.65625 0.154296875 0.154296875
0 0.84765625 0.08984375 0.1484375 0.1484375
0 0.896484375 0.353515625 0.138671875 0.138671875
0 0.662109375 0.37109375 0.125 0.125
0 0.529296875 0.935546875 0.125 0.125
0 0.81640625 0.1953125 0.10546875 0.10546875
0 0.18359375 0.73828125 0.095703125 0.095703125
0 0.544921875 0.20703125 0.08203125 0.08203125
0 0.341796875 0.55859375 0.07421875 0.07421875
0 0.306640625 0.79296875 0.07421875 0.07421875
0 0.03125 0.703125 0.072265625 0.072265625
0 0.50390625 0.576171875 0.06640625 0.06640625
0 0.0625 0.849609375 0.056640625 0.056640625
0 0.353515625 0.05078125 0.0546875 0.0546875
0 0.40234375 0.505859375 0.05078125 0.05078125
0 0.15625 0.845703125 0.05078125 0.05078125
0 0.57421875 0.7109375 0.048828125 0.048828125
0 0.505859375 0.775390625 0.046875 0.046875
0 0.916015625 0.025390625 0.046875 0.046875
0 0.11328125 0.439453125 0.04296875 0.04296875
0 0.61328125 0.142578125 0.041015625 0.041015625
0 0.361328125 0.7734375 0.037109375 0.037109375
0 0.921875 0.1796875 0.037109375 0.037109375
0 0.892578125 0.73046875 0.03515625 0.03515625
0 0.1875 0.068359375 0.03515625 0.03515625
0 0.37109375 0.322265625 0.033203125 0.033203125
0 0.4921875 0.916015625 0.03125 0.03125
0 0.486328125 0.30859375 0.02734375 0.02734375
0 0.515625 0.04296875 0.02734375 0.02734375
0 0.765625 0.677734375 0.025390625 0.025390625
0 0.49609375 0.025390625 0.025390625 0.025390625
