0 0.15625 0.166015625 0.1875 0.1875
0 0.30859375 0.60546875 0.123046875 0.123046875
0 0.333984375 0.501953125 0.09375 0.09375
0 0.16015625 0.341796875 0.087890625 0.087890625
0 0.5234375 0.015625 0.0859375 0.0859375
0 0.470703125 0.61328125 0.0859375 0.0859375
0 0.251953125 0.48046875 0.080078125 0.080078125
0 0.826171875 0.5703125 0.078125 0.078125
0 0.919921875 0.798828125 0.072265625 0.072265625
0 0.990234375 0.9453125 0.072265625 0.072265625
0 0.6640625 0.2421875 0.072265625 0.072265625
0 0.88671875 0.810546875 0.068359375 0.068359375
0 0.474609375 0.28125 0.0625 0.0625
0 0.0390625 0.298828125 0.0625 0.0625
0 0.44140625 0.07421875 0.05859375 0.05859375
0 0.462890625 0.1875 0.056640625 0.056640625
0 0.947265625 0.66015625 0.052734375 0.052734375
0 0.90625 0.369140625 0.05078125 0.05078125
0 0.75390625 0.80078125 0.048828125 0.048828125
0 0.3359375 0.466796875 0.046875 0.046875
0 0.478515625 0.26171875 0.046875 0.046875
0 0.85546875 0.74609375 0.044921875 0.044921875
0 0.556640625 0.48828125 0.04296875 0.04296875
0 0.58984375 0.193359375 0.04296875 0.04296875
0 0.107421875 0.541015625 0.041015625 0.041015625
0 0.044921875 0.517578125 0.0390625 0.0390625
0 0.453125 0.95703125 0.0390625 0.0390625
0 0.919921875 0.42578125 0.0390625 0.0390625
0 0.955078125 0.87109375 0.037109375 0.037109375
0 0.095703125 0.318359375 0.037109375 0.037109375
0 0.142578125 0.24609375 0.037109375 0.037109375
0 0.7109375 0.337890625 0.03515625 0.03515625
0 0.22265625 0.947265625 0.03515625 0.03515625
0 0.546875 0.7109375 0.033203125 0.033203125
0 0.078125 0.20703125 0.033203125 0.033203125
0 0.935546875 0.759765625 0.033203125 0.033203125
0 0.25 0.86328125 0.029296875 0.029296875
0 0.0625 0.826171875 0.029296875 0.029296875
0 0.5234375 0.916015625 0.02734375 0.02734375
0 0.419921875 0.1484375 0.02734375 0.02734375
0 0.18359375 0.291015625 0.02734375 0.02734375
0 0.54296875 0.3046875 0.025390625 0.025390625
0 0.365234375 0.23828125 0.025390625 0.025390625
0 0.3828125 0.90234375 0.025390625 0.025390625
