0 0.40625 0.892578125 0.177734375 0.177734375
0 0.64453125 0.1484375 0.154296875 0.154296875
0 0.5625 0.6015625 0.13671875 0.13671875
0 0.720703125 0.78125 0.12109375 0.12109375
0 0.935546875 0.95703125 0.109375 0.109375
0 0.212890625 0.486328125 0.107421875 0.107421875
0 0.64453125 0.53515625 0.10546875 0.10546875
0 0.5 0.490234375 0.09765625 0.09765625
0 0.83984375 0.994140625 0.08984375 0.08984375
0 0.396484375 0.1875 0.087890625 0.087890625
0 0.3671875 0.005859375 0.087890625 0.087890625
0 0.48046875 0.3515625 0.08203125 0.08203125
0 0.740234375 0.599609375 0.076171875 0.076171875
0 0.564453125 0.927734375 0.07421875 0.07421875
0 0.41015625 0.0 0.07421875 0.07421875
0 0.04296875 0.041015625 0.072265625 0.072265625
0 0.724609375 0.8828125 0.06640625 0.06640625
0 0.486328125 0.541015625 0.06640625 0.06640625
0 0.619140625 0.09375 0.064453125 0.064453125
0 0.017578125 0.498046875 0.064453125 0.064453125
0 0.29296875 0.646484375 0.060546875 0.060546875
0 0.783203125 0.16796875 0.05859375 0.05859375
0 0.0390625 0.61328125 0.05859375 0.05859375
0 0.443359375 0.451171875 0.0546875 0.0546875
0 0.833984375 0.453125 0.0546875 0.0546875
0 0.396484375 0.609375 0.052734375 0.052734375
0 0.3515625 0.650390625 0.05078125 0.05078125
0 0.109375 0.390625 0.048828125 0.048828125
0 0.1796875 0.6484375 0.048828125 0.048828125
0 0.427734375 0.673828125 0.046875 0.046875
0 0.18359375 0.56640625 0.046875 0.046875
0 0.708984375 0.376953125 0.044921875 0.044921875
0 0.64453125 0.24609375 0.044921875 0.044921875
0 0.53125 0.65234375 0.044921875 0.044921875
0 0.27734375 0.671875 0.04296875 0.04296875
0 0.439453125 0.359375 0.04296875 0.04296875
0 0.626953125 0.81640625 0.041015625 0.041015625
0 0.29296875 0.529296875 0.0390625 0.0390625
0 0.38671875 0.76953125 0.03515625 0.03515625
0 0.69921875 0.455078125 0.03515625 0.03515625
0 0.158203125 0.865234375 0.03515625 0.03515625
0 0.24609375 0.8828125 0.033203125 0.033203125
0 0.1640625 0.896484375 0.033203125 0.033203125
0 0.826171875 0.48046875 0.033203125 0.033203125
0 0.720703125 0.958984375 0.03125 0.03125
0 0.958984375 0.259765625 0.03125 0.03125
0 0.806640625 0.369140625 0.03125 0.03125
0 0.474609375 0.400390625 0.029296875 0.029296875
0 0.115234375 0.314453125 0.029296875 0.029296875
0 0.0859375 0.775390625 0.029296875 0.029296875
0 0.408203125 0.50390625 0.02734375 0.02734375
0 0.697265625 0.01953125 0.02734375 0.02734375
0 0.86328125 0.162109375 0.02734375 0.02734375
0 0.251953125 0.869140625 0.025390625 0.025390625
0 0.6328125 0.58203125 0.025390625 0.025390625
