0 0.75 0.24609375 0.14453125 0.14453125
0 0.38671875 0.0859375 0.09765625 0.09765625
0 0.6796875 0.154296875 0.09765625 0.09765625
0 0.87109375 0.150390625 0.0859375 0.0859375
0 0.6328125 0.4609375 0.0703125 0.0703125
0 0.66015625 0.708984375 0.05859375 0.05859375
0 0.841796875 0.033203125 0.046875 0.046875
0 0.873046875 0.58203125 0.044921875 0.044921875
0 0.0546875 0.689453125 0.044921875 0.044921875
0 0.447265625 0.775390625 0.041015625 0.041015625
0 0.19140625 0.4453125 0.0390625 0.0390625
0 0.7421875 0.349609375 0.037109375 0.037109375
0 0.451171875 0.083984375 0.037109375 0.037109375
0 0.23046875 0.509765625 0.03125 0.03125
0 0.064453125 0.453125 0.029296875 0.029296875
0 0.033203125 0.93359375 0.02734375 0.02734375
0 0.94921875 0.15625 0.02734375 0.02734375
