0 0.962890625 0.888671875 0.2890625 0.2890625
0 0.544921875 0.125 0.158203125 0.158203125
0 0.931640625 0.169921875 0.15234375 0.15234375
0 0.9453125 0.220703125 0.126953125 0.126953125
0 0.55078125 0.56640625 0.107421875 0.107421875
0 0.87109375 0.056640625 0.091796875 0.091796875
0 0.50390625 0.080078125 0.078125 0.078125
0 0.958984375 0.287109375 0.07421875 0.07421875
0 0.48828125 0.779296875 0.072265625 0.072265625
0 0.60546875 0.3984375 0.06640625 0.06640625
0 0.3359375 0.712890625 0.060546875 0.060546875
0 0.4921875 0.732421875 0.05859375 0.05859375
0 0.296875 0.41796875 0.056640625 0.056640625
0 0.822265625 0.30078125 0.0546875 0.0546875
0 0.296875 0.216796875 0.052734375 0.052734375
0 0.9375 0.02734375 0.05078125 0.05078125
0 0.9765625 0.013671875 0.041015625 0.041015625
0 0.259765625 0.12109375 0.041015625 0.041015625
0 0.591796875 0.359375 0.037109375 0.037109375
0 0.869140625 0.2890625 0.029296875 0.029296875
0 0.7265625 0.544921875 0.02734375 0.02734375
0 0.19921875 0.396484375 0.025390625 0.025390625
0 0.46875 0.5 0.025390625 0.025390625
