0 0.98828125 0.09375 0.16015625 0.16015625
0 0.037109375 0.6328125 0.134765625 0.134765625
0 0.896484375 0.197265625 0.119140625 0.119140625
0 0.94921875 0.521484375 0.09375 0.09375
0 0.3671875 0.67578125 0.07421875 0.07421875
0 0.783203125 0.453125 0.0703125 0.0703125
0 0.630859375 0.30078125 0.05859375 0.05859375
0 0.455078125 0.009765625 0.052734375 0.052734375
0 0.15234375 0.427734375 0.052734375 0.052734375
0 0.75390625 0.974609375 0.048828125 0.048828125
0 0.859375 0.87109375 0.048828125 0.048828125
0 0.443359375 0.564453125 0.048828125 0.048828125
0 0.990234375 0.43359375 0.048828125 0.048828125
0 0.40625 0.87890625 0.041015625 0.041015625
0 0.5234375 0.68359375 0.03515625 0.03515625
0 0.0234375 0.2890625 0.03515625 0.03515625
0 0.109375 0.970703125 0.03515625 0.03515625
0 0.03125 0.52734375 0.03125 0.03125
0 0.1328125 0.845703125 0.03125 0.03125
0 0.458984375 0.84765625 0.029296875 0.029296875
0 0.591796875 0.1328125 0.029296875 0.029296875
0 0.85546875 0.94921875 0.029296875 0.029296875
0 0.552734375 0.984375 0.025390625 0.025390625
