0 0.431640625 0.94921875 0.34375 0.34375
0 0.859375 0.05078125 0.09375 0.09375
0 0.40234375 0.189453125 0.083984375 0.083984375
0 0.56640625 0.724609375 0.083984375 0.083984375
0 0.216796875 0.04296875 0.05859375 0.05859375
0 0.619140625 0.5625 0.05859375 0.05859375
0 0.583984375 0.50390625 0.05078125 0.05078125
0 0.919921875 0.875 0.0390625 0.0390625
0 0.5 0.427734375 0.037109375 0.037109375
0 0.76171875 0.05859375 0.037109375 0.037109375
0 0.91796875 0.041015625 0.03515625 0.03515625
0 0.83984375 0.30078125 0.029296875 0.029296875
0 0.890625 0.548828125 0.02734375 0.02734375
