0 0.779296875 0.5390625 0.185546875 0.185546875
0 0.798828125 0.583984375 0.14453125 0.14453125
0 0.67578125 0.044921875 0.123046875 0.123046875
0 0.625 0.03125 0.09765625 0.09765625
0 0.3359375 0.494140625 0.09765625 0.09765625
0 0.248046875 0.20703125 0.091796875 0.091796875
0 0.24609375 0.46875 0.0859375 0.0859375
0 0.873046875 0.384765625 0.080078125 0.080078125
0 0.29296875 0.43359375 0.07421875 0.07421875
0 0.390625 0.13671875 0.0703125 0.0703125
0 0.283203125 0.63671875 0.064453125 0.064453125
0 0.720703125 0.25 0.0625 0.0625
0 0.09375 0.357421875 0.052734375 0.052734375
0 0.099609375 0.009765625 0.052734375 0.052734375
0 0.6796875 0.48828125 0.046875 0.046875
0 0.404296875 0.0234375 0.044921875 0.044921875
0 0.228515625 0.10546875 0.041015625 0.041015625
0 0.62109375 0.115234375 0.0390625 0.0390625
0 0.3828125 0.052734375 0.0390625 0.0390625
0 0.07421875 0.212890625 0.0390625 0.0390625
0 0.705078125 0.208984375 0.037109375 0.037109375
0 0.9296875 0.361328125 0.03515625 0.03515625
0 0.0859375 0.05078125 0.033203125 0.033203125
0 0.142578125 0.517578125 0.033203125 0.033203125
0 0.384765625 0.095703125 0.03125 0.03125
0 0.611328125 0.546875 0.03125 0.03125
0 0.302734375 0.263671875 0.029296875 0.029296875
0 0.890625 0.833984375 0.08984375 0.08984375
0 0.029296875 0.703125 0.07421875 0.07421875
0 0.740234375 0.736328125 0.064453125 0.064453125
0 0.955078125 0.724609375 0.056640625 0.056640625
0 0.75 0.857421875 0.05078125 0.05078125
0 0.169921875 0.712890625 0.046875 0.046875
0 0.533203125 0.75 0.03515625 0.03515625
0 0.955078125 0.966796875 0.03515625 0.03515625
0 0.306640625 0.92578125 0.029296875 0.029296875
0 0.623046875 0.796875 0.02734375 0.02734375
0 0.2421875 0.705078125 0.02734375 0.02734375
0 0.70703125 0.814453125 0.02734375 0.02734375
0 0.73828125 0.80859375 0.02734375 0.02734375
