0 0.349609375 0.755859375 0.447265625 0.447265625
0 0.904296875 0.421875 0.34765625 0.34765625
0 0.662109375 0.009765625 0.16796875 0.16796875
0 0.90234375 0.46875 0.142578125 0.142578125
0 0.599609375 0.16796875 0.119140625 0.119140625
0 0.69921875 0.931640625 0.11328125 0.11328125
0 0.982421875 0.01171875 0.111328125 0.111328125
0 0.04296875 0.99609375 0.107421875 0.107421875
0 0.841796875 0.751953125 0.103515625 0.103515625
0 0.1953125 0.0546875 0.087890625 0.087890625
0 0.462890625 0.64453125 0.08203125 0.08203125
0 0.169921875 0.5390625 0.072265625 0.072265625
0 0.5859375 0.69140625 0.06640625 0.06640625
0 0.822265625 0.357421875 0.064453125 0.064453125
0 0.080078125 0.470703125 0.056640625 0.056640625
0 0.8359375 0.51953125 0.0546875 0.0546875
0 0.294921875 0.76171875 0.052734375 0.052734375
0 0.125 0.07421875 0.05078125 0.05078125
0 0.349609375 0.064453125 0.046875 0.046875
0 0.3125 0.064453125 0.046875 0.046875
0 0.65234375 0.546875 0.044921875 0.044921875
0 0.705078125 0.640625 0.044921875 0.044921875
0 0.017578125 0.447265625 0.044921875 0.044921875
0 0.6640625 0.103515625 0.0390625 0.0390625
0 0.51953125 0.974609375 0.0390625 0.0390625
0 0.94140625 0.337890625 0.0390625 0.0390625
0 0.66796875 0.474609375 0.037109375 0.037109375
0 0.76953125 0.455078125 0.037109375 0.037109375
0 0.001953125 0.85546875 0.037109375 0.037109375
0 0.98046875 0.23828125 0.037109375 0.037109375
0 0.1953125 0.146484375 0.03515625 0.03515625
0 0.92578125 0.490234375 0.03515625 0.03515625
0 0.318359375 0.23046875 0.033203125 0.033203125
0 0.1328125 0.4453125 0.033203125 0.033203125
0 0.185546875 0.51171875 0.03125 0.03125
0 0.126953125 0.037109375 0.03125 0.03125
0 0.45703125 0.984375 0.03125 0.03125
0 0.44921875 0.408203125 0.03125 0.03125
0 0.025390625 0.380859375 0.029296875 0.029296875
0 0.0078125 0.470703125 0.029296875 0.029296875
0 0.115234375 0.24609375 0.029296875 0.029296875
0 0.669921875 0.73046875 0.02734375 0.02734375
0 0.349609375 0.029296875 0.02734375 0.02734375
0 0.537109375 0.49609375 0.02734375 0.02734375
0 0.935546875 0.091796875 0.025390625 0.025390625
