0 0.892578125 0.599609375 0.21875 0.21875
0 0.990234375 0.244140625 0.212890625 0.212890625
0 0.06640625 0.990234375 0.20703125 0.20703125
0 0.265625 0.73046875 0.158203125 0.158203125
0 0.521484375 0.830078125 0.09765625 0.09765625
0 0.23046875 0.599609375 0.091796875 0.091796875
0 0.71484375 0.7265625 0.087890625 0.087890625
0 0.005859375 0.234375 0.0859375 0.0859375
0 0.00390625 0.88671875 0.0859375 0.0859375
0 0.76171875 0.064453125 0.072265625 0.072265625
0 0.400390625 0.451171875 0.072265625 0.072265625
0 0.916015625 0.7734375 0.072265625 0.072265625
0 0.642578125 0.115234375 0.072265625 0.072265625
0 0.697265625 0.236328125 0.072265625 0.072265625
0 0.595703125 0.23828125 0.0703125 0.0703125
0 0.966796875 0.451171875 0.0703125 0.0703125
0 0.853515625 0.904296875 0.06640625 0.06640625
0 0.751953125 0.931640625 0.064453125 0.064453125
0 0.3515625 0.25390625 0.060546875 0.060546875
0 0.732421875 0.80859375 0.05859375 0.05859375
0 0.509765625 0.47265625 0.052734375 0.052734375
0 0.65234375 0.875 0.052734375 0.052734375
0 0.638671875 0.15234375 0.048828125 0.048828125
0 0.625 0.962890625 0.046875 0.046875
0 0.341796875 0.40234375 0.03515625 0.03515625
0 0.4609375 0.248046875 0.033203125 0.033203125
0 0.423828125 0.310546875 0.03125 0.03125
0 0.216796875 0.169921875 0.03125 0.03125
0 0.4921875 0.517578125 0.03125 0.03125
0 0.830078125 0.00390625 0.029296875 0.029296875
0 0.130859375 0.169921875 0.029296875 0.029296875
0 0.587890625 0.427734375 0.029296875 0.029296875
0 0.8515625 0.29296875 0.029296875 0.029296875
0 0.14453125 0.607421875 0.029296875 0.029296875
0 0.080078125 0.73828125 0.02734375 0.02734375
0 0.59765625 0.61328125 0.02734375 0.02734375
0 0.365234375 0.697265625 0.02734375 0.02734375
0 0.453125 0.759765625 0.025390625 0.025390625
