0 0.791015625 0.896484375 0.162109375 0.162109375
0 0.14453125 0.484375 0.12890625 0.12890625
0 0.7578125 0.212890625 0.119140625 0.119140625
0 0.705078125 0.181640625 0.103515625 0.103515625
0 0.02734375 0.138671875 0.09375 0.09375
0 0.380859375 0.755859375 0.08984375 0.08984375
0 0.10546875 0.87890625 0.087890625 0.087890625
0 0.36328125 0.91796875 0.083984375 0.083984375
0 0.068359375 0.46875 0.078125 0.078125
0 0.94140625 0.900390625 0.078125 0.078125
0 0.740234375 0.888671875 0.07421875 0.07421875
0 0.291015625 0.890625 0.068359375 0.068359375
0 0.892578125 0.84765625 0.06640625 0.06640625
0 0.658203125 0.529296875 0.0625 0.0625
0 0.349609375 0.6328125 0.060546875 0.060546875
0 0.75390625 0.53515625 0.060546875 0.060546875
0 0.548828125 0.244140625 0.060546875 0.060546875
0 0.994140625 0.857421875 0.05859375 0.05859375
0 0.701171875 0.98828125 0.056640625 0.056640625
0 0.71484375 0.728515625 0.0546875 0.0546875
0 0.83203125 0.74609375 0.052734375 0.052734375
0 0.208984375 0.5 0.052734375 0.052734375
0 0.9140625 0.283203125 0.052734375 0.052734375
0 0.296875 0.607421875 0.048828125 0.048828125
0 0.890625 0.43359375 0.046875 0.046875
0 0.5078125 0.8671875 0.046875 0.046875
0 0.916015625 0.76171875 0.044921875 0.044921875
0 0.271484375 0.634765625 0.04296875 0.04296875
0 0.982421875 0.763671875 0.04296875 0.04296875
0 0.88671875 0.34375 0.04296875 0.04296875
0 0.09765625 0.3671875 0.041015625 0.041015625
0 0.765625 0.05078125 0.041015625 0.041015625
0 0.5859375 0.361328125 0.041015625 0.041015625
0 0.166015625 0.099609375 0.0390625 0.0390625
0 0.056640625 0.111328125 0.03515625 0.03515625
0 0.357421875 0.63671875 0.03515625 0.03515625
0 0.185546875 0.78125 0.03515625 0.03515625
0 0.130859375 0.5703125 0.03515625 0.03515625
0 0.705078125 0.716796875 0.033203125 0.033203125
0 0.126953125 0.533203125 0.03125 0.03125
0 0.2734375 0.71484375 0.03125 0.03125
0 0.658203125 0.982421875 0.029296875 0.029296875
0 0.283203125 0.8828125 0.029296875 0.029296875
0 0.548828125 0.03125 0.02734375 0.02734375
0 0.787109375 0.59765625 0.025390625 0.025390625
0 0.8984375 0.681640625 0.025390625 0.025390625
0 0.04296875 0.60546875 0.025390625 0.025390625
