0 0.564453125 0.86328125 0.134765625 0.134765625
0 0.0 0.12109375 0.091796875 0.091796875
0 0.853515625 0.3671875 0.08203125 0.08203125
0 0.9453125 0.744140625 0.07421875 0.07421875
0 0.56640625 0.681640625 0.07421875 0.07421875
0 0.91796875 0.259765625 0.0703125 0.0703125
0 0.05078125 0.060546875 0.0625 0.0625
0 0.060546875 0.8984375 0.05859375 0.05859375
0 0.826171875 0.875 0.056640625 0.056640625
0 0.72265625 0.193359375 0.05078125 0.05078125
0 0.689453125 0.041015625 0.044921875 0.044921875
0 0.787109375 0.09375 0.04296875 0.04296875
0 0.890625 0.42578125 0.041015625 0.041015625
0 0.25 0.076171875 0.033203125 0.033203125
0 0.658203125 0.62109375 0.03125 0.03125
0 0.224609375 0.380859375 0.029296875 0.029296875
0 0.63671875 0.84375 0.02734375 0.02734375
0 0.416015625 0.0703125 0.025390625 0.025390625
0 0.720703125 0.0703125 0.025390625 0.025390625
0 0.556640625 0.478515625 0.025390625 0.025390625
