0 0.41796875 0.67578125 0.208984375 0.208984375
0 0.982421875 0.416015625 0.193359375 0.193359375
0 0.21484375 0.65234375 0.18359375 0.18359375
0 0.658203125 0.0625 0.107421875 0.107421875
0 0.26171875 0.017578125 0.10546875 0.10546875
0 0.78125 0.52734375 0.09375 0.09375
0 0.021484375 0.30078125 0.083984375 0.083984375
0 0.51171875 0.125 0.083984375 0.083984375
0 0.66796875 0.771484375 0.080078125 0.080078125
0 0.46484375 0.79296875 0.080078125 0.080078125
0 0.193359375 0.765625 0.080078125 0.080078125
0 0.03125 0.16015625 0.076171875 0.076171875
0 0.19140625 0.48828125 0.064453125 0.064453125
0 0.900390625 0.80078125 0.0625 0.0625
0 0.470703125 0.216796875 0.05859375 0.05859375
0 0.548828125 0.66796875 0.056640625 0.056640625
0 0.251953125 0.357421875 0.048828125 0.048828125
0 0.556640625 0.44921875 0.04296875 0.04296875
0 0.458984375 0.369140625 0.041015625 0.041015625
0 0.568359375 0.591796875 0.037109375 0.037109375
0 0.638671875 0.12890625 0.03515625 0.03515625
0 0.8828125 0.96484375 0.03515625 0.03515625
0 0.49609375 0.962890625 0.03515625 0.03515625
0 0.87890625 0.158203125 0.033203125 0.033203125
0 0.478515625 0.984375 0.033203125 0.033203125
0 0.32421875 0.208984375 0.03125 0.03125
0 0.6796875 0.36328125 0.02734375 0.02734375
0 0.71875 0.388671875 0.02734375 0.02734375
0 0.029296875 0.603515625 0.02734375 0.02734375
0 0.0703125 0.763671875 0.02734375 0.02734375
0 0.8984375 0.8359375 0.02734375 0.02734375
0 0.154296875 0.482421875 0.025390625 0.025390625
