0 0.548828125 0.17578125 0.162109375 0.162109375
0 0.0234375 0.43359375 0.1484375 0.1484375
0 0.740234375 0.302734375 0.146484375 0.146484375
0 0.669921875 0.080078125 0.138671875 0.138671875
0 0.0546875 0.904296875 0.123046875 0.123046875
0 0.1796875 0.982421875 0.10546875 0.10546875
0 0.048828125 0.802734375 0.103515625 0.103515625
0 0.84375 0.076171875 0.09765625 0.09765625
0 0.775390625 0.4609375 0.08984375 0.08984375
0 0.90625 0.736328125 0.08984375 0.08984375
0 0.810546875 0.271484375 0.080078125 0.080078125
0 0.431640625 0.31640625 0.068359375 0.068359375
0 0.609375 0.33203125 0.064453125 0.064453125
0 0.384765625 0.26171875 0.0625 0.0625
0 0.90234375 0.419921875 0.0625 0.0625
0 0.13671875 0.181640625 0.0625 0.0625
0 0.162109375 0.87109375 0.060546875 0.060546875
0 0.037109375 0.30859375 0.05859375 0.05859375
0 0.9375 0.349609375 0.0546875 0.0546875
0 0.21875 0.794921875 0.0546875 0.0546875
0 0.234375 0.904296875 0.052734375 0.052734375
0 0.150390625 0.921875 0.05078125 0.05078125
0 0.8671875 0.7265625 0.048828125 0.048828125
0 0.439453125 0.677734375 0.048828125 0.048828125
0 0.138671875 0.818359375 0.046875 0.046875
0 0.94140625 0.162109375 0.046875 0.046875
0 0.578125 0.390625 0.044921875 0.044921875
0 0.556640625 0.775390625 0.044921875 0.044921875
0 0.509765625 0.935546875 0.04296875 0.04296875
0 0.34765625 0.955078125 0.041015625 0.041015625
0 0.140625 0.51953125 0.041015625 0.041015625
0 0.46484375 0.49609375 0.037109375 0.037109375
0 0.203125 0.728515625 0.037109375 0.037109375
0 0.33984375 0.31640625 0.037109375 0.037109375
0 0.951171875 0.69140625 0.037109375 0.037109375
0 0.3125 0.0625 0.03515625 0.03515625
0 0.8515625 0.046875 0.033203125 0.033203125
0 0.419921875 0.42578125 0.033203125 0.033203125
0 0.365234375 0.349609375 0.03125 0.03125
0 0.015625 0.734375 0.029296875 0.029296875
0 0.052734375 0.21875 0.029296875 0.029296875
0 0.306640625 0.640625 0.029296875 0.029296875
0 0.228515625 0.541015625 0.029296875 0.029296875
0 0.423828125 0.275390625 0.02734375 0.02734375
0 0.181640625 0.8125 0.02734375 0.02734375
0 0.24609375 0.640625 0.02734375 0.02734375
0 0.734375 0.373046875 0.02734375 0.02734375
0 0.123046875 0.705078125 0.02734375 0.02734375
0 0.080078125 0.125 0.02734375 0.02734375
0 0.30859375 0.876953125 0.025390625 0.025390625
0 0.5390625 0.767578125 0.025390625 0.025390625
0 0.078125 0.005859375 0.025390625 0.025390625
0 0.125 0.048828125 0.025390625 0.025390625
0 0.474609375 0.76953125 0.025390625 0.025390625
