0 0.18359375 0.890625 0.59765625 0.59765625
0 0.75 0.431640625 0.494140625 0.494140625
0 0.80859375 0.548828125 0.232421875 0.232421875
0 0.822265625 0.59375 0.19921875 0.19921875
0 0.02734375 0.09765625 0.15234375 0.15234375
0 0.921875 0.30859375 0.14453125 0.14453125
0 0.904296875 0.396484375 0.1015625 0.1015625
0 0.478515625 0.09765625 0.091796875 0.091796875
0 0.5234375 0.095703125 0.08984375 0.08984375
0 0.51171875 0.90625 0.083984375 0.083984375
0 0.0234375 0.18359375 0.08203125 0.08203125
0 0.4609375 0.29296875 0.080078125 0.080078125
0 0.5078125 0.884765625 0.07421875 0.07421875
0 0.31640625 0.0703125 0.07421875 0.07421875
0 0.3203125 0.302734375 0.0703125 0.0703125
0 0.09375 0.46875 0.06640625 0.06640625
0 0.0703125 0.990234375 0.064453125 0.064453125
0 0.76953125 0.830078125 0.0625 0.0625
0 0.052734375 0.880859375 0.05859375 0.05859375
0 0.830078125 0.970703125 0.056640625 0.056640625
0 0.015625 0.05078125 0.056640625 0.056640625
0 0.48828125 0.15625 0.0546875 0.0546875
0 0.8203125 0.05859375 0.0546875 0.0546875
0 0.9609375 0.087890625 0.05078125 0.05078125
0 0.55078125 0.849609375 0.05078125 0.05078125
0 0.017578125 0.56640625 0.05078125 0.05078125
0 0.4921875 0.353515625 0.048828125 0.048828125
0 0.109375 0.552734375 0.046875 0.046875
0 0.345703125 0.255859375 0.044921875 0.044921875
0 0.533203125 0.49609375 0.044921875 0.044921875
0 0.587890625 0.384765625 0.044921875 0.044921875
0 0.05859375 0.65625 0.04296875 0.04296875
0 0.53125 0.708984375 0.04296875 0.04296875
0 0.486328125 0.962890625 0.041015625 0.041015625
0 0.638671875 0.208984375 0.041015625 0.041015625
0 0.1171875 0.474609375 0.0390625 0.0390625
0 0.404296875 0.765625 0.0390625 0.0390625
0 0.744140625 0.21875 0.0390625 0.0390625
0 0.669921875 0.244140625 0.03515625 0.03515625
0 0.86328125 0.38671875 0.03515625 0.03515625
0 0.1875 0.107421875 0.033203125 0.033203125
0 0.48828125 0.26171875 0.033203125 0.033203125
0 0.263671875 0.76953125 0.03125 0.03125
0 0.55078125 0.98828125 0.029296875 0.029296875
0 0.33984375 0.708984375 0.025390625 0.025390625
0 0.642578125 0.84765625 0.025390625 0.025390625
