0 0.38671875 0.54296875 0.24609375 0.24609375
0 0.982421875 0.982421875 0.19140625 0.19140625
0 0.455078125 0.92578125 0.1875 0.1875
0 0.33203125 0.435546875 0.18359375 0.18359375
0 0.533203125 0.228515625 0.142578125 0.142578125
0 0.287109375 0.08984375 0.130859375 0.130859375
0 0.5078125 0.033203125 0.130859375 0.130859375
0 0.591796875 0.607421875 0.126953125 0.126953125
0 0.09765625 0.177734375 0.1171875 0.1171875
0 0.4765625 0.86328125 0.10546875 0.10546875
0 0.255859375 0.953125 0.09375 0.09375
0 0.521484375 0.15234375 0.087890625 0.087890625
0 0.728515625 0.189453125 0.0859375 0.0859375
0 0.84375 0.685546875 0.083984375 0.083984375
0 0.095703125 0.36328125 0.080078125 0.080078125
0 0.6875 0.88671875 0.076171875 0.076171875
0 0.171875 0.841796875 0.068359375 0.068359375
0 0.166015625 0.548828125 0.0625 0.0625
0 0.095703125 0.71484375 0.060546875 0.060546875
0 0.005859375 0.5859375 0.056640625 0.056640625
0 0.982421875 0.24609375 0.05078125 0.05078125
0 0.439453125 0.1640625 0.05078125 0.05078125
0 0.58203125 0.294921875 0.046875 0.046875
0 0.669921875 0.57421875 0.041015625 0.041015625
0 0.240234375 0.21875 0.041015625 0.041015625
0 0.4765625 0.46484375 0.0390625 0.0390625
0 0.068359375 0.26171875 0.033203125 0.033203125
0 0.9140625 0.193359375 0.029296875 0.029296875
0 0.701171875 0.494140625 0.029296875 0.029296875
0 0.08203125 0.283203125 0.029296875 0.029296875
0 0.162109375 0.599609375 0.02734375 0.02734375
0 0.6328125 0.884765625 0.025390625 0.025390625
0 0.78515625 0.583984375 0.025390625 0.025390625
