0 0.53515625 0.341796875 0.408203125 0.408203125
0 0.0625 0.01171875 0.154296875 0.154296875
0 0.14453125 0.4765625 0.107421875 0.107421875
0 0.20703125 0.224609375 0.091796875 0.091796875
0 0.90625 0.28125 0.08984375 0.08984375
0 0.453125 0.87890625 0.06640625 0.06640625
0 0.27734375 0.43359375 0.060546875 0.060546875
0 0.212890625 0.50390625 0.04296875 0.04296875
0 0.953125 0.47265625 0.041015625 0.041015625
0 0.7421875 0.728515625 0.033203125 0.033203125
0 0.744140625 0.669921875 0.03125 0.03125
0 0.796875 0.521484375 0.02734375 0.02734375
0 0.853515625 0.943359375 0.02734375 0.02734375
0 0.53515625 0.90234375 0.02734375 0.02734375
