0 0.013671875 0.1015625 0.28125 0.28125
0 0.83984375 0.03125 0.220703125 0.220703125
0 0.1640625 0.984375 0.171875 0.171875
0 0.5078125 0.849609375 0.166015625 0.166015625
0 0.5234375 0.41015625 0.146484375 0.146484375
0 0.099609375 0.412109375 0.140625 0.140625
0 0.5078125 0.947265625 0.126953125 0.126953125
0 0.0546875 0.2734375 0.126953125 0.126953125
0 0.673828125 0.466796875 0.109375 0.109375
0 0.46484375 0.083984375 0.107421875 0.107421875
0 0.232421875 0.59375 0.09765625 0.09765625
0 0.91015625 0.400390625 0.091796875 0.091796875
0 0.5859375 0.138671875 0.08203125 0.08203125
0 0.755859375 0.154296875 0.072265625 0.072265625
0 0.716796875 0.392578125 0.0703125 0.0703125
0 0.7578125 0.353515625 0.06640625 0.06640625
0 0.947265625 0.140625 0.064453125 0.064453125
0 0.919921875 0.25 0.064453125 0.064453125
0 0.931640625 0.4296875 0.0625 0.0625
0 0.859375 0.4609375 0.060546875 0.060546875
0 0.173828125 0.134765625 0.05859375 0.05859375
0 0.75390625 0.951171875 0.05859375 0.05859375
0 0.580078125 0.953125 0.05859375 0.05859375
0 0.064453125 0.6796875 0.0546875 0.0546875
0 0.9765625 0.734375 0.05078125 0.05078125
0 0.416015625 0.296875 0.048828125 0.048828125
0 0.0078125 0.43359375 0.048828125 0.048828125
0 0.060546875 0.91015625 0.046875 0.046875
0 0.291015625 0.9765625 0.046875 0.046875
0 0.107421875 0.833984375 0.04296875 0.04296875
0 0.298828125 0.8671875 0.04296875 0.04296875
0 0.845703125 0.892578125 0.041015625 0.041015625
0 0.171875 0.046875 0.041015625 0.041015625
0 0.994140625 0.361328125 0.041015625 0.041015625
0 0.095703125 0.564453125 0.0390625 0.0390625
0 0.443359375 0.83984375 0.0390625 0.0390625
0 0.478515625 0.79296875 0.0390625 0.0390625
0 0.00390625 0.0625 0.037109375 0.037109375
0 0.94140625 0.638671875 0.037109375 0.037109375
0 0.158203125 0.845703125 0.037109375 0.037109375
0 0.98046875 0.6484375 0.03515625 0.03515625
0 0.71484375 0.7265625 0.033203125 0.033203125
0 0.2734375 0.640625 0.033203125 0.033203125
0 0.904296875 0.69921875 0.033203125 0.033203125
0 0.275390625 0.248046875 0.03125 0.03125
0 0.73046875 0.60546875 0.03125 0.03125
0 0.2890625 0.294921875 0.03125 0.03125
0 0.6328125 0.451171875 0.03125 0.03125
0 0.990234375 0.794921875 0.03125 0.03125
0 0.958984375 0.369140625 0.029296875 0.029296875
0 0.49609375 0.27734375 0.029296875 0.029296875
0 0.490234375 0.140625 0.029296875 0.029296875
0 0.154296875 0.126953125 0.029296875 0.029296875
0 0.427734375 0.9609375 0.02734375 0.02734375
0 0.091796875 0.01171875 0.02734375 0.02734375
0 0.66796875 0.80859375 0.02734375 0.02734375
0 0.61328125 0.29296875 0.02734375 0.02734375
0 0.267578125 0.361328125 0.02734375 0.02734375
0 0.462890625 0.6328125 0.025390625 0.025390625
0 0.55859375 0.724609375 0.025390625 0.025390625
0 0.9609375 0.216796875 0.025390625 0.025390625
0 0.576171875 0.83984375 0.025390625 0.025390625
0 0.1953125 0.63671875 0.025390625 0.025390625
