0 0.4609375 0.076171875 0.251953125 0.251953125
0 0.328125 0.369140625 0.21875 0.21875
0 0.53125 0.748046875 0.13671875 0.13671875
0 0.10546875 0.1796875 0.12890625 0.12890625
0 0.75390625 0.396484375 0.115234375 0.115234375
0 0.138671875 0.109375 0.11328125 0.11328125
0 0.138671875 0.609375 0.107421875 0.107421875
0 0.318359375 0.54296875 0.10546875 0.10546875
0 0.0546875 0.318359375 0.103515625 0.103515625
0 0.330078125 0.208984375 0.099609375 0.099609375
0 0.3046875 0.06640625 0.09765625 0.09765625
0 0.748046875 0.828125 0.095703125 0.095703125
0 0.66796875 0.359375 0.076171875 0.076171875
0 0.505859375 0.37109375 0.07421875 0.07421875
0 0.27734375 0.017578125 0.0703125 0.0703125
0 0.1484375 0.564453125 0.068359375 0.068359375
0 0.62109375 0.369140625 0.064453125 0.064453125
0 0.021484375 0.1640625 0.0625 0.0625
0 0.05078125 0.6484375 0.05859375 0.05859375
0 0.169921875 0.265625 0.056640625 0.056640625
0 0.421875 0.96875 0.052734375 0.052734375
0 0.029296875 0.5078125 0.05078125 0.05078125
0 0.939453125 0.115234375 0.048828125 0.048828125
0 0.80859375 0.150390625 0.046875 0.046875
0 0.13671875 0.984375 0.044921875 0.044921875
0 0.8203125 0.556640625 0.044921875 0.044921875
0 0.66015625 0.767578125 0.044921875 0.044921875
0 0.11328125 0.84765625 0.04296875 0.04296875
0 0.859375 0.37109375 0.04296875 0.04296875
0 0.6953125 0.826171875 0.041015625 0.041015625
0 0.15625 0.634765625 0.041015625 0.041015625
0 0.63671875 0.384765625 0.0390625 0.0390625
0 0.189453125 0.923828125 0.0390625 0.0390625
0 0.783203125 0.697265625 0.0390625 0.0390625
0 0.8671875 0.3203125 0.037109375 0.037109375
0 0.740234375 0.490234375 0.037109375 0.037109375
0 0.333984375 0.61328125 0.03515625 0.03515625
0 0.921875 0.55078125 0.03515625 0.03515625
0 0.984375 0.41796875 0.03515625 0.03515625
0 0.376953125 0.421875 0.033203125 0.033203125
0 0.056640625 0.78125 0.033203125 0.033203125
0 0.5546875 0.994140625 0.033203125 0.033203125
0 0.693359375 0.451171875 0.03125 0.03125
0 0.611328125 0.759765625 0.03125 0.03125
0 0.185546875 0.38671875 0.02734375 0.02734375
0 0.201171875 0.44140625 0.025390625 0.025390625
0 0.154296875 0.35546875 0.025390625 0.025390625
0 0.5078125 0.2265625 0.025390625 0.025390625
