0 0.779296875 0.6953125 0.162109375 0.162109375
0 0.66015625 0.568359375 0.12109375 0.12109375
0 0.1875 0.18359375 0.119140625 0.119140625
0 0.232421875 0.98046875 0.099609375 0.099609375
0 0.2578125 0.263671875 0.083984375 0.083984375
0 0.283203125 0.205078125 0.08203125 0.08203125
0 0.125 0.17578125 0.076171875 0.076171875
0 0.11328125 0.328125 0.076171875 0.076171875
0 0.201171875 0.4921875 0.072265625 0.072265625
0 0.77734375 0.90625 0.0703125 0.0703125
0 0.615234375 0.46875 0.068359375 0.068359375
0 0.38671875 0.529296875 0.05859375 0.05859375
0 0.109375 0.94140625 0.056640625 0.056640625
0 0.34375 0.810546875 0.056640625 0.056640625
0 0.0078125 0.439453125 0.0546875 0.0546875
0 0.818359375 0.265625 0.052734375 0.052734375
0 0.376953125 0.32421875 0.048828125 0.048828125
0 0.0078125 0.5703125 0.048828125 0.048828125
0 0.99609375 0.96484375 0.048828125 0.048828125
0 0.099609375 0.353515625 0.046875 0.046875
0 0.673828125 0.7578125 0.044921875 0.044921875
0 0.419921875 0.875 0.04296875 0.04296875
0 0.705078125 0.9453125 0.041015625 0.041015625
0 0.560546875 0.716796875 0.041015625 0.041015625
0 0.34765625 0.462890625 0.0390625 0.0390625
0 0.244140625 0.8125 0.0390625 0.0390625
0 0.376953125 0.3359375 0.037109375 0.037109375
0 0.962890625 0.22265625 0.037109375 0.037109375
0 0.177734375 0.81640625 0.037109375 0.037109375
0 0.615234375 0.40234375 0.037109375 0.037109375
0 0.564453125 0.54296875 0.03515625 0.03515625
0 0.478515625 0.19921875 0.03515625 0.03515625
0 0.66015625 0.412109375 0.033203125 0.033203125
0 0.92578125 0.392578125 0.03125 0.03125
0 0.955078125 0.931640625 0.029296875 0.029296875
0 0.845703125 0.12890625 0.02734375 0.02734375
0 0.189453125 0.17578125 0.02734375 0.02734375
0 0.4453125 0.876953125 0.02734375 0.02734375
0 0.71875 0.068359375 0.025390625 0.025390625
0 0.91015625 0.8203125 0.025390625 0.025390625
