0 0.083984375 0.74609375 0.12890625 0.12890625
0 0.103515625 0.255859375 0.115234375 0.115234375
0 0.009765625 0.298828125 0.078125 0.078125
0 0.83203125 0.021484375 0.07421875 0.07421875
0 0.646484375 0.662109375 0.07421875 0.07421875
0 0.19921875 0.328125 0.0703125 0.0703125
0 0.6953125 0.435546875 0.06640625 0.06640625
0 0.07421875 0.1484375 0.064453125 0.064453125
0 0.544921875 0.8046875 0.064453125 0.064453125
0 0.1328125 0.783203125 0.060546875 0.060546875
0 0.021484375 0.74609375 0.05859375 0.05859375
0 0.9296875 0.802734375 0.05859375 0.05859375
0 0.275390625 0.572265625 0.056640625 0.056640625
0 0.146484375 0.52734375 0.05078125 0.05078125
0 0.015625 0.208984375 0.048828125 0.048828125
0 0.5234375 0.4375 0.048828125 0.048828125
0 0.8046875 0.9296875 0.044921875 0.044921875
0 0.375 0.10546875 0.041015625 0.041015625
0 0.8046875 0.48046875 0.041015625 0.041015625
0 0.84375 0.771484375 0.041015625 0.041015625
0 0.587890625 0.873046875 0.0390625 0.0390625
0 0.515625 0.470703125 0.037109375 0.037109375
0 0.9609375 0.89453125 0.037109375 0.037109375
0 0.080078125 0.798828125 0.033203125 0.033203125
0 0.39453125 0.77734375 0.033203125 0.033203125
0 0.94140625 0.6171875 0.033203125 0.033203125
0 0.328125 0.6171875 0.03125 0.03125
0 0.08203125 0.634765625 0.029296875 0.029296875
0 0.837890625 0.662109375 0.029296875 0.029296875
0 0.173828125 0.71875 0.029296875 0.029296875
0 0.357421875 0.431640625 0.029296875 0.029296875
0 0.310546875 0.634765625 0.02734375 0.02734375
0 0.705078125 0.595703125 0.02734375 0.02734375
0 0.630859375 0.138671875 0.02734375 0.02734375
0 0.85546875 0.1953125 0.025390625 0.025390625
0 0.98046875 0.826171875 0.025390625 0.025390625
0 0.748046875 0.943359375 0.025390625 0.025390625
0 0.12109375 0.173828125 0.025390625 0.025390625
