0 0.1171875 0.791015625 0.318359375 0.318359375
0 0.080078125 0.587890625 0.115234375 0.115234375
0 0.189453125 0.5859375 0.091796875 0.091796875
0 0.0546875 0.25 0.0625 0.0625
0 0.12109375 0.708984375 0.05859375 0.05859375
0 0.14453125 0.77734375 0.056640625 0.056640625
0 0.142578125 0.478515625 0.048828125 0.048828125
0 0.1953125 0.900390625 0.044921875 0.044921875
0 0.10546875 0.490234375 0.044921875 0.044921875
0 0.060546875 0.845703125 0.029296875 0.029296875
0 0.0078125 0.9609375 0.02734375 0.02734375
0 0.517578125 0.576171875 0.068359375 0.068359375
0 0.76171875 0.435546875 0.060546875 0.060546875
0 0.6328125 0.5546875 0.060546875 0.060546875
0 0.630859375 0.30859375 0.05859375 0.05859375
0 0.875 0.353515625 0.052734375 0.052734375
0 0.6484375 0.68359375 0.052734375 0.052734375
0 0.546875 0.18359375 0.05078125 0.05078125
0 0.953125 0.6953125 0.046875 0.046875
0 0.51953125 0.751953125 0.04296875 0.04296875
0 0.927734375 0.548828125 0.0390625 0.0390625
0 0.626953125 0.1328125 0.037109375 0.037109375
0 0.3359375 0.4296875 0.033203125 0.033203125
0 0.806640625 0.490234375 0.03125 0.03125
0 0.60546875 0.5078125 0.03125 0.03125
0 0.41796875 0.46484375 0.03125 0.03125
0 0.390625 0.87109375 0.03125 0.03125
0 0.888671875 0.80859375 0.03125 0.03125
0 0.576171875 0.154296875 0.029296875 0.029296875
0 0.681640625 0.421875 0.02734375 0.02734375
0 0.7109375 0.544921875 0.025390625 0.025390625
