0 0.66015625 0.697265625 0.751953125 0.751953125
0 0.470703125 0.396484375 0.42578125 0.42578125
0 0.697265625 0.875 0.12890625 0.12890625
0 0.20703125 0.6328125 0.103515625 0.103515625
0 0.86328125 0.0078125 0.099609375 0.099609375
0 0.296875 0.150390625 0.091796875 0.091796875
0 0.880859375 0.8984375 0.076171875 0.076171875
0 0.63671875 0.3984375 0.076171875 0.076171875
0 0.73046875 0.21484375 0.076171875 0.076171875
0 0.794921875 0.01953125 0.072265625 0.072265625
0 0.119140625 0.26171875 0.068359375 0.068359375
0 0.8046875 0.96875 0.06640625 0.06640625
0 0.802734375 0.37890625 0.0625 0.0625
0 0.923828125 0.60546875 0.0546875 0.0546875
0 0.107421875 0.724609375 0.048828125 0.048828125
0 0.119140625 0.6875 0.048828125 0.048828125
0 0.08984375 0.76171875 0.046875 0.046875
0 0.544921875 0.375 0.0390625 0.0390625
0 0.8671875 0.494140625 0.03515625 0.03515625
0 0.1328125 0.189453125 0.033203125 0.033203125
0 0.60546875 0.18359375 0.033203125 0.033203125
0 0.203125 0.84765625 0.02734375 0.02734375
