0 0.509765625 0.51171875 0.16796875 0.16796875
0 0.6875 0.0546875 0.1484375 0.1484375
0 0.462890625 0.84765625 0.140625 0.140625
0 0.8203125 0.1796875 0.119140625 0.119140625
0 0.91015625 0.888671875 0.1171875 0.1171875
0 0.0 0.94140625 0.08203125 0.08203125
0 0.51171875 0.173828125 0.078125 0.078125
0 0.130859375 0.517578125 0.0703125 0.0703125
0 0.220703125 0.9921875 0.064453125 0.064453125
0 0.744140625 0.59375 0.064453125 0.064453125
0 0.26953125 0.853515625 0.064453125 0.064453125
0 0.0546875 0.33984375 0.0625 0.0625
0 0.890625 0.41015625 0.060546875 0.060546875
0 0.8046875 0.640625 0.060546875 0.060546875
0 0.29296875 0.73046875 0.060546875 0.060546875
0 0.35546875 0.97265625 0.056640625 0.056640625
0 0.30078125 0.0 0.0546875 0.0546875
0 0.13671875 0.4609375 0.05078125 0.05078125
0 0.75390625 0.64453125 0.048828125 0.048828125
0 0.73828125 0.470703125 0.046875 0.046875
0 0.58203125 0.826171875 0.046875 0.046875
0 0.541015625 0.06640625 0.046875 0.046875
0 0.578125 0.796875 0.044921875 0.044921875
0 0.28515625 0.279296875 0.041015625 0.041015625
0 0.810546875 0.447265625 0.0390625 0.0390625
0 0.958984375 0.53125 0.037109375 0.037109375
0 0.578125 0.708984375 0.037109375 0.037109375
0 0.529296875 0.61328125 0.037109375 0.037109375
0 0.013671875 0.501953125 0.03515625 0.03515625
0 0.216796875 0.75 0.03515625 0.03515625
0 0.072265625 0.400390625 0.033203125 0.033203125
0 0.78125 0.26171875 0.033203125 0.033203125
0 0.40625 0.4375 0.033203125 0.033203125
0 0.06640625 0.01171875 0.03125 0.03125
0 0.63671875 0.923828125 0.03125 0.03125
0 0.5390625 0.9296875 0.029296875 0.029296875
0 0.2265625 0.267578125 0.029296875 0.029296875
0 0.802734375 0.607421875 0.029296875 0.029296875
0 0.869140625 0.53515625 0.02734375 0.02734375
0 0.50390625 0.12109375 0.02734375 0.02734375
0 0.134765625 0.125 0.02734375 0.02734375
0 0.375 0.091796875 0.025390625 0.025390625
0 0.87890625 0.5078125 0.025390625 0.025390625
0 0.76953125 0.96875 0.025390625 0.025390625
0 0.341796875 0.51953125 0.025390625 0.025390625
0 0.255859375 0.255859375 0.025390625 0.025390625
