0 0.861328125 0.771484375 0.271484375 0.271484375
0 0.412109375 0.85546875 0.232421875 0.232421875
0 0.669921875 0.16015625 0.19921875 0.19921875
0 0.994140625 0.546875 0.193359375 0.193359375
0 0.193359375 0.83203125 0.1640625 0.1640625
0 0.390625 0.201171875 0.15625 0.15625
0 0.736328125 0.69140625 0.146484375 0.146484375
0 0.54296875 0.64453125 0.134765625 0.134765625
0 0.359375 0.51171875 0.1328125 0.1328125
0 0.73046875 0.34375 0.12890625 0.12890625
0 0.302734375 0.3671875 0.125 0.125
0 0.65625 0.25 0.12109375 0.12109375
0 0.087890625 0.421875 0.119140625 0.119140625
0 0.125 0.154296875 0.1171875 0.1171875
0 0.134765625 0.333984375 0.09375 0.09375
0 0.28515625 0.966796875 0.08984375 0.08984375
0 0.4375 0.841796875 0.08203125 0.08203125
0 0.966796875 0.087890625 0.078125 0.078125
0 0.015625 0.09375 0.068359375 0.068359375
0 0.908203125 0.9609375 0.0625 0.0625
0 0.546875 0.447265625 0.060546875 0.060546875
0 0.033203125 0.140625 0.0546875 0.0546875
0 0.853515625 0.6796875 0.052734375 0.052734375
0 0.759765625 0.279296875 0.052734375 0.052734375
0 0.41796875 0.046875 0.052734375 0.052734375
0 0.240234375 0.7890625 0.048828125 0.048828125
0 0.833984375 0.412109375 0.048828125 0.048828125
0 0.919921875 0.626953125 0.048828125 0.048828125
0 0.6640625 0.841796875 0.046875 0.046875
0 0.4140625 0.51953125 0.046875 0.046875
0 0.9453125 0.912109375 0.04296875 0.04296875
0 0.849609375 0.63671875 0.037109375 0.037109375
0 0.83203125 0.279296875 0.037109375 0.037109375
0 0.1015625 0.0703125 0.037109375 0.037109375
0 0.978515625 0.021484375 0.037109375 0.037109375
0 0.541015625 0.099609375 0.029296875 0.029296875
0 0.845703125 0.9609375 0.02734375 0.02734375
0 0.888671875 0.169921875 0.02734375 0.02734375
0 0.47265625 0.919921875 0.025390625 0.025390625
0 0.900390625 0.796875 0.025390625 0.025390625
0 0.966796875 0.775390625 0.025390625 0.025390625
0 0.0078125 0.513671875 0.025390625 0.025390625
0 0.546875 0.87109375 0.025390625 0.025390625
