0 0.556640625 0.927734375 0.17578125 0.17578125
0 0.189453125 0.1015625 0.162109375 0.162109375
0 0.181640625 0.603515625 0.158203125 0.158203125
0 0.31640625 0.2890625 0.125 0.125
0 0.75390625 0.3046875 0.123046875 0.123046875
0 0.408203125 0.3359375 0.10546875 0.10546875
0 0.25 0.38671875 0.099609375 0.099609375
0 0.02734375 0.5703125 0.09765625 0.09765625
0 0.44921875 0.9375 0.0859375 0.0859375
0 0.916015625 0.982421875 0.064453125 0.064453125
0 0.16015625 0.783203125 0.060546875 0.060546875
0 0.521484375 0.59375 0.0546875 0.0546875
0 0.265625 0.919921875 0.052734375 0.052734375
0 0.771484375 0.705078125 0.05078125 0.05078125
0 0.33203125 0.73046875 0.048828125 0.048828125
0 0.740234375 0.2109375 0.044921875 0.044921875
0 0.498046875 0.150390625 0.044921875 0.044921875
0 0.265625 0.796875 0.04296875 0.04296875
0 0.669921875 0.939453125 0.04296875 0.04296875
0 0.51171875 0.564453125 0.04296875 0.04296875
0 0.486328125 0.416015625 0.0390625 0.0390625
0 0.119140625 0.29296875 0.0390625 0.0390625
0 0.630859375 0.5546875 0.0390625 0.0390625
0 0.654296875 0.97265625 0.037109375 0.037109375
0 0.359375 0.84765625 0.037109375 0.037109375
0 0.9296875 0.93359375 0.03515625 0.03515625
0 0.3203125 0.923828125 0.03515625 0.03515625
0 0.85546875 0.796875 0.03125 0.03125
0 0.916015625 0.2109375 0.029296875 0.029296875
0 0.6640625 0.890625 0.029296875 0.029296875
