0 0.578125 0.529296875 0.2421875 0.2421875
0 0.48046875 0.07421875 0.197265625 0.197265625
0 0.099609375 0.8984375 0.189453125 0.189453125
0 0.951171875 0.181640625 0.125 0.125
0 0.19921875 0.7890625 0.1171875 0.1171875
0 0.052734375 0.970703125 0.111328125 0.111328125
0 0.263671875 0.125 0.103515625 0.103515625
0 0.3046875 0.953125 0.103515625 0.103515625
0 0.36328125 0.72265625 0.099609375 0.099609375
0 0.05859375 0.1796875 0.099609375 0.099609375
0 0.392578125 0.294921875 0.095703125 0.095703125
0 0.451171875 0.51953125 0.09375 0.09375
0 0.78125 0.818359375 0.08984375 0.08984375
0 0.1171875 0.3984375 0.07421875 0.07421875
0 0.337890625 0.140625 0.07421875 0.07421875
0 0.9296875 0.97265625 0.0703125 0.0703125
0 0.08203125 0.32421875 0.068359375 0.068359375
0 0.220703125 0.61328125 0.064453125 0.064453125
0 0.853515625 0.7421875 0.060546875 0.060546875
0 0.86328125 0.765625 0.05859375 0.05859375
0 0.412109375 0.54296875 0.056640625 0.056640625
0 0.271484375 0.642578125 0.0546875 0.0546875
0 0.01953125 0.73046875 0.0546875 0.0546875
0 0.572265625 0.115234375 0.05078125 0.05078125
0 0.7421875 0.75 0.048828125 0.048828125
0 0.314453125 0.49609375 0.044921875 0.044921875
0 0.44921875 0.9140625 0.044921875 0.044921875
0 0.7578125 0.87109375 0.04296875 0.04296875
0 0.501953125 0.515625 0.04296875 0.04296875
0 0.298828125 0.4140625 0.04296875 0.04296875
0 0.87109375 0.375 0.041015625 0.041015625
0 0.833984375 0.873046875 0.041015625 0.041015625
0 0.568359375 0.892578125 0.041015625 0.041015625
0 0.666015625 0.625 0.0390625 0.0390625
0 0.744140625 0.720703125 0.0390625 0.0390625
0 0.1171875 0.501953125 0.0390625 0.0390625
0 0.6484375 0.17578125 0.037109375 0.037109375
0 0.572265625 0.30078125 0.037109375 0.037109375
0 0.36328125 0.888671875 0.03515625 0.03515625
0 0.02734375 0.90234375 0.03515625 0.03515625
0 0.943359375 0.212890625 0.033203125 0.033203125
0 0.32421875 0.73828125 0.033203125 0.033203125
0 0.15625 0.017578125 0.033203125 0.033203125
0 0.7890625 0.326171875 0.033203125 0.033203125
0 0.26953125 0.07421875 0.033203125 0.033203125
0 0.41796875 0.19921875 0.03125 0.03125
0 0.951171875 0.63671875 0.03125 0.03125
0 0.087890625 0.62890625 0.03125 0.03125
0 0.458984375 0.322265625 0.029296875 0.029296875
0 0.876953125 0.052734375 0.02734375 0.02734375
0 0.62890625 0.712890625 0.02734375 0.02734375
0 0.875 0.7890625 0.02734375 0.02734375
0 0.916015625 0.61328125 0.02734375 0.02734375
0 0.392578125 0.75 0.02734375 0.02734375
0 0.396484375 0.31640625 0.025390625 0.025390625
0 0.3515625 0.4375 0.025390625 0.025390625
0 0.9453125 0.880859375 0.025390625 0.025390625
