0 0.64453125 0.61328125 0.59765625 0.59765625
0 0.748046875 0.640625 0.1953125 0.1953125
0 0.484375 0.212890625 0.154296875 0.154296875
0 0.05078125 0.7578125 0.15234375 0.15234375
0 0.34765625 0.978515625 0.140625 0.140625
0 0.310546875 0.646484375 0.12109375 0.12109375
0 0.5 0.841796875 0.115234375 0.115234375
0 0.609375 0.787109375 0.099609375 0.099609375
0 0.8515625 0.13671875 0.09375 0.09375
0 0.73046875 0.845703125 0.0859375 0.0859375
0 0.900390625 0.873046875 0.0859375 0.0859375
0 0.64453125 0.900390625 0.08203125 0.08203125
0 0.9921875 0.216796875 0.080078125 0.080078125
0 0.11328125 0.890625 0.076171875 0.076171875
0 0.740234375 0.2265625 0.076171875 0.076171875
0 0.9453125 0.962890625 0.06640625 0.06640625
0 0.443359375 0.119140625 0.06640625 0.06640625
0 0.53125 0.69140625 0.06640625 0.06640625
0 0.88671875 0.166015625 0.064453125 0.064453125
0 0.44921875 0.775390625 0.064453125 0.064453125
0 0.41015625 0.69921875 0.060546875 0.060546875
0 0.623046875 0.2890625 0.056640625 0.056640625
0 0.546875 0.537109375 0.056640625 0.056640625
0 0.1015625 0.361328125 0.052734375 0.052734375
0 0.205078125 0.54296875 0.048828125 0.048828125
0 0.244140625 0.701171875 0.046875 0.046875
0 0.25390625 0.677734375 0.041015625 0.041015625
0 0.5234375 0.474609375 0.041015625 0.041015625
0 0.537109375 0.595703125 0.0390625 0.0390625
0 0.49609375 0.5859375 0.037109375 0.037109375
0 0.740234375 0.466796875 0.033203125 0.033203125
0 0.10546875 0.3203125 0.033203125 0.033203125
0 0.42578125 0.564453125 0.03125 0.03125
0 0.90234375 0.26171875 0.029296875 0.029296875
0 0.271484375 0.845703125 0.029296875 0.029296875
0 0.330078125 0.486328125 0.02734375 0.02734375
0 0.361328125 0.603515625 0.02734375 0.02734375
0 0.5703125 0.169921875 0.025390625 0.025390625
0 0.8984375 0.83984375 0.025390625 0.025390625
