0 0.044921875 0.681640625 0.13671875 0.13671875
0 0.373046875 0.302734375 0.099609375 0.099609375
0 0.5234375 0.26171875 0.072265625 0.072265625
0 0.025390625 0.033203125 0.0625 0.0625
0 0.150390625 0.765625 0.044921875 0.044921875
0 0.787109375 0.18359375 0.044921875 0.044921875
0 0.3125 0.1953125 0.044921875 0.044921875
0 0.09765625 0.923828125 0.033203125 0.033203125
0 0.482421875 0.259765625 0.029296875 0.029296875
0 0.216796875 0.212890625 0.02734375 0.02734375
0 0.568359375 0.228515625 0.02734375 0.02734375
0 0.0390625 0.85546875 0.02734375 0.02734375
