0 0.86328125 0.30078125 0.130859375 0.130859375
0 0.357421875 0.896484375 0.123046875 0.123046875
0 0.1875 0.916015625 0.10546875 0.10546875
0 0.28125 0.716796875 0.091796875 0.091796875
0 0.08203125 0.474609375 0.08984375 0.08984375
0 0.576171875 0.52734375 0.072265625 0.072265625
0 0.724609375 0.0 0.0703125 0.0703125
0 0.46875 0.6875 0.0703125 0.0703125
0 0.171875 0.666015625 0.068359375 0.068359375
0 0.9921875 0.96875 0.06640625 0.06640625
0 0.578125 0.044921875 0.0625 0.0625
0 0.59765625 0.220703125 0.05859375 0.05859375
0 0.26171875 0.0625 0.052734375 0.052734375
0 0.78125 0.109375 0.05078125 0.05078125
0 0.365234375 0.826171875 0.048828125 0.048828125
0 0.21484375 0.826171875 0.048828125 0.048828125
0 0.7734375 0.05078125 0.048828125 0.048828125
0 0.7109375 0.962890625 0.04296875 0.04296875
0 0.015625 0.732421875 0.041015625 0.041015625
0 0.78125 0.83984375 0.0390625 0.0390625
0 0.06640625 0.775390625 0.0390625 0.0390625
0 0.08984375 0.701171875 0.037109375 0.037109375
0 0.947265625 0.216796875 0.03515625 0.03515625
0 0.734375 0.55859375 0.03515625 0.03515625
0 0.892578125 0.900390625 0.033203125 0.033203125
0 0.29296875 0.36328125 0.03125 0.03125
0 0.861328125 0.103515625 0.029296875 0.029296875
0 0.935546875 0.486328125 0.029296875 0.029296875
0 0.259765625 0.283203125 0.029296875 0.029296875
0 0.669921875 0.07421875 0.02734375 0.02734375
0 0.6953125 0.103515625 0.02734375 0.02734375
0 0.765625 0.626953125 0.02734375 0.02734375
0 0.974609375 0.755859375 0.02734375 0.02734375
0 0.330078125 0.712890625 0.02734375 0.02734375
0 0.41015625 0.44140625 0.02734375 0.02734375
0 0.3046875 0.650390625 0.025390625 0.025390625
0 0.96875 0.521484375 0.025390625 0.025390625
