0 0.818359375 0.076171875 0.201171875 0.201171875
0 0.298828125 0.47265625 0.060546875 0.060546875
0 0.72265625 0.705078125 0.052734375 0.052734375
0 0.240234375 0.966796875 0.05078125 0.05078125
0 0.755859375 0.095703125 0.04296875 0.04296875
0 0.958984375 0.765625 0.04296875 0.04296875
0 0.7265625 0.6015625 0.041015625 0.041015625
0 0.4296875 0.361328125 0.03515625 0.03515625
0 0.931640625 0.90234375 0.03515625 0.03515625
0 0.12109375 0.21484375 0.03125 0.03125
0 0.830078125 0.220703125 0.03125 0.03125
0 0.732421875 0.158203125 0.03125 0.03125
0 0.123046875 0.58984375 0.03125 0.03125
0 0.23828125 0.736328125 0.029296875 0.029296875
0 0.51171875 0.90234375 0.02734375 0.02734375
