0 0.958984375 0.50390625 0.369140625 0.369140625
0 0.056640625 0.064453125 0.3046875 0.3046875
0 0.41796875 0.875 0.271484375 0.271484375
0 0.654296875 0.38671875 0.240234375 0.240234375
0 0.966796875 0.609375 0.13671875 0.13671875
0 0.685546875 0.484375 0.13671875 0.13671875
0 0.806640625 0.34765625 0.12890625 0.12890625
0 0.677734375 0.30859375 0.126953125 0.126953125
0 0.990234375 0.3671875 0.1171875 0.1171875
0 0.2578125 0.06640625 0.1015625 0.1015625
0 0.775390625 0.109375 0.091796875 0.091796875
0 0.21484375 0.8046875 0.080078125 0.080078125
0 0.5859375 0.498046875 0.080078125 0.080078125
0 0.822265625 0.11328125 0.07421875 0.07421875
0 0.755859375 0.970703125 0.072265625 0.072265625
0 0.060546875 0.712890625 0.0703125 0.0703125
0 0.931640625 0.32421875 0.068359375 0.068359375
0 0.62109375 0.509765625 0.06640625 0.06640625
0 0.447265625 0.21484375 0.064453125 0.064453125
0 0.837890625 0.9296875 0.0625 0.0625
0 0.970703125 0.03515625 0.056640625 0.056640625
0 0.515625 0.779296875 0.056640625 0.056640625
0 0.75 0.060546875 0.052734375 0.052734375
0 0.423828125 0.0546875 0.048828125 0.048828125
0 0.056640625 0.5546875 0.048828125 0.048828125
0 0.89453125 0.623046875 0.046875 0.046875
0 0.626953125 0.90234375 0.044921875 0.044921875
0 0.8671875 0.142578125 0.04296875 0.04296875
0 0.521484375 0.580078125 0.04296875 0.04296875
0 0.9609375 0.33984375 0.041015625 0.041015625
0 0.73828125 0.583984375 0.0390625 0.0390625
0 0.32421875 0.5078125 0.0390625 0.0390625
0 0.1640625 0.951171875 0.0390625 0.0390625
0 0.392578125 0.853515625 0.0390625 0.0390625
0 0.375 0.4765625 0.037109375 0.037109375
0 0.9453125 0.552734375 0.037109375 0.037109375
0 0.01171875 0.615234375 0.037109375 0.037109375
0 0.474609375 0.923828125 0.03515625 0.03515625
0 0.626953125 0.568359375 0.03515625 0.03515625
0 0.03515625 0.896484375 0.03515625 0.03515625
0 0.4921875 0.052734375 0.033203125 0.033203125
0 0.853515625 0.525390625 0.033203125 0.033203125
0 0.181640625 0.25 0.033203125 0.033203125
0 0.2265625 0.91015625 0.03125 0.03125
0 0.138671875 0.009765625 0.029296875 0.029296875
0 0.9296875 0.9296875 0.029296875 0.029296875
0 0.501953125 0.328125 0.029296875 0.029296875
0 0.49609375 0.5234375 0.029296875 0.029296875
0 0.779296875 0.00390625 0.029296875 0.029296875
0 0.580078125 0.046875 0.02734375 0.02734375
0 0.609375 0.625 0.02734375 0.02734375
0 0.072265625 0.2734375 0.02734375 0.02734375
0 0.935546875 0.24609375 0.02734375 0.02734375
0 0.142578125 0.318359375 0.02734375 0.02734375
0 0.478515625 0.75 0.025390625 0.025390625
0 0.173828125 0.373046875 0.025390625 0.025390625
0 0.390625 0.01953125 0.025390625 0.025390625
