0 0.548828125 0.828125 0.119140625 0.119140625
0 0.734375 0.9453125 0.119140625 0.119140625
0 0.685546875 0.896484375 0.064453125 0.064453125
0 0.72265625 0.09765625 0.060546875 0.060546875
0 0.041015625 0.017578125 0.05859375 0.05859375
0 0.189453125 0.984375 0.0546875 0.0546875
0 0.25390625 0.12890625 0.052734375 0.052734375
0 0.33203125 0.83203125 0.052734375 0.052734375
0 0.125 0.1015625 0.05078125 0.05078125
0 0.859375 0.923828125 0.04296875 0.04296875
0 0.578125 0.9453125 0.04296875 0.04296875
0 0.470703125 0.798828125 0.029296875 0.029296875
0 0.015625 0.04296875 0.025390625 0.025390625
