0 0.798828125 0.08203125 0.4609375 0.4609375
0 0.40625 0.7421875 0.21484375 0.21484375
0 0.779296875 0.48046875 0.138671875 0.138671875
0 0.8671875 0.5859375 0.1015625 0.1015625
0 0.986328125 0.8828125 0.095703125 0.095703125
0 0.71875 0.857421875 0.087890625 0.087890625
0 0.072265625 0.310546875 0.0859375 0.0859375
0 0.052734375 0.82421875 0.083984375 0.083984375
0 0.79296875 0.517578125 0.078125 0.078125
0 0.482421875 0.9921875 0.068359375 0.068359375
0 0.7890625 0.83203125 0.0625 0.0625
0 0.052734375 0.6015625 0.060546875 0.060546875
0 0.986328125 0.875 0.046875 0.046875
0 0.525390625 0.623046875 0.044921875 0.044921875
0 0.986328125 0.451171875 0.04296875 0.04296875
0 0.76953125 0.98046875 0.04296875 0.04296875
0 0.26953125 0.193359375 0.041015625 0.041015625
0 0.275390625 0.494140625 0.041015625 0.041015625
0 0.47265625 0.927734375 0.0390625 0.0390625
0 0.16015625 0.212890625 0.0390625 0.0390625
0 0.119140625 0.96484375 0.03515625 0.03515625
0 0.142578125 0.953125 0.033203125 0.033203125
0 0.853515625 0.337890625 0.033203125 0.033203125
0 0.8828125 0.5390625 0.03125 0.03125
0 0.626953125 0.587890625 0.029296875 0.029296875
0 0.412109375 0.12890625 0.029296875 0.029296875
0 0.451171875 0.650390625 0.029296875 0.029296875
0 0.529296875 0.443359375 0.029296875 0.029296875
0 0.970703125 0.7421875 0.02734375 0.02734375
0 0.78125 0.107421875 0.02734375 0.02734375
