0 0.685546875 0.51953125 0.462890625 0.462890625
0 0.248046875 0.44921875 0.134765625 0.134765625
0 0.302734375 0.79296875 0.126953125 0.126953125
0 0.216796875 0.62109375 0.11328125 0.11328125
0 0.330078125 0.06640625 0.109375 0.109375
0 0.732421875 0.173828125 0.107421875 0.107421875
0 0.033203125 0.052734375 0.107421875 0.107421875
0 0.802734375 0.912109375 0.10546875 0.10546875
0 0.6171875 0.115234375 0.091796875 0.091796875
0 0.796875 0.88671875 0.08984375 0.08984375
0 0.298828125 0.72265625 0.08984375 0.08984375
0 0.4453125 0.517578125 0.0703125 0.0703125
0 0.46484375 0.193359375 0.0703125 0.0703125
0 0.287109375 0.123046875 0.06640625 0.06640625
0 0.025390625 0.23828125 0.06640625 0.06640625
0 0.916015625 0.994140625 0.060546875 0.060546875
0 0.43359375 0.443359375 0.060546875 0.060546875
0 0.2890625 0.6953125 0.060546875 0.060546875
0 0.9609375 0.92578125 0.060546875 0.060546875
0 0.001953125 0.841796875 0.05859375 0.05859375
0 0.04296875 0.875 0.056640625 0.056640625
0 0.908203125 0.048828125 0.056640625 0.056640625
0 0.099609375 0.98046875 0.0546875 0.0546875
0 0.08203125 0.447265625 0.052734375 0.052734375
0 0.275390625 0.896484375 0.05078125 0.05078125
0 0.365234375 0.70703125 0.048828125 0.048828125
0 0.6328125 0.5 0.04296875 0.04296875
0 0.396484375 0.8359375 0.041015625 0.041015625
0 0.16796875 0.986328125 0.0390625 0.0390625
0 0.63671875 0.705078125 0.03515625 0.03515625
0 0.18359375 0.134765625 0.033203125 0.033203125
0 0.296875 0.482421875 0.03125 0.03125
0 0.591796875 0.80859375 0.03125 0.03125
0 0.94921875 0.220703125 0.03125 0.03125
0 0.97265625 0.708984375 0.029296875 0.029296875
0 0.841796875 0.322265625 0.02734375 0.02734375
0 0.4609375 0.630859375 0.02734375 0.02734375
0 0.740234375 0.3359375 0.02734375 0.02734375
0 0.03125 0.400390625 0.02734375 0.02734375
0 0.484375 0.673828125 0.025390625 0.025390625
