0 0.71484375 0.09765625 0.2734375 0.2734375
0 0.341796875 0.76171875 0.228515625 0.228515625
0 0.923828125 0.470703125 0.1796875 0.1796875
0 0.85546875 0.38671875 0.130859375 0.130859375
0 0.7109375 0.9921875 0.109375 0.109375
0 0.10546875 0.138671875 0.109375 0.109375
0 0.873046875 0.826171875 0.09375 0.09375
0 0.732421875 0.734375 0.080078125 0.080078125
0 0.712890625 0.625 0.078125 0.078125
0 0.66796875 0.84375 0.076171875 0.076171875
0 0.6875 0.720703125 0.076171875 0.076171875
0 0.515625 0.927734375 0.072265625 0.072265625
0 0.77734375 0.26953125 0.068359375 0.068359375
0 0.91796875 0.072265625 0.0546875 0.0546875
0 0.921875 0.75390625 0.05078125 0.05078125
0 0.701171875 0.18359375 0.048828125 0.048828125
0 0.501953125 0.4140625 0.046875 0.046875
0 0.025390625 0.244140625 0.046875 0.046875
0 0.962890625 0.138671875 0.044921875 0.044921875
0 0.921875 0.919921875 0.041015625 0.041015625
0 0.216796875 0.302734375 0.037109375 0.037109375
0 0.20703125 0.51171875 0.03515625 0.03515625
0 0.0234375 0.607421875 0.03125 0.03125
0 0.8984375 0.275390625 0.029296875 0.029296875
