0 0.904296875 0.146484375 0.05078125 0.05078125
0 0.123046875 0.326171875 0.05078125 0.05078125
0 0.58203125 0.140625 0.033203125 0.033203125
0 0.01953125 0.068359375 0.033203125 0.033203125
0 0.380859375 0.150390625 0.02734375 0.02734375
0 0.001953125 0.29296875 0.025390625 0.025390625
0 0.958984375 0.400390625 0.1328125 0.1328125
0 0.45703125 0.595703125 0.0859375 0.0859375
0 0.44140625 0.580078125 0.076171875 0.076171875
0 0.6171875 0.875 0.072265625 0.072265625
0 0.775390625 0.900390625 0.0625 0.0625
0 0.3203125 0.982421875 0.060546875 0.060546875
0 0.240234375 0.470703125 0.056640625 0.056640625
0 0.73046875 0.599609375 0.048828125 0.048828125
0 0.95703125 0.869140625 0.048828125 0.048828125
0 0.146484375 0.78515625 0.04296875 0.04296875
0 0.705078125 0.984375 0.03515625 0.03515625
0 0.251953125 0.50390625 0.03125 0.03125
