0 0.078125 0.01953125 0.095703125 0.095703125
0 0.0625 0.5703125 0.091796875 0.091796875
0 0.287109375 0.08203125 0.05078125 0.05078125
0 0.55078125 0.201171875 0.033203125 0.033203125
0 0.31640625 0.119140625 0.033203125 0.033203125
0 0.45703125 0.603515625 0.029296875 0.029296875
0 0.212890625 0.462890625 0.02734375 0.02734375
0 0.30078125 0.34375 0.025390625 0.025390625
0 0.509765625 0.71875 0.099609375 0.099609375
0 0.068359375 0.892578125 0.060546875 0.060546875
0 0.505859375 0.765625 0.044921875 0.044921875
0 0.1015625 0.904296875 0.037109375 0.037109375
0 0.82421875 0.76953125 0.03515625 0.03515625
0 0.34375 0.765625 0.025390625 0.025390625
