0 0.53125 0.982421875 0.095703125 0.095703125
0 0.435546875 0.818359375 0.078125 0.078125
0 0.064453125 0.6015625 0.06640625 0.06640625
0 0.197265625 0.681640625 0.060546875 0.060546875
0 0.71875 0.80078125 0.056640625 0.056640625
0 0.15234375 0.580078125 0.052734375 0.052734375
0 0.30078125 0.5078125 0.04296875 0.04296875
0 0.349609375 0.71875 0.041015625 0.041015625
0 0.31640625 0.673828125 0.041015625 0.041015625
0 0.734375 0.810546875 0.03515625 0.03515625
0 0.482421875 0.791015625 0.03515625 0.03515625
0 0.376953125 0.53515625 0.033203125 0.033203125
0 0.509765625 0.53125 0.033203125 0.033203125
0 0.529296875 0.078125 0.029296875 0.029296875
0 0.4765625 0.474609375 0.025390625 0.025390625
0 0.060546875 0.7265625 0.025390625 0.025390625
