0 0.96875 0.3046875 0.126953125 0.126953125
0 0.19921875 0.576171875 0.1171875 0.1171875
0 0.79296875 0.67578125 0.1015625 0.1015625
0 0.701171875 0.142578125 0.080078125 0.080078125
0 0.591796875 0.74609375 0.046875 0.046875
0 0.69140625 0.181640625 0.046875 0.046875
0 0.79296875 0.609375 0.044921875 0.044921875
0 0.37109375 0.66796875 0.041015625 0.041015625
0 0.970703125 0.884765625 0.03515625 0.03515625
0 0.720703125 0.568359375 0.03125 0.03125
0 0.52734375 0.94140625 0.025390625 0.025390625
0 0.541015625 0.85546875 0.025390625 0.025390625
