0 0.341796875 0.224609375 0.349609375 0.349609375
0 0.458984375 0.361328125 0.19921875 0.19921875
0 0.744140625 0.8125 0.19921875 0.19921875
0 0.875 0.341796875 0.158203125 0.158203125
0 0.533203125 0.98046875 0.111328125 0.111328125
0 0.8046875 0.1328125 0.111328125 0.111328125
0 0.68359375 0.96875 0.1015625 0.1015625
0 0.87890625 0.966796875 0.083984375 0.083984375
0 0.5078125 0.498046875 0.080078125 0.080078125
0 0.962890625 0.484375 0.080078125 0.080078125
0 0.330078125 0.796875 0.0703125 0.0703125
0 0.013671875 0.19921875 0.068359375 0.068359375
0 0.564453125 0.134765625 0.06640625 0.06640625
0 0.6015625 0.296875 0.0625 0.0625
0 0.4375 0.669921875 0.05859375 0.05859375
0 0.029296875 0.490234375 0.056640625 0.056640625
0 0.498046875 0.091796875 0.0546875 0.0546875
0 0.501953125 0.4375 0.048828125 0.048828125
0 0.890625 0.2109375 0.046875 0.046875
0 0.62109375 0.833984375 0.046875 0.046875
0 0.09375 0.732421875 0.044921875 0.044921875
0 0.76953125 0.34375 0.044921875 0.044921875
0 0.99609375 0.080078125 0.04296875 0.04296875
0 0.5859375 0.923828125 0.041015625 0.041015625
0 0.271484375 0.6015625 0.0390625 0.0390625
0 0.125 0.546875 0.037109375 0.037109375
0 0.37890625 0.44921875 0.03515625 0.03515625
0 0.265625 0.126953125 0.03515625 0.03515625
0 0.59765625 0.001953125 0.03515625 0.03515625
0 0.310546875 0.826171875 0.033203125 0.033203125
0 0.97265625 0.498046875 0.033203125 0.033203125
0 0.890625 0.177734375 0.03125 0.03125
0 0.943359375 0.048828125 0.03125 0.03125
0 0.587890625 0.34375 0.029296875 0.029296875
0 0.18359375 0.865234375 0.029296875 0.029296875
0 0.6171875 0.216796875 0.029296875 0.029296875
0 0.046875 0.6875 0.02734375 0.02734375
0 0.923828125 0.255859375 0.02734375 0.02734375
0 0.529296875 0.982421875 0.02734375 0.02734375
0 0.35546875 0.619140625 0.02734375 0.02734375
0 0.134765625 0.78515625 0.02734375 0.02734375
0 0.201171875 0.54296875 0.02734375 0.02734375
0 0.818359375 0.798828125 0.025390625 0.025390625
0 0.54296875 0.298828125 0.025390625 0.025390625
0 0.375 0.556640625 0.025390625 0.025390625
0 0.341796875 0.908203125 0.025390625 0.025390625
