0 0.41796875 0.712890625 0.25 0.25
0 0.90625 0.220703125 0.095703125 0.095703125
0 0.099609375 0.845703125 0.083984375 0.083984375
0 0.947265625 0.529296875 0.06640625 0.06640625
0 0.279296875 0.1796875 0.06640625 0.06640625
0 0.7578125 0.76171875 0.041015625 0.041015625
0 0.544921875 0.828125 0.0390625 0.0390625
0 0.12109375 0.38671875 0.0390625 0.0390625
0 0.404296875 0.75 0.037109375 0.037109375
0 0.234375 0.39453125 0.033203125 0.033203125
0 0.2578125 0.736328125 0.033203125 0.033203125
0 0.05859375 0.8984375 0.033203125 0.033203125
0 0.314453125 0.283203125 0.03125 0.03125
0 0.919921875 0.18359375 0.02734375 0.02734375
0 0.544921875 0.9921875 0.025390625 0.025390625
0 0.40625 0.78125 0.025390625 0.025390625
