0 0.6796875 0.052734375 0.123046875 0.123046875
0 0.41796875 0.072265625 0.1171875 0.1171875
0 0.1171875 0.162109375 0.109375 0.109375
0 0.033203125 0.05078125 0.1015625 0.1015625
0 0.9140625 0.07421875 0.1015625 0.1015625
0 0.025390625 0.427734375 0.091796875 0.091796875
0 0.55078125 0.2578125 0.0859375 0.0859375
0 0.443359375 0.095703125 0.083984375 0.083984375
0 0.31640625 0.208984375 0.080078125 0.080078125
0 0.4453125 0.478515625 0.07421875 0.07421875
0 0.392578125 0.130859375 0.05859375 0.05859375
0 0.662109375 0.298828125 0.056640625 0.056640625
0 0.03515625 0.130859375 0.046875 0.046875
0 0.466796875 0.498046875 0.046875 0.046875
0 0.630859375 0.59765625 0.044921875 0.044921875
0 0.021484375 0.314453125 0.041015625 0.041015625
0 0.181640625 0.2578125 0.041015625 0.041015625
0 0.611328125 0.322265625 0.0390625 0.0390625
0 0.4296875 0.20703125 0.033203125 0.033203125
0 0.369140625 0.529296875 0.03125 0.03125
0 0.107421875 0.560546875 0.03125 0.03125
0 0.376953125 0.091796875 0.03125 0.03125
0 0.474609375 0.478515625 0.029296875 0.029296875
0 0.158203125 0.359375 0.029296875 0.029296875
0 0.921875 0.21875 0.02734375 0.02734375
0 0.76171875 0.640625 0.025390625 0.025390625
0 0.529296875 0.939453125 0.15234375 0.15234375
0 0.986328125 0.759765625 0.13671875 0.13671875
0 0.025390625 0.7578125 0.12109375 0.12109375
0 0.57421875 0.82421875 0.078125 0.078125
0 0.267578125 0.8515625 0.06640625 0.06640625
0 0.453125 0.69921875 0.064453125 0.064453125
0 0.291015625 0.99609375 0.0625 0.0625
0 0.501953125 0.861328125 0.060546875 0.060546875
0 0.296875 0.71875 0.048828125 0.048828125
0 0.146484375 0.70703125 0.046875 0.046875
0 0.98828125 0.900390625 0.033203125 0.033203125
0 0.0625 0.908203125 0.033203125 0.033203125
0 0.20703125 0.685546875 0.033203125 0.033203125
0 0.720703125 0.943359375 0.033203125 0.033203125
0 0.4453125 0.73046875 0.03125 0.03125
0 0.873046875 0.669921875 0.029296875 0.029296875
0 0.921875 0.806640625 0.02734375 0.02734375
0 0.240234375 0.748046875 0.025390625 0.025390625
0 0.833984375 0.6875 0.025390625 0.025390625
