0 0.025390625 0.677734375 0.166015625 0.166015625
0 0.830078125 0.673828125 0.158203125 0.158203125
0 0.326171875 0.763671875 0.1328125 0.1328125
0 0.646484375 0.083984375 0.12890625 0.12890625
0 0.6015625 0.029296875 0.107421875 0.107421875
0 0.609375 0.1875 0.0859375 0.0859375
0 0.787109375 0.373046875 0.078125 0.078125
0 0.935546875 0.02734375 0.064453125 0.064453125
0 0.68359375 0.89453125 0.0625 0.0625
0 0.2265625 0.91796875 0.0625 0.0625
0 0.607421875 0.115234375 0.060546875 0.060546875
0 0.658203125 0.060546875 0.060546875 0.060546875
0 0.6640625 0.26953125 0.060546875 0.060546875
0 0.7109375 0.111328125 0.0546875 0.0546875
0 0.591796875 0.337890625 0.0546875 0.0546875
0 0.00390625 0.1796875 0.048828125 0.048828125
0 0.796875 0.150390625 0.046875 0.046875
0 0.900390625 0.962890625 0.044921875 0.044921875
0 0.662109375 0.353515625 0.044921875 0.044921875
0 0.009765625 0.08984375 0.044921875 0.044921875
0 0.681640625 0.986328125 0.041015625 0.041015625
0 0.55859375 0.83203125 0.0390625 0.0390625
0 0.505859375 0.02734375 0.037109375 0.037109375
0 0.59375 0.9140625 0.037109375 0.037109375
0 0.923828125 0.501953125 0.037109375 0.037109375
0 0.826171875 0.849609375 0.033203125 0.033203125
0 0.927734375 0.0859375 0.033203125 0.033203125
0 0.380859375 0.466796875 0.033203125 0.033203125
0 0.431640625 0.951171875 0.03125 0.03125
0 0.12109375 0.31640625 0.03125 0.03125
