0 0.55078125 0.8046875 0.271484375 0.271484375
0 0.685546875 0.412109375 0.1875 0.1875
0 0.671875 0.322265625 0.1875 0.1875
0 0.328125 0.484375 0.1640625 0.1640625
0 0.7421875 0.474609375 0.15234375 0.15234375
0 0.080078125 0.953125 0.150390625 0.150390625
0 0.5234375 0.41796875 0.1484375 0.1484375
0 0.166015625 0.64453125 0.126953125 0.126953125
0 0.150390625 0.259765625 0.1015625 0.1015625
0 0.123046875 0.185546875 0.095703125 0.095703125
0 0.369140625 0.244140625 0.09375 0.09375
0 0.376953125 0.33984375 0.091796875 0.091796875
0 0.861328125 0.845703125 0.08984375 0.08984375
0 0.2109375 0.8203125 0.08984375 0.08984375
0 0.873046875 0.751953125 0.083984375 0.083984375
0 0.91015625 0.248046875 0.080078125 0.080078125
0 0.35546875 0.654296875 0.080078125 0.080078125
0 0.80078125 0.13671875 0.07421875 0.07421875
0 0.28125 0.3828125 0.07421875 0.07421875
0 0.595703125 0.99609375 0.0703125 0.0703125
0 0.689453125 0.94921875 0.068359375 0.068359375
0 0.912109375 0.06640625 0.064453125 0.064453125
0 0.279296875 0.697265625 0.0625 0.0625
0 0.7578125 0.87890625 0.060546875 0.060546875
0 0.447265625 0.869140625 0.0546875 0.0546875
0 0.716796875 0.80078125 0.05078125 0.05078125
0 0.287109375 0.30859375 0.05078125 0.05078125
0 0.26953125 0.009765625 0.05078125 0.05078125
0 0.341796875 0.326171875 0.048828125 0.048828125
0 0.703125 0.234375 0.046875 0.046875
0 0.27734375 0.3671875 0.046875 0.046875
0 0.33203125 0.05859375 0.044921875 0.044921875
0 0.91796875 0.513671875 0.044921875 0.044921875
0 0.349609375 0.619140625 0.044921875 0.044921875
0 0.8671875 0.185546875 0.04296875 0.04296875
0 0.041015625 0.619140625 0.04296875 0.04296875
0 0.732421875 0.68359375 0.04296875 0.04296875
0 0.646484375 0.564453125 0.041015625 0.041015625
0 0.828125 0.7890625 0.0390625 0.0390625
0 0.1875 0.9140625 0.0390625 0.0390625
0 0.310546875 0.263671875 0.0390625 0.0390625
0 0.984375 0.158203125 0.0390625 0.0390625
0 0.26171875 0.978515625 0.037109375 0.037109375
0 0.451171875 0.9453125 0.03515625 0.03515625
0 0.353515625 0.96484375 0.03515625 0.03515625
0 0.857421875 0.896484375 0.03515625 0.03515625
0 0.40234375 0.767578125 0.033203125 0.033203125
0 0.28125 0.86328125 0.03125 0.03125
0 0.849609375 0.466796875 0.03125 0.03125
0 0.81640625 0.888671875 0.03125 0.03125
0 0.517578125 0.212890625 0.03125 0.03125
0 0.380859375 0.208984375 0.029296875 0.029296875
0 0.67578125 0.62109375 0.029296875 0.029296875
0 0.73046875 0.080078125 0.029296875 0.029296875
0 0.380859375 0.150390625 0.029296875 0.029296875
0 0.0703125 0.49609375 0.029296875 0.029296875
0 0.75 0.64453125 0.029296875 0.029296875
0 0.458984375 0.353515625 0.02734375 0.02734375
0 0.015625 0.265625 0.025390625 0.025390625
0 0.115234375 0.80078125 0.025390625 0.025390625
