0 0.07421875 0.0859375 0.177734375 0.177734375
0 0.046875 0.6953125 0.162109375 0.162109375
0 0.94140625 0.365234375 0.1484375 0.1484375
0 0.189453125 0.3046875 0.140625 0.140625
0 0.892578125 0.98828125 0.12890625 0.12890625
0 0.80859375 0.470703125 0.107421875 0.107421875
0 0.537109375 0.78515625 0.099609375 0.099609375
0 0.5234375 0.287109375 0.09765625 0.09765625
0 0.197265625 0.333984375 0.09375 0.09375
0 0.408203125 0.404296875 0.0859375 0.0859375
0 0.494140625 0.056640625 0.0859375 0.0859375
0 0.0078125 0.615234375 0.080078125 0.080078125
0 0.150390625 0.369140625 0.080078125 0.080078125
0 0.68359375 0.53125 0.080078125 0.080078125
0 0.744140625 0.451171875 0.0703125 0.0703125
0 0.556640625 0.125 0.064453125 0.064453125
0 0.48046875 0.529296875 0.05859375 0.05859375
0 0.90625 0.693359375 0.0546875 0.0546875
0 0.6875 0.05078125 0.052734375 0.052734375
0 0.7421875 0.240234375 0.052734375 0.052734375
0 0.892578125 0.583984375 0.05078125 0.05078125
0 0.021484375 0.9765625 0.048828125 0.048828125
0 0.138671875 0.171875 0.046875 0.046875
0 0.611328125 0.625 0.046875 0.046875
0 0.39453125 0.041015625 0.044921875 0.044921875
0 0.232421875 0.9453125 0.04296875 0.04296875
0 0.787109375 0.00390625 0.041015625 0.041015625
0 0.84765625 0.615234375 0.0390625 0.0390625
0 0.970703125 0.951171875 0.037109375 0.037109375
0 0.255859375 0.2734375 0.037109375 0.037109375
0 0.73046875 0.03125 0.03515625 0.03515625
0 0.330078125 0.580078125 0.03125 0.03125
0 0.142578125 0.91015625 0.03125 0.03125
0 0.87109375 0.5390625 0.03125 0.03125
0 0.248046875 0.474609375 0.03125 0.03125
0 0.001953125 0.16796875 0.03125 0.03125
0 0.986328125 0.5625 0.029296875 0.029296875
0 0.9453125 0.3203125 0.029296875 0.029296875
0 0.615234375 0.767578125 0.02734375 0.02734375
0 0.10546875 0.0859375 0.02734375 0.02734375
0 0.0859375 0.021484375 0.025390625 0.025390625
