0 0.01171875 0.455078125 0.599609375 0.599609375
0 0.921875 0.55078125 0.326171875 0.326171875
0 0.955078125 0.861328125 0.29296875 0.29296875
0 0.4296875 0.05078125 0.244140625 0.244140625
0 0.6484375 0.576171875 0.197265625 0.197265625
0 0.509765625 0.4765625 0.1953125 0.1953125
0 0.25390625 0.900390625 0.189453125 0.189453125
0 0.322265625 0.828125 0.1875 0.1875
0 0.203125 0.6953125 0.177734375 0.177734375
0 0.712890625 0.50390625 0.173828125 0.173828125
0 0.939453125 0.818359375 0.15625 0.15625
0 0.802734375 0.80859375 0.134765625 0.134765625
0 0.046875 0.623046875 0.1328125 0.1328125
0 0.8671875 0.123046875 0.12890625 0.12890625
0 0.126953125 0.708984375 0.099609375 0.099609375
0 0.759765625 0.9140625 0.087890625 0.087890625
0 0.765625 0.078125 0.0859375 0.0859375
0 0.82421875 0.890625 0.07421875 0.07421875
0 0.25 0.62890625 0.072265625 0.072265625
0 0.76171875 0.576171875 0.072265625 0.072265625
0 0.419921875 0.865234375 0.060546875 0.060546875
0 0.28125 0.3515625 0.05859375 0.05859375
0 0.369140625 0.88671875 0.0546875 0.0546875
0 0.771484375 0.12890625 0.0546875 0.0546875
0 0.15625 0.974609375 0.0546875 0.0546875
0 0.767578125 0.34375 0.052734375 0.052734375
0 0.529296875 0.93359375 0.044921875 0.044921875
0 0.330078125 0.30859375 0.044921875 0.044921875
0 0.486328125 0.56640625 0.04296875 0.04296875
0 0.548828125 0.779296875 0.041015625 0.041015625
0 0.40625 0.65625 0.0390625 0.0390625
0 0.908203125 0.025390625 0.037109375 0.037109375
0 0.5703125 0.185546875 0.037109375 0.037109375
0 0.26953125 0.021484375 0.037109375 0.037109375
0 0.2890625 0.78125 0.03515625 0.03515625
0 0.6015625 0.4140625 0.03515625 0.03515625
0 0.9609375 0.123046875 0.033203125 0.033203125
0 0.16015625 0.93359375 0.033203125 0.033203125
0 0.57421875 0.71484375 0.033203125 0.033203125
0 0.513671875 0.828125 0.03125 0.03125
0 0.109375 0.65234375 0.03125 0.03125
0 0.876953125 0.10546875 0.03125 0.03125
0 0.98828125 0.658203125 0.03125 0.03125
0 0.986328125 0.501953125 0.029296875 0.029296875
0 0.19140625 0.115234375 0.029296875 0.029296875
0 0.568359375 0.63671875 0.02734375 0.02734375
0 0.505859375 0.97265625 0.02734375 0.02734375
0 0.638671875 0.4765625 0.02734375 0.02734375
0 0.5546875 0.3984375 0.02734375 0.02734375
0 0.521484375 0.75390625 0.02734375 0.02734375
0 0.427734375 0.46484375 0.02734375 0.02734375
