0 0.37890625 0.251953125 0.1640625 0.1640625
0 0.537109375 0.94921875 0.06640625 0.06640625
0 0.673828125 0.65234375 0.056640625 0.056640625
0 0.93359375 0.14453125 0.05078125 0.05078125
0 0.560546875 0.220703125 0.048828125 0.048828125
0 0.021484375 0.029296875 0.041015625 0.041015625
0 0.904296875 0.26953125 0.041015625 0.041015625
0 0.724609375 0.189453125 0.0390625 0.0390625
0 0.35546875 0.140625 0.0390625 0.0390625
0 0.19921875 0.294921875 0.037109375 0.037109375
0 0.509765625 0.67578125 0.033203125 0.033203125
0 0.923828125 0.5625 0.02734375 0.02734375
