0 0.244140625 0.765625 0.177734375 0.177734375
0 0.46484375 0.826171875 0.169921875 0.169921875
0 0.353515625 0.287109375 0.15234375 0.15234375
0 0.625 0.869140625 0.12890625 0.12890625
0 0.826171875 0.359375 0.11328125 0.11328125
0 0.77734375 0.365234375 0.11328125 0.11328125
0 0.154296875 0.16015625 0.1015625 0.1015625
0 0.88671875 0.94140625 0.08984375 0.08984375
0 0.87109375 0.99609375 0.076171875 0.076171875
0 0.87890625 0.208984375 0.072265625 0.072265625
0 0.1875 0.01953125 0.072265625 0.072265625
0 0.798828125 0.482421875 0.068359375 0.068359375
0 0.501953125 0.076171875 0.06640625 0.06640625
0 0.646484375 0.384765625 0.06640625 0.06640625
0 0.53515625 0.119140625 0.064453125 0.064453125
0 0.2421875 0.56640625 0.0625 0.0625
0 0.091796875 0.119140625 0.060546875 0.060546875
0 0.181640625 0.251953125 0.05859375 0.05859375
0 0.392578125 0.60546875 0.05859375 0.05859375
0 0.376953125 0.99609375 0.05078125 0.05078125
0 0.302734375 0.50390625 0.05078125 0.05078125
0 0.423828125 0.95703125 0.05078125 0.05078125
0 0.2734375 0.568359375 0.048828125 0.048828125
0 0.65234375 0.021484375 0.048828125 0.048828125
0 0.056640625 0.0859375 0.044921875 0.044921875
0 0.966796875 0.1171875 0.044921875 0.044921875
0 0.078125 0.466796875 0.044921875 0.044921875
0 0.62109375 0.59765625 0.044921875 0.044921875
0 0.72265625 0.24609375 0.041015625 0.041015625
0 0.140625 0.6953125 0.03515625 0.03515625
0 0.125 0.234375 0.03515625 0.03515625
0 0.3984375 0.90625 0.03515625 0.03515625
0 0.67578125 0.896484375 0.03125 0.03125
0 0.279296875 0.369140625 0.03125 0.03125
0 0.384765625 0.708984375 0.029296875 0.029296875
0 0.732421875 0.189453125 0.029296875 0.029296875
0 0.671875 0.447265625 0.02734375 0.02734375
0 0.439453125 0.619140625 0.02734375 0.02734375
0 0.900390625 0.029296875 0.02734375 0.02734375
0 0.658203125 0.056640625 0.02734375 0.02734375
0 0.0 0.90625 0.02734375 0.02734375
0 0.9296875 0.732421875 0.02734375 0.02734375
0 0.75 0.4765625 0.02734375 0.02734375
0 0.916015625 0.55078125 0.02734375 0.02734375
0 0.4375 0.89453125 0.02734375 0.02734375
0 0.23046875 0.30859375 0.025390625 0.025390625
0 0.390625 0.029296875 0.025390625 0.025390625
0 0.65625 0.28125 0.025390625 0.025390625
0 0.556640625 0.76953125 0.025390625 0.025390625
0 0.630859375 0.142578125 0.025390625 0.025390625
0 0.39453125 0.66796875 0.025390625 0.025390625
