0 0.591796875 0.310546875 0.08984375 0.08984375
0 0.45703125 0.23828125 0.078125 0.078125
0 0.01953125 0.068359375 0.068359375 0.068359375
0 0.685546875 0.0859375 0.0625 0.0625
0 0.798828125 0.017578125 0.0625 0.0625
0 0.984375 0.24609375 0.044921875 0.044921875
0 0.876953125 0.212890625 0.03515625 0.03515625
0 0.87890625 0.19140625 0.033203125 0.033203125
0 0.34765625 0.015625 0.033203125 0.033203125
0 0.96875 0.052734375 0.029296875 0.029296875
0 0.927734375 0.244140625 0.029296875 0.029296875
0 0.994140625 0.01953125 0.029296875 0.029296875
0 0.560546875 0.556640625 0.23828125 0.23828125
0 0.525390625 0.705078125 0.181640625 0.181640625
0 0.7734375 0.990234375 0.166015625 0.166015625
0 0.341796875 0.40234375 0.11328125 0.11328125
0 0.94140625 0.5859375 0.111328125 0.111328125
0 0.32421875 0.759765625 0.109375 0.109375
0 0.228515625 0.3828125 0.099609375 0.099609375
0 0.9921875 0.541015625 0.07421875 0.07421875
0 0.837890625 0.931640625 0.07421875 0.07421875
0 0.45703125 0.8984375 0.060546875 0.060546875
0 0.046875 0.935546875 0.060546875 0.060546875
0 0.578125 0.51171875 0.056640625 0.056640625
0 0.3515625 0.638671875 0.0546875 0.0546875
0 0.943359375 0.51171875 0.0546875 0.0546875
0 0.84375 0.560546875 0.05078125 0.05078125
0 0.421875 0.4296875 0.046875 0.046875
0 0.80078125 0.3359375 0.04296875 0.04296875
0 0.775390625 0.5625 0.04296875 0.04296875
0 0.587890625 0.3984375 0.041015625 0.041015625
0 0.65234375 0.67578125 0.041015625 0.041015625
0 0.7578125 0.744140625 0.0390625 0.0390625
0 0.427734375 0.79296875 0.037109375 0.037109375
0 0.9765625 0.44140625 0.037109375 0.037109375
0 0.283203125 0.451171875 0.033203125 0.033203125
0 0.76953125 0.439453125 0.033203125 0.033203125
0 0.63671875 0.390625 0.03125 0.03125
0 0.84765625 0.46484375 0.03125 0.03125
0 0.140625 0.603515625 0.029296875 0.029296875
0 0.92578125 0.697265625 0.029296875 0.029296875
0 0.68359375 0.845703125 0.029296875 0.029296875
0 0.42578125 0.99609375 0.02734375 0.02734375
0 0.8046875 0.6796875 0.025390625 0.025390625
