0 0.564453125 0.04296875 0.208984375 0.208984375
0 0.45703125 0.609375 0.19921875 0.19921875
0 0.560546875 0.86328125 0.12109375 0.12109375
0 0.8046875 0.369140625 0.08984375 0.08984375
0 0.2109375 0.58984375 0.078125 0.078125
0 0.5703125 0.451171875 0.078125 0.078125
0 0.87890625 0.2421875 0.078125 0.078125
0 0.841796875 0.07421875 0.0703125 0.0703125
0 0.236328125 0.8359375 0.0703125 0.0703125
0 0.32421875 0.466796875 0.0703125 0.0703125
0 0.001953125 0.828125 0.068359375 0.068359375
0 0.05859375 0.068359375 0.06640625 0.06640625
0 0.283203125 0.986328125 0.064453125 0.064453125
0 0.953125 0.544921875 0.05078125 0.05078125
0 0.66015625 0.830078125 0.046875 0.046875
0 0.3125 0.541015625 0.044921875 0.044921875
0 0.609375 0.689453125 0.044921875 0.044921875
0 0.08203125 0.0 0.044921875 0.044921875
0 0.248046875 0.412109375 0.04296875 0.04296875
0 0.244140625 0.48828125 0.04296875 0.04296875
0 0.732421875 0.533203125 0.04296875 0.04296875
0 0.26953125 0.021484375 0.04296875 0.04296875
0 0.90625 0.4296875 0.041015625 0.041015625
0 0.263671875 0.576171875 0.041015625 0.041015625
0 0.83984375 0.3046875 0.0390625 0.0390625
0 0.884765625 0.91015625 0.0390625 0.0390625
0 0.97265625 0.248046875 0.0390625 0.0390625
0 0.234375 0.615234375 0.037109375 0.037109375
0 0.853515625 0.787109375 0.037109375 0.037109375
0 0.958984375 0.623046875 0.03515625 0.03515625
0 0.00390625 0.134765625 0.03515625 0.03515625
0 0.478515625 0.220703125 0.03515625 0.03515625
0 0.92578125 0.333984375 0.033203125 0.033203125
0 0.92578125 0.453125 0.033203125 0.033203125
0 0.291015625 0.794921875 0.033203125 0.033203125
0 0.923828125 0.96484375 0.033203125 0.033203125
0 0.9921875 0.138671875 0.033203125 0.033203125
0 0.14453125 0.39453125 0.03125 0.03125
0 0.56640625 0.232421875 0.03125 0.03125
0 0.8125 0.853515625 0.03125 0.03125
0 0.736328125 0.451171875 0.03125 0.03125
0 0.701171875 0.310546875 0.029296875 0.029296875
0 0.921875 0.236328125 0.029296875 0.029296875
0 0.384765625 0.689453125 0.029296875 0.029296875
0 0.90234375 0.86328125 0.029296875 0.029296875
0 0.521484375 0.3046875 0.029296875 0.029296875
0 0.640625 0.900390625 0.02734375 0.02734375
0 0.015625 0.18359375 0.02734375 0.02734375
0 0.279296875 0.5078125 0.025390625 0.025390625
0 0.27734375 0.177734375 0.025390625 0.025390625
0 0.017578125 0.578125 0.025390625 0.025390625
0 0.767578125 0.625 0.025390625 0.025390625
0 0.392578125 0.748046875 0.025390625 0.025390625
0 0.048828125 0.107421875 0.025390625 0.025390625
0 0.421875 0.8671875 0.025390625 0.025390625
0 0.3828125 0.974609375 0.025390625 0.025390625
