0 0.841796875 0.0 0.248046875 0.248046875
0 0.53515625 0.875 0.2421875 0.2421875
0 0.025390625 0.873046875 0.21484375 0.21484375
0 0.703125 0.2890625 0.146484375 0.146484375
0 0.328125 0.87109375 0.125 0.125
0 0.623046875 0.177734375 0.1015625 0.1015625
0 0.1015625 0.419921875 0.099609375 0.099609375
0 0.880859375 0.115234375 0.099609375 0.099609375
0 0.306640625 0.703125 0.09765625 0.09765625
0 0.779296875 0.658203125 0.09375 0.09375
0 0.01953125 0.046875 0.09375 0.09375
0 0.255859375 0.673828125 0.091796875 0.091796875
0 0.41796875 0.986328125 0.087890625 0.087890625
0 0.369140625 0.734375 0.083984375 0.083984375
0 0.42578125 0.375 0.078125 0.078125
0 0.408203125 0.30859375 0.06640625 0.06640625
0 0.275390625 0.736328125 0.06640625 0.06640625
0 0.19140625 0.837890625 0.064453125 0.064453125
0 0.140625 0.66015625 0.05859375 0.05859375
0 0.60546875 0.98828125 0.056640625 0.056640625
0 0.501953125 0.607421875 0.056640625 0.056640625
0 0.828125 0.318359375 0.0546875 0.0546875
0 0.748046875 0.759765625 0.05078125 0.05078125
0 0.6328125 0.509765625 0.05078125 0.05078125
0 0.29296875 0.955078125 0.048828125 0.048828125
0 0.873046875 0.962890625 0.048828125 0.048828125
0 0.021484375 0.701171875 0.04296875 0.04296875
0 0.326171875 0.244140625 0.041015625 0.041015625
0 0.78125 0.513671875 0.037109375 0.037109375
0 0.033203125 0.947265625 0.037109375 0.037109375
0 0.791015625 0.48828125 0.03515625 0.03515625
0 0.244140625 0.69140625 0.03515625 0.03515625
0 0.228515625 0.90234375 0.033203125 0.033203125
0 0.9453125 0.568359375 0.03125 0.03125
0 0.99609375 0.517578125 0.029296875 0.029296875
0 0.69140625 0.587890625 0.029296875 0.029296875
0 0.994140625 0.572265625 0.029296875 0.029296875
0 0.669921875 0.70703125 0.02734375 0.02734375
0 0.23828125 0.9453125 0.02734375 0.02734375
0 0.236328125 0.4140625 0.02734375 0.02734375
0 0.11328125 0.951171875 0.025390625 0.025390625
0 0.5 0.66796875 0.025390625 0.025390625
0 0.1953125 0.21875 0.025390625 0.025390625
