0 0.541015625 0.125 0.072265625 0.072265625
0 0.515625 0.28515625 0.060546875 0.060546875
0 0.642578125 0.26953125 0.060546875 0.060546875
0 0.0625 0.3046875 0.056640625 0.056640625
0 0.271484375 0.328125 0.056640625 0.056640625
0 0.62109375 0.083984375 0.05078125 0.05078125
0 0.55859375 0.30078125 0.041015625 0.041015625
0 0.169921875 0.04296875 0.03125 0.03125
0 0.8984375 0.240234375 0.029296875 0.029296875
0 0.94140625 0.130859375 0.02734375 0.02734375
0 0.064453125 0.134765625 0.02734375 0.02734375
0 0.1953125 0.2421875 0.025390625 0.025390625
0 0.49609375 0.0546875 0.025390625 0.025390625
0 0.515625 0.24609375 0.025390625 0.025390625
0 0.353515625 0.8359375 0.275390625 0.275390625
0 0.1953125 0.779296875 0.25 0.25
0 0.072265625 0.935546875 0.140625 0.140625
0 0.322265625 0.46484375 0.10546875 0.10546875
0 0.275390625 0.564453125 0.099609375 0.099609375
0 0.712890625 0.982421875 0.08984375 0.08984375
0 0.32421875 0.748046875 0.07421875 0.07421875
0 0.74609375 0.63671875 0.064453125 0.064453125
0 0.3828125 0.916015625 0.048828125 0.048828125
0 0.419921875 0.974609375 0.048828125 0.048828125
0 0.474609375 0.748046875 0.044921875 0.044921875
0 0.587890625 0.96875 0.04296875 0.04296875
0 0.455078125 0.99609375 0.04296875 0.04296875
0 0.708984375 0.6953125 0.0390625 0.0390625
0 0.662109375 0.431640625 0.0390625 0.0390625
0 0.47265625 0.33203125 0.03515625 0.03515625
0 0.810546875 0.361328125 0.033203125 0.033203125
0 0.91015625 0.380859375 0.033203125 0.033203125
0 0.12890625 0.35546875 0.033203125 0.033203125
0 0.966796875 0.71875 0.029296875 0.029296875
0 0.4921875 0.392578125 0.02734375 0.02734375
0 0.103515625 0.400390625 0.02734375 0.02734375
