0 0.201171875 0.75 0.322265625 0.322265625
0 0.12890625 0.23046875 0.23828125 0.23828125
0 0.48828125 0.310546875 0.181640625 0.181640625
0 0.765625 0.173828125 0.173828125 0.173828125
0 0.771484375 0.5859375 0.1328125 0.1328125
0 0.67578125 0.30859375 0.125 0.125
0 0.673828125 0.12890625 0.115234375 0.115234375
0 0.609375 0.53515625 0.05859375 0.05859375
0 0.818359375 0.84765625 0.05859375 0.05859375
0 0.810546875 0.78125 0.0546875 0.0546875
0 0.408203125 0.306640625 0.0546875 0.0546875
0 0.43359375 0.734375 0.05078125 0.05078125
0 0.72265625 0.73828125 0.048828125 0.048828125
0 0.642578125 0.09375 0.041015625 0.041015625
0 0.931640625 0.466796875 0.041015625 0.041015625
0 0.740234375 0.86328125 0.041015625 0.041015625
0 0.25390625 0.724609375 0.037109375 0.037109375
0 0.34375 0.607421875 0.03515625 0.03515625
0 0.1484375 0.5 0.03515625 0.03515625
0 0.375 0.548828125 0.03515625 0.03515625
0 0.046875 0.591796875 0.033203125 0.033203125
0 0.65625 0.66796875 0.033203125 0.033203125
0 0.791015625 0.240234375 0.033203125 0.033203125
0 0.494140625 0.830078125 0.029296875 0.029296875
0 0.328125 0.044921875 0.02734375 0.02734375
0 0.521484375 0.287109375 0.025390625 0.025390625
0 0.171875 0.0 0.025390625 0.025390625
