0 0.89453125 0.134765625 0.177734375 0.177734375
0 0.369140625 0.9765625 0.138671875 0.138671875
0 0.58203125 0.90625 0.10546875 0.10546875
0 0.171875 0.861328125 0.099609375 0.099609375
0 0.013671875 0.0703125 0.08984375 0.08984375
0 0.52734375 0.94921875 0.0546875 0.0546875
0 0.037109375 0.587890625 0.0546875 0.0546875
0 0.0078125 0.09765625 0.04296875 0.04296875
0 0.166015625 0.224609375 0.041015625 0.041015625
0 0.353515625 0.416015625 0.041015625 0.041015625
0 0.685546875 0.681640625 0.037109375 0.037109375
0 0.7265625 0.951171875 0.03515625 0.03515625
0 0.53125 0.275390625 0.03515625 0.03515625
0 0.568359375 0.29296875 0.033203125 0.033203125
0 0.650390625 0.15234375 0.03125 0.03125
0 0.322265625 0.4375 0.03125 0.03125
0 0.77734375 0.556640625 0.029296875 0.029296875
0 0.95703125 0.193359375 0.025390625 0.025390625
0 0.42578125 0.419921875 0.025390625 0.025390625
