0 0.935546875 0.1171875 0.21484375 0.21484375
0 0.771484375 0.49609375 0.171875 0.171875
0 0.06640625 0.359375 0.109375 0.109375
0 0.21484375 0.69140625 0.10546875 0.10546875
0 0.94921875 0.27734375 0.080078125 0.080078125
0 0.447265625 0.9765625 0.05859375 0.05859375
0 0.91015625 0.521484375 0.0546875 0.0546875
0 0.009765625 0.427734375 0.052734375 0.052734375
0 0.732421875 0.4453125 0.052734375 0.052734375
0 0.294921875 0.525390625 0.05078125 0.05078125
0 0.537109375 0.60546875 0.046875 0.046875
0 0.484375 0.884765625 0.044921875 0.044921875
0 0.5 0.525390625 0.044921875 0.044921875
0 0.703125 0.501953125 0.041015625 0.041015625
0 0.880859375 0.26171875 0.0390625 0.0390625
0 0.931640625 0.7265625 0.0390625 0.0390625
0 0.994140625 0.69140625 0.037109375 0.037109375
0 0.751953125 0.359375 0.03125 0.03125
0 0.744140625 0.423828125 0.029296875 0.029296875
0 0.578125 0.677734375 0.029296875 0.029296875
0 0.716796875 0.880859375 0.02734375 0.02734375
0 0.791015625 0.625 0.02734375 0.02734375
0 0.564453125 0.982421875 0.02734375 0.02734375
0 0.890625 0.794921875 0.02734375 0.02734375
0 0.744140625 0.57421875 0.02734375 0.02734375
0 0.771484375 0.626953125 0.025390625 0.025390625
0 0.66796875 0.73828125 0.025390625 0.025390625
0 0.3984375 0.9296875 0.025390625 0.025390625
