0 0.095703125 0.12890625 0.240234375 0.240234375
0 0.24609375 0.724609375 0.2109375 0.2109375
0 0.10546875 0.376953125 0.169921875 0.169921875
0 0.9375 0.404296875 0.126953125 0.126953125
0 0.66796875 0.2578125 0.119140625 0.119140625
0 0.10546875 0.833984375 0.09375 0.09375
0 0.90234375 0.244140625 0.08984375 0.08984375
0 0.947265625 0.919921875 0.080078125 0.080078125
0 0.3359375 0.08203125 0.080078125 0.080078125
0 0.43359375 0.869140625 0.07421875 0.07421875
0 0.208984375 0.5703125 0.0625 0.0625
0 0.5 0.34765625 0.0546875 0.0546875
0 0.431640625 0.0859375 0.052734375 0.052734375
0 0.380859375 0.62109375 0.052734375 0.052734375
0 0.27734375 0.5234375 0.048828125 0.048828125
0 0.716796875 0.197265625 0.044921875 0.044921875
0 0.658203125 0.509765625 0.044921875 0.044921875
0 0.408203125 0.638671875 0.044921875 0.044921875
0 0.736328125 0.45703125 0.04296875 0.04296875
0 0.8671875 0.384765625 0.041015625 0.041015625
0 0.978515625 0.251953125 0.0390625 0.0390625
0 0.978515625 0.326171875 0.0390625 0.0390625
0 0.740234375 0.150390625 0.029296875 0.029296875
0 0.7109375 0.568359375 0.025390625 0.025390625
