0 0.904296875 0.39453125 0.23046875 0.23046875
0 0.84375 0.345703125 0.208984375 0.208984375
0 0.271484375 0.27734375 0.154296875 0.154296875
0 0.548828125 0.65625 0.1484375 0.1484375
0 0.994140625 0.802734375 0.125 0.125
0 0.548828125 0.51171875 0.115234375 0.115234375
0 0.216796875 0.578125 0.091796875 0.091796875
0 0.755859375 0.298828125 0.087890625 0.087890625
0 0.224609375 0.96484375 0.0859375 0.0859375
0 0.9453125 0.693359375 0.0859375 0.0859375
0 0.830078125 0.701171875 0.076171875 0.076171875
0 0.84765625 0.248046875 0.076171875 0.076171875
0 0.212890625 0.919921875 0.0703125 0.0703125
0 0.62890625 0.82421875 0.064453125 0.064453125
0 0.173828125 0.37109375 0.0625 0.0625
0 0.5234375 0.171875 0.0625 0.0625
0 0.828125 0.822265625 0.0625 0.0625
0 0.119140625 0.44140625 0.056640625 0.056640625
0 0.291015625 0.71484375 0.056640625 0.056640625
0 0.75390625 0.697265625 0.056640625 0.056640625
0 0.328125 0.361328125 0.048828125 0.048828125
0 0.08984375 0.7734375 0.046875 0.046875
0 0.396484375 0.3046875 0.046875 0.046875
0 0.404296875 0.28125 0.046875 0.046875
0 0.611328125 0.046875 0.044921875 0.044921875
0 0.6328125 0.0390625 0.044921875 0.044921875
0 0.984375 0.0234375 0.04296875 0.04296875
0 0.71875 0.2578125 0.041015625 0.041015625
0 0.74609375 0.423828125 0.041015625 0.041015625
0 0.7109375 0.890625 0.041015625 0.041015625
0 0.416015625 0.26953125 0.041015625 0.041015625
0 0.69140625 0.861328125 0.0390625 0.0390625
0 0.19921875 0.861328125 0.0390625 0.0390625
0 0.666015625 0.25390625 0.0390625 0.0390625
0 0.455078125 0.24609375 0.037109375 0.037109375
0 0.04296875 0.607421875 0.037109375 0.037109375
0 0.638671875 0.154296875 0.037109375 0.037109375
0 0.951171875 0.111328125 0.037109375 0.037109375
0 0.51953125 0.44921875 0.037109375 0.037109375
0 0.86328125 0.5703125 0.03515625 0.03515625
0 0.451171875 0.8203125 0.033203125 0.033203125
0 0.80859375 0.0703125 0.033203125 0.033203125
0 0.9921875 0.48046875 0.03125 0.03125
0 0.37890625 0.3984375 0.03125 0.03125
0 0.443359375 0.55859375 0.03125 0.03125
0 0.6953125 0.509765625 0.029296875 0.029296875
0 0.33203125 0.29296875 0.029296875 0.029296875
0 0.109375 0.3828125 0.029296875 0.029296875
0 0.841796875 0.513671875 0.029296875 0.029296875
0 0.9375 0.560546875 0.02734375 0.02734375
0 0.623046875 0.15625 0.02734375 0.02734375
0 0.138671875 0.615234375 0.02734375 0.02734375
0 0.310546875 0.64453125 0.02734375 0.02734375
