0 0.2265625 0.138671875 0.18359375 0.18359375
0 0.814453125 0.8828125 0.18359375 0.18359375
0 0.521484375 0.181640625 0.1640625 0.1640625
0 0.4375 0.9140625 0.162109375 0.162109375
0 0.99609375 0.455078125 0.125 0.125
0 0.40234375 0.65625 0.10546875 0.10546875
0 0.4375 0.509765625 0.103515625 0.103515625
0 0.3359375 0.830078125 0.095703125 0.095703125
0 0.912109375 0.5390625 0.072265625 0.072265625
0 0.333984375 0.53125 0.060546875 0.060546875
0 0.8359375 0.56640625 0.060546875 0.060546875
0 0.365234375 0.07421875 0.05859375 0.05859375
0 0.68359375 0.609375 0.056640625 0.056640625
0 0.9296875 0.830078125 0.0546875 0.0546875
0 0.755859375 0.826171875 0.0546875 0.0546875
0 0.12890625 0.0 0.0546875 0.0546875
0 0.095703125 0.0078125 0.046875 0.046875
0 0.80078125 0.984375 0.046875 0.046875
0 0.248046875 0.359375 0.044921875 0.044921875
0 0.384765625 0.69921875 0.04296875 0.04296875
0 0.34765625 0.716796875 0.041015625 0.041015625
0 0.123046875 0.18359375 0.0390625 0.0390625
0 0.802734375 0.34375 0.0390625 0.0390625
0 0.5078125 0.392578125 0.037109375 0.037109375
0 0.23828125 0.802734375 0.037109375 0.037109375
0 0.42578125 0.484375 0.037109375 0.037109375
0 0.890625 0.255859375 0.037109375 0.037109375
0 0.060546875 0.392578125 0.03515625 0.03515625
0 0.37109375 0.279296875 0.03515625 0.03515625
0 0.8125 0.599609375 0.03515625 0.03515625
0 0.630859375 0.2265625 0.033203125 0.033203125
0 0.61328125 0.94921875 0.03125 0.03125
0 0.0859375 0.361328125 0.03125 0.03125
0 0.76953125 0.548828125 0.029296875 0.029296875
0 0.396484375 0.3984375 0.029296875 0.029296875
0 0.26171875 0.48046875 0.029296875 0.029296875
0 0.03125 0.25390625 0.02734375 0.02734375
0 0.875 0.2109375 0.025390625 0.025390625
0 0.154296875 0.509765625 0.025390625 0.025390625
