0 0.685546875 0.171875 0.130859375 0.130859375
0 0.8359375 0.1484375 0.125 0.125
0 0.546875 0.0234375 0.111328125 0.111328125
0 0.3203125 0.28125 0.107421875 0.107421875
0 0.91015625 0.16015625 0.078125 0.078125
0 0.369140625 0.25390625 0.076171875 0.076171875
0 0.95703125 0.173828125 0.072265625 0.072265625
0 0.884765625 0.1953125 0.0703125 0.0703125
0 0.099609375 0.232421875 0.056640625 0.056640625
0 0.041015625 0.05078125 0.044921875 0.044921875
0 0.62109375 0.279296875 0.037109375 0.037109375
0 0.62109375 0.20703125 0.033203125 0.033203125
0 0.89453125 0.259765625 0.03125 0.03125
0 0.65625 0.5625 0.244140625 0.244140625
0 0.87109375 0.876953125 0.19140625 0.19140625
0 0.533203125 0.84765625 0.162109375 0.162109375
0 0.6796875 0.7734375 0.14453125 0.14453125
0 0.5390625 0.71875 0.1171875 0.1171875
0 0.30859375 0.75390625 0.1171875 0.1171875
0 0.01953125 0.931640625 0.1171875 0.1171875
0 0.380859375 0.833984375 0.1015625 0.1015625
0 0.369140625 0.919921875 0.095703125 0.095703125
0 0.5 0.361328125 0.08984375 0.08984375
0 0.205078125 0.537109375 0.087890625 0.087890625
0 0.923828125 0.45703125 0.076171875 0.076171875
0 0.6015625 0.38671875 0.0703125 0.0703125
0 0.435546875 0.3515625 0.06640625 0.06640625
0 0.369140625 0.6015625 0.05859375 0.05859375
0 0.853515625 0.48046875 0.056640625 0.056640625
0 0.390625 0.634765625 0.044921875 0.044921875
0 0.62109375 0.51171875 0.044921875 0.044921875
0 0.6953125 0.703125 0.04296875 0.04296875
0 0.24609375 0.357421875 0.04296875 0.04296875
0 0.69140625 0.365234375 0.04296875 0.04296875
0 0.693359375 0.65625 0.041015625 0.041015625
0 0.31640625 0.798828125 0.0390625 0.0390625
0 0.974609375 0.5234375 0.0390625 0.0390625
0 0.0234375 0.853515625 0.03515625 0.03515625
0 0.140625 0.89453125 0.033203125 0.033203125
0 0.142578125 0.3359375 0.033203125 0.033203125
0 0.1171875 0.951171875 0.029296875 0.029296875
0 0.123046875 0.75390625 0.029296875 0.029296875
0 0.306640625 0.814453125 0.02734375 0.02734375
0 0.03125 0.349609375 0.02734375 0.02734375
0 0.0078125 0.564453125 0.025390625 0.025390625
