0 0.1875 0.5 0.162109375 0.162109375
0 0.701171875 0.41015625 0.123046875 0.123046875
0 0.345703125 0.1328125 0.11328125 0.11328125
0 0.958984375 0.611328125 0.07421875 0.07421875
0 0.525390625 0.263671875 0.068359375 0.068359375
0 0.53515625 0.404296875 0.056640625 0.056640625
0 0.173828125 0.654296875 0.0546875 0.0546875
0 0.830078125 0.05859375 0.041015625 0.041015625
0 0.421875 0.494140625 0.03515625 0.03515625
0 0.548828125 0.4765625 0.03125 0.03125
0 0.59765625 0.41796875 0.03125 0.03125
0 0.435546875 0.623046875 0.029296875 0.029296875
0 0.3671875 0.6484375 0.029296875 0.029296875
0 0.486328125 0.556640625 0.029296875 0.029296875
0 0.46875 0.49609375 0.029296875 0.029296875
0 0.3515625 0.541015625 0.02734375 0.02734375
0 0.87890625 0.62109375 0.02734375 0.02734375
0 0.419921875 0.541015625 0.02734375 0.02734375
0 0.810546875 0.8984375 0.26171875 0.26171875
0 0.259765625 0.97265625 0.18359375 0.18359375
0 0.802734375 0.970703125 0.087890625 0.087890625
0 0.115234375 0.8203125 0.08203125 0.08203125
0 0.203125 0.796875 0.0703125 0.0703125
0 0.251953125 0.990234375 0.06640625 0.06640625
0 0.099609375 0.8359375 0.060546875 0.060546875
0 0.15625 0.923828125 0.060546875 0.060546875
0 0.8671875 0.736328125 0.0546875 0.0546875
0 0.966796875 0.859375 0.044921875 0.044921875
0 0.859375 0.77734375 0.04296875 0.04296875
0 0.1484375 0.966796875 0.037109375 0.037109375
0 0.904296875 0.89453125 0.03125 0.03125
0 0.1328125 0.71875 0.029296875 0.029296875
0 0.662109375 0.87890625 0.029296875 0.029296875
0 0.03515625 0.68359375 0.02734375 0.02734375
0 0.16015625 0.861328125 0.025390625 0.025390625
