0 0.68359375 0.1640625 0.19140625 0.19140625
0 0.439453125 0.484375 0.09375 0.09375
0 0.505859375 0.619140625 0.087890625 0.087890625
0 0.3828125 0.08984375 0.0625 0.0625
0 0.6328125 0.029296875 0.060546875 0.060546875
0 0.5 0.841796875 0.052734375 0.052734375
0 0.162109375 0.52734375 0.048828125 0.048828125
0 0.013671875 0.7578125 0.048828125 0.048828125
0 0.859375 0.650390625 0.046875 0.046875
0 0.837890625 0.59375 0.041015625 0.041015625
0 0.4921875 0.5078125 0.037109375 0.037109375
0 0.751953125 0.626953125 0.029296875 0.029296875
0 0.3359375 0.666015625 0.029296875 0.029296875
0 0.615234375 0.599609375 0.02734375 0.02734375
0 0.134765625 0.1171875 0.02734375 0.02734375
0 0.75390625 0.455078125 0.02734375 0.02734375
