0 0.12109375 0.650390625 0.0703125 0.0703125
0 0.400390625 0.626953125 0.06640625 0.06640625
0 0.625 0.3984375 0.0625 0.0625
0 0.0078125 0.9921875 0.046875 0.046875
0 0.140625 0.0 0.037109375 0.037109375
0 0.005859375 0.275390625 0.033203125 0.033203125
0 0.96484375 0.9921875 0.03125 0.03125
0 0.513671875 0.4453125 0.029296875 0.029296875
0 0.298828125 0.376953125 0.02734375 0.02734375
0 0.328125 0.78515625 0.025390625 0.025390625
0 0.125 0.115234375 0.025390625 0.025390625
0 0.5078125 0.8203125 0.025390625 0.025390625
