0 0.07421875 0.86328125 0.205078125 0.205078125
0 0.1953125 0.302734375 0.150390625 0.150390625
0 0.0859375 0.677734375 0.109375 0.109375
0 0.912109375 0.2734375 0.109375 0.109375
0 0.529296875 0.3203125 0.099609375 0.099609375
0 0.9296875 0.087890625 0.0859375 0.0859375
0 0.1953125 0.3828125 0.08203125 0.08203125
0 0.2734375 0.9609375 0.068359375 0.068359375
0 0.3203125 0.3203125 0.0625 0.0625
0 0.25390625 0.41796875 0.05078125 0.05078125
0 0.916015625 0.447265625 0.048828125 0.048828125
0 0.765625 0.013671875 0.044921875 0.044921875
0 0.30078125 0.08203125 0.04296875 0.04296875
0 0.609375 0.236328125 0.033203125 0.033203125
0 0.81640625 0.51171875 0.03125 0.03125
0 0.962890625 0.328125 0.029296875 0.029296875
0 0.427734375 0.126953125 0.029296875 0.029296875
0 0.921875 0.890625 0.02734375 0.02734375
0 0.22265625 0.736328125 0.02734375 0.02734375
