0 0.484375 0.96484375 0.20703125 0.20703125
0 0.828125 0.107421875 0.20703125 0.20703125
0 0.443359375 0.158203125 0.166015625 0.166015625
0 0.837890625 0.8671875 0.13671875 0.13671875
0 0.66796875 0.07421875 0.13671875 0.13671875
0 0.48046875 0.083984375 0.126953125 0.126953125
0 0.89453125 0.994140625 0.123046875 0.123046875
0 0.326171875 0.5859375 0.095703125 0.095703125
0 0.337890625 0.736328125 0.091796875 0.091796875
0 0.662109375 0.970703125 0.087890625 0.087890625
0 0.455078125 0.8203125 0.076171875 0.076171875
0 0.673828125 0.271484375 0.068359375 0.068359375
0 0.93359375 0.841796875 0.0625 0.0625
0 0.634765625 0.59765625 0.0625 0.0625
0 0.322265625 0.177734375 0.0625 0.0625
0 0.4296875 0.08984375 0.0546875 0.0546875
0 0.439453125 0.427734375 0.052734375 0.052734375
0 0.515625 0.037109375 0.052734375 0.052734375
0 0.58203125 0.078125 0.044921875 0.044921875
0 0.763671875 0.5625 0.044921875 0.044921875
0 0.93359375 0.17578125 0.04296875 0.04296875
0 0.146484375 0.01953125 0.04296875 0.04296875
0 0.919921875 0.6171875 0.041015625 0.041015625
0 0.994140625 0.05078125 0.0390625 0.0390625
0 0.1484375 0.4921875 0.0390625 0.0390625
0 0.228515625 0.52734375 0.0390625 0.0390625
0 0.080078125 0.724609375 0.037109375 0.037109375
0 0.7109375 0.474609375 0.03515625 0.03515625
0 0.216796875 0.560546875 0.033203125 0.033203125
0 0.1328125 0.505859375 0.03125 0.03125
0 0.78125 0.478515625 0.029296875 0.029296875
0 0.7578125 0.72265625 0.029296875 0.029296875
0 0.037109375 0.828125 0.029296875 0.029296875
0 0.666015625 0.80859375 0.029296875 0.029296875
0 0.435546875 0.55859375 0.02734375 0.02734375
0 0.18359375 0.580078125 0.02734375 0.02734375
0 0.951171875 0.470703125 0.02734375 0.02734375
0 0.91015625 0.779296875 0.02734375 0.02734375
0 0.0078125 0.33203125 0.025390625 0.025390625
0 0.580078125 0.103515625 0.025390625 0.025390625
0 0.369140625 0.98046875 0.025390625 0.025390625
0 0.572265625 0.8515625 0.025390625 0.025390625
