0 0.21484375 0.40234375 0.169921875 0.169921875
0 0.263671875 0.8203125 0.11328125 0.11328125
0 0.486328125 0.2734375 0.09765625 0.09765625
0 0.26953125 0.935546875 0.08203125 0.08203125
0 0.6875 0.53125 0.056640625 0.056640625
0 0.509765625 0.9453125 0.0546875 0.0546875
0 0.453125 0.076171875 0.0546875 0.0546875
0 0.48046875 0.896484375 0.048828125 0.048828125
0 0.892578125 0.46484375 0.044921875 0.044921875
0 0.8671875 0.265625 0.044921875 0.044921875
0 0.27734375 0.412109375 0.0390625 0.0390625
0 0.5703125 0.93359375 0.0390625 0.0390625
0 0.681640625 0.220703125 0.037109375 0.037109375
0 0.08203125 0.8515625 0.03125 0.03125
0 0.6484375 0.955078125 0.03125 0.03125
0 0.724609375 0.537109375 0.029296875 0.029296875
0 0.14453125 0.091796875 0.029296875 0.029296875
0 0.5390625 0.70703125 0.02734375 0.02734375
0 0.0390625 0.15234375 0.02734375 0.02734375
