0 0.455078125 0.44140625 0.134765625 0.134765625
0 0.876953125 0.4765625 0.109375 0.109375
0 0.458984375 0.666015625 0.083984375 0.083984375
0 0.654296875 0.658203125 0.083984375 0.083984375
0 0.107421875 0.251953125 0.07421875 0.07421875
0 0.466796875 0.888671875 0.0625 0.0625
0 0.193359375 0.30859375 0.0625 0.0625
0 0.689453125 0.46484375 0.056640625 0.056640625
0 0.8671875 0.875 0.05078125 0.05078125
0 0.576171875 0.4296875 0.046875 0.046875
0 0.609375 0.3671875 0.046875 0.046875
0 0.958984375 0.34765625 0.046875 0.046875
0 0.67578125 0.109375 0.044921875 0.044921875
0 0.91015625 0.568359375 0.04296875 0.04296875
0 0.296875 0.22265625 0.041015625 0.041015625
0 0.478515625 0.111328125 0.0390625 0.0390625
0 0.515625 0.763671875 0.0390625 0.0390625
0 0.296875 0.935546875 0.03515625 0.03515625
0 0.294921875 0.720703125 0.033203125 0.033203125
0 0.173828125 0.599609375 0.033203125 0.033203125
0 0.57421875 0.8984375 0.03125 0.03125
0 0.212890625 0.380859375 0.03125 0.03125
0 0.345703125 0.26953125 0.029296875 0.029296875
0 0.171875 0.453125 0.029296875 0.029296875
0 0.6953125 0.7734375 0.02734375 0.02734375
0 0.26171875 0.849609375 0.02734375 0.02734375
0 0.75390625 0.408203125 0.02734375 0.02734375
0 0.841796875 0.04296875 0.02734375 0.02734375
0 0.17578125 0.69140625 0.02734375 0.02734375
0 0.580078125 0.87109375 0.025390625 0.025390625
