0 0.6796875 0.740234375 0.1015625 0.1015625
0 0.580078125 0.33203125 0.0859375 0.0859375
0 0.615234375 0.81640625 0.060546875 0.060546875
0 0.673828125 0.447265625 0.060546875 0.060546875
0 0.58203125 0.041015625 0.0546875 0.0546875
0 0.26953125 0.05859375 0.048828125 0.048828125
0 0.02734375 0.765625 0.04296875 0.04296875
0 0.2734375 0.75390625 0.0390625 0.0390625
0 0.732421875 0.564453125 0.0390625 0.0390625
0 0.302734375 0.548828125 0.03515625 0.03515625
0 0.4921875 0.185546875 0.033203125 0.033203125
0 0.29296875 0.365234375 0.029296875 0.029296875
0 0.53515625 0.13671875 0.02734375 0.02734375
0 0.513671875 0.107421875 0.025390625 0.025390625
