0 0.208984375 0.359375 0.158203125 0.158203125
0 0.40625 0.400390625 0.15625 0.15625
0 0.923828125 0.21484375 0.14453125 0.14453125
0 0.318359375 0.7421875 0.1328125 0.1328125
0 0.474609375 0.736328125 0.103515625 0.103515625
0 0.15234375 0.40234375 0.08984375 0.08984375
0 0.216796875 0.5078125 0.087890625 0.087890625
0 0.337890625 0.287109375 0.083984375 0.083984375
0 0.404296875 0.81640625 0.076171875 0.076171875
0 0.28125 0.373046875 0.05859375 0.05859375
0 0.611328125 0.80859375 0.048828125 0.048828125
0 0.275390625 0.279296875 0.037109375 0.037109375
0 0.373046875 0.1640625 0.03515625 0.03515625
0 0.65234375 0.912109375 0.03125 0.03125
0 0.25390625 0.443359375 0.029296875 0.029296875
