0 0.28125 0.4609375 0.126953125 0.126953125
0 0.265625 0.26171875 0.119140625 0.119140625
0 0.494140625 0.763671875 0.111328125 0.111328125
0 0.443359375 0.837890625 0.103515625 0.103515625
0 0.876953125 0.505859375 0.103515625 0.103515625
0 0.78515625 0.525390625 0.095703125 0.095703125
0 0.46484375 0.728515625 0.091796875 0.091796875
0 0.689453125 0.322265625 0.087890625 0.087890625
0 0.142578125 0.84375 0.06640625 0.06640625
0 0.732421875 0.263671875 0.0625 0.0625
0 0.9765625 0.5703125 0.05859375 0.05859375
0 0.890625 0.1484375 0.0546875 0.0546875
0 0.984375 0.4140625 0.044921875 0.044921875
0 0.14453125 0.423828125 0.03515625 0.03515625
0 0.453125 0.91015625 0.033203125 0.033203125
0 0.978515625 0.849609375 0.03125 0.03125
0 0.94140625 0.283203125 0.03125 0.03125
0 0.75 0.078125 0.029296875 0.029296875
0 0.97265625 0.9609375 0.029296875 0.029296875
0 0.91015625 0.20703125 0.02734375 0.02734375
