0 0.748046875 0.009765625 0.15625 0.15625
0 0.439453125 0.033203125 0.154296875 0.154296875
0 0.685546875 0.15625 0.150390625 0.150390625
0 0.5859375 0.03125 0.1484375 0.1484375
0 0.666015625 0.46875 0.130859375 0.130859375
0 0.828125 0.62109375 0.109375 0.109375
0 0.41796875 0.802734375 0.10546875 0.10546875
0 0.83203125 0.765625 0.10546875 0.10546875
0 0.529296875 0.744140625 0.08984375 0.08984375
0 0.6328125 0.673828125 0.087890625 0.087890625
0 0.509765625 0.708984375 0.076171875 0.076171875
0 0.669921875 0.291015625 0.07421875 0.07421875
0 0.90625 0.24609375 0.07421875 0.07421875
0 0.490234375 0.580078125 0.068359375 0.068359375
0 0.3515625 0.205078125 0.068359375 0.068359375
0 0.5234375 0.87890625 0.064453125 0.064453125
0 0.28125 0.498046875 0.0625 0.0625
0 0.486328125 0.662109375 0.0625 0.0625
0 0.30859375 0.6015625 0.05859375 0.05859375
0 0.052734375 0.18359375 0.05859375 0.05859375
0 0.455078125 0.353515625 0.0546875 0.0546875
0 0.5078125 0.2421875 0.048828125 0.048828125
0 0.732421875 0.90625 0.048828125 0.048828125
0 0.97265625 0.197265625 0.04296875 0.04296875
0 0.150390625 0.919921875 0.04296875 0.04296875
0 0.521484375 0.177734375 0.041015625 0.041015625
0 0.08203125 0.0234375 0.0390625 0.0390625
0 0.017578125 0.216796875 0.0390625 0.0390625
0 0.05859375 0.91796875 0.037109375 0.037109375
0 0.291015625 0.8984375 0.037109375 0.037109375
0 0.947265625 0.314453125 0.03515625 0.03515625
0 0.796875 0.4921875 0.029296875 0.029296875
0 0.90234375 0.505859375 0.029296875 0.029296875
0 0.478515625 0.921875 0.02734375 0.02734375
