0 0.013671875 0.734375 0.29296875 0.29296875
0 0.400390625 0.08203125 0.162109375 0.162109375
0 0.26171875 0.228515625 0.1484375 0.1484375
0 0.6796875 0.34375 0.125 0.125
0 0.23046875 0.576171875 0.103515625 0.103515625
0 0.947265625 0.314453125 0.08984375 0.08984375
0 0.212890625 0.802734375 0.087890625 0.087890625
0 0.9921875 0.18359375 0.080078125 0.080078125
0 0.140625 0.28515625 0.078125 0.078125
0 0.01953125 0.466796875 0.078125 0.078125
0 0.8359375 0.337890625 0.076171875 0.076171875
0 0.892578125 0.11328125 0.07421875 0.07421875
0 0.0078125 0.310546875 0.05859375 0.05859375
0 0.875 0.40234375 0.052734375 0.052734375
0 0.16015625 0.26171875 0.05078125 0.05078125
0 0.416015625 0.244140625 0.048828125 0.048828125
0 0.30859375 0.11328125 0.048828125 0.048828125
0 0.353515625 0.97265625 0.048828125 0.048828125
0 0.36328125 0.533203125 0.044921875 0.044921875
0 0.041015625 0.828125 0.044921875 0.044921875
0 0.412109375 0.986328125 0.041015625 0.041015625
0 0.033203125 0.056640625 0.03515625 0.03515625
0 0.166015625 0.646484375 0.03515625 0.03515625
0 0.107421875 0.486328125 0.03125 0.03125
0 0.83984375 0.279296875 0.03125 0.03125
0 0.3515625 0.677734375 0.03125 0.03125
0 0.9375 0.171875 0.03125 0.03125
0 0.33203125 0.390625 0.029296875 0.029296875
0 0.525390625 0.107421875 0.029296875 0.029296875
0 0.369140625 0.439453125 0.02734375 0.02734375
0 0.171875 0.76953125 0.025390625 0.025390625
0 0.57421875 0.83984375 0.025390625 0.025390625
0 0.6015625 0.263671875 0.025390625 0.025390625
