0 0.103515625 0.96875 0.18359375 0.18359375
0 0.251953125 0.201171875 0.14453125 0.14453125
0 0.46484375 0.576171875 0.091796875 0.091796875
0 0.634765625 0.220703125 0.0859375 0.0859375
0 0.572265625 0.951171875 0.078125 0.078125
0 0.408203125 0.388671875 0.076171875 0.076171875
0 0.48046875 0.38671875 0.07421875 0.07421875
0 0.76171875 0.783203125 0.0625 0.0625
0 0.529296875 0.34765625 0.060546875 0.060546875
0 0.3203125 0.5234375 0.0546875 0.0546875
0 0.427734375 0.76953125 0.048828125 0.048828125
0 0.87109375 0.505859375 0.048828125 0.048828125
0 0.51953125 0.29296875 0.044921875 0.044921875
0 0.60546875 0.298828125 0.04296875 0.04296875
0 0.77734375 0.705078125 0.04296875 0.04296875
0 0.404296875 0.60546875 0.041015625 0.041015625
0 0.73828125 0.03125 0.041015625 0.041015625
0 0.21484375 0.953125 0.037109375 0.037109375
0 0.529296875 0.69921875 0.033203125 0.033203125
0 0.2421875 0.685546875 0.033203125 0.033203125
0 0.232421875 0.677734375 0.033203125 0.033203125
0 0.228515625 0.990234375 0.029296875 0.029296875
0 0.8203125 0.439453125 0.029296875 0.029296875
0 0.390625 0.130859375 0.029296875 0.029296875
0 0.447265625 0.984375 0.02734375 0.02734375
