0 0.994140625 0.349609375 0.265625 0.265625
0 0.19140625 0.375 0.2265625 0.2265625
0 0.931640625 0.083984375 0.2265625 0.2265625
0 0.677734375 0.193359375 0.220703125 0.220703125
0 0.185546875 0.068359375 0.181640625 0.181640625
0 0.91015625 0.83203125 0.119140625 0.119140625
0 0.33203125 0.064453125 0.1171875 0.1171875
0 0.603515625 0.251953125 0.115234375 0.115234375
0 0.869140625 0.982421875 0.115234375 0.115234375
0 0.275390625 0.9453125 0.09765625 0.09765625
0 0.974609375 0.615234375 0.08984375 0.08984375
0 0.8125 0.595703125 0.087890625 0.087890625
0 0.212890625 0.86328125 0.080078125 0.080078125
0 0.76953125 0.5078125 0.078125 0.078125
0 0.560546875 0.44921875 0.076171875 0.076171875
0 0.052734375 0.798828125 0.0703125 0.0703125
0 0.001953125 0.57421875 0.0703125 0.0703125
0 0.759765625 0.279296875 0.068359375 0.068359375
0 0.65234375 0.509765625 0.0625 0.0625
0 0.0078125 0.92578125 0.060546875 0.060546875
0 0.833984375 0.388671875 0.056640625 0.056640625
0 0.05078125 0.11328125 0.056640625 0.056640625
0 0.412109375 0.861328125 0.0546875 0.0546875
0 0.64453125 0.732421875 0.0546875 0.0546875
0 0.166015625 0.85546875 0.0546875 0.0546875
0 0.53515625 0.650390625 0.05078125 0.05078125
0 0.439453125 0.11328125 0.048828125 0.048828125
0 0.150390625 0.75 0.044921875 0.044921875
0 0.146484375 0.564453125 0.04296875 0.04296875
0 0.103515625 0.84765625 0.041015625 0.041015625
0 0.490234375 0.248046875 0.041015625 0.041015625
0 0.57421875 0.93359375 0.037109375 0.037109375
0 0.5 0.12109375 0.033203125 0.033203125
0 0.5234375 0.154296875 0.03125 0.03125
0 0.228515625 0.556640625 0.03125 0.03125
0 0.763671875 0.251953125 0.03125 0.03125
0 0.77734375 0.373046875 0.03125 0.03125
0 0.837890625 0.771484375 0.029296875 0.029296875
0 0.3046875 0.103515625 0.02734375 0.02734375
0 0.212890625 0.490234375 0.02734375 0.02734375
0 0.412109375 0.771484375 0.02734375 0.02734375
0 0.060546875 0.296875 0.025390625 0.025390625
0 0.8828125 0.4921875 0.025390625 0.025390625
