0 0.873046875 0.69921875 0.271484375 0.271484375
0 0.6796875 0.84375 0.263671875 0.263671875
0 0.09765625 0.419921875 0.203125 0.203125
0 0.275390625 0.0 0.197265625 0.197265625
0 0.44140625 0.0625 0.13671875 0.13671875
0 0.13671875 0.61328125 0.1171875 0.1171875
0 0.876953125 0.91796875 0.111328125 0.111328125
0 0.43359375 0.4921875 0.107421875 0.107421875
0 0.857421875 0.494140625 0.1015625 0.1015625
0 0.443359375 0.578125 0.091796875 0.091796875
0 0.583984375 0.4453125 0.076171875 0.076171875
0 0.90625 0.875 0.07421875 0.07421875
0 0.484375 0.859375 0.060546875 0.060546875
0 0.650390625 0.232421875 0.0546875 0.0546875
0 0.974609375 0.123046875 0.052734375 0.052734375
0 0.939453125 0.96875 0.05078125 0.05078125
0 0.791015625 0.384765625 0.046875 0.046875
0 0.568359375 0.951171875 0.044921875 0.044921875
0 0.27734375 0.755859375 0.044921875 0.044921875
0 0.546875 0.91796875 0.04296875 0.04296875
0 0.6640625 0.74609375 0.0390625 0.0390625
0 0.29296875 0.291015625 0.03515625 0.03515625
0 0.091796875 0.8984375 0.03515625 0.03515625
0 0.326171875 0.3828125 0.033203125 0.033203125
0 0.75390625 0.08984375 0.03125 0.03125
0 0.6796875 0.447265625 0.03125 0.03125
0 0.029296875 0.8203125 0.03125 0.03125
0 0.552734375 0.484375 0.029296875 0.029296875
0 0.5546875 0.828125 0.029296875 0.029296875
0 0.666015625 0.123046875 0.029296875 0.029296875
0 0.638671875 0.291015625 0.029296875 0.029296875
0 0.35546875 0.87890625 0.029296875 0.029296875
0 0.142578125 0.669921875 0.02734375 0.02734375
0 0.349609375 0.72265625 0.02734375 0.02734375
0 0.564453125 0.39453125 0.02734375 0.02734375
0 0.556640625 0.408203125 0.02734375 0.02734375
0 0.00390625 0.486328125 0.02734375 0.02734375
