0 0.16796875 0.251953125 0.275390625 0.275390625
0 0.85546875 0.861328125 0.14453125 0.14453125
0 0.8359375 0.73828125 0.119140625 0.119140625
0 0.119140625 0.28125 0.099609375 0.099609375
0 0.796875 0.388671875 0.09765625 0.09765625
0 0.470703125 0.421875 0.08984375 0.08984375
0 0.763671875 0.783203125 0.08984375 0.08984375
0 0.9609375 0.171875 0.078125 0.078125
0 0.01953125 0.2890625 0.068359375 0.068359375
0 0.412109375 0.48828125 0.064453125 0.064453125
0 0.11328125 0.734375 0.0546875 0.0546875
0 0.79296875 0.92578125 0.0546875 0.0546875
0 0.849609375 0.126953125 0.05078125 0.05078125
0 0.599609375 0.935546875 0.05078125 0.05078125
0 0.9609375 0.453125 0.048828125 0.048828125
0 0.048828125 0.4765625 0.046875 0.046875
0 0.48046875 0.1484375 0.046875 0.046875
0 0.859375 0.51953125 0.044921875 0.044921875
0 0.94140625 0.501953125 0.04296875 0.04296875
0 0.078125 0.84375 0.04296875 0.04296875
0 0.642578125 0.4765625 0.041015625 0.041015625
0 0.140625 0.138671875 0.041015625 0.041015625
0 0.759765625 0.306640625 0.041015625 0.041015625
0 0.98828125 0.271484375 0.037109375 0.037109375
0 0.109375 0.17578125 0.033203125 0.033203125
0 0.970703125 0.078125 0.033203125 0.033203125
0 0.572265625 0.66015625 0.03125 0.03125
0 0.62890625 0.33203125 0.03125 0.03125
0 0.912109375 0.57421875 0.03125 0.03125
0 0.58203125 0.69921875 0.029296875 0.029296875
0 0.435546875 0.55078125 0.029296875 0.029296875
0 0.263671875 0.078125 0.029296875 0.029296875
0 0.541015625 0.146484375 0.029296875 0.029296875
0 0.912109375 0.3671875 0.029296875 0.029296875
0 0.08203125 0.416015625 0.02734375 0.02734375
0 0.564453125 0.150390625 0.02734375 0.02734375
0 0.5234375 0.83984375 0.02734375 0.02734375
0 0.97265625 0.29296875 0.02734375 0.02734375
0 0.193359375 0.173828125 0.02734375 0.02734375
0 0.466796875 0.107421875 0.025390625 0.025390625
0 0.548828125 0.109375 0.025390625 0.025390625
0 0.876953125 0.310546875 0.025390625 0.025390625
0 0.515625 0.2734375 0.025390625 0.025390625
