0 0.416015625 0.12890625 0.1953125 0.1953125
0 0.4609375 0.6015625 0.126953125 0.126953125
0 0.01953125 0.763671875 0.103515625 0.103515625
0 0.42578125 0.732421875 0.09375 0.09375
0 0.96875 0.701171875 0.091796875 0.091796875
0 0.099609375 0.255859375 0.08984375 0.08984375
0 0.2265625 0.435546875 0.087890625 0.087890625
0 0.64453125 0.14453125 0.0859375 0.0859375
0 0.439453125 0.669921875 0.0859375 0.0859375
0 0.337890625 0.8515625 0.08203125 0.08203125
0 0.685546875 0.962890625 0.08203125 0.08203125
0 0.08984375 0.6171875 0.08203125 0.08203125
0 0.9609375 0.828125 0.080078125 0.080078125
0 0.3046875 0.681640625 0.0703125 0.0703125
0 0.4921875 0.814453125 0.0703125 0.0703125
0 0.2578125 0.55078125 0.0703125 0.0703125
0 0.830078125 0.013671875 0.068359375 0.068359375
0 0.27734375 0.658203125 0.068359375 0.068359375
0 0.669921875 0.48046875 0.064453125 0.064453125
0 0.203125 0.673828125 0.05859375 0.05859375
0 0.431640625 0.439453125 0.056640625 0.056640625
0 0.408203125 0.529296875 0.056640625 0.056640625
0 0.853515625 0.046875 0.056640625 0.056640625
0 0.19140625 0.828125 0.056640625 0.056640625
0 0.134765625 0.478515625 0.0546875 0.0546875
0 0.6171875 0.052734375 0.052734375 0.052734375
0 0.876953125 0.45703125 0.052734375 0.052734375
0 0.5625 0.916015625 0.052734375 0.052734375
0 0.345703125 0.216796875 0.052734375 0.052734375
0 0.044921875 0.580078125 0.048828125 0.048828125
0 0.8671875 0.0859375 0.046875 0.046875
0 0.140625 0.81640625 0.046875 0.046875
0 0.73046875 0.009765625 0.044921875 0.044921875
0 0.4140625 0.109375 0.044921875 0.044921875
0 0.4296875 0.228515625 0.04296875 0.04296875
0 0.3203125 0.720703125 0.04296875 0.04296875
0 0.748046875 0.69140625 0.04296875 0.04296875
0 0.994140625 0.3359375 0.041015625 0.041015625
0 0.201171875 0.015625 0.0390625 0.0390625
0 0.783203125 0.21875 0.03515625 0.03515625
0 0.54296875 0.603515625 0.03515625 0.03515625
0 0.275390625 0.0234375 0.033203125 0.033203125
0 0.5625 0.576171875 0.03125 0.03125
0 0.205078125 0.31640625 0.029296875 0.029296875
0 0.064453125 0.84765625 0.029296875 0.029296875
0 0.734375 0.1484375 0.02734375 0.02734375
0 0.255859375 0.2578125 0.02734375 0.02734375
0 0.798828125 0.953125 0.025390625 0.025390625
0 0.095703125 0.6796875 0.025390625 0.025390625
