0 0.2109375 0.61328125 0.1875 0.1875
0 0.302734375 0.931640625 0.134765625 0.134765625
0 0.7734375 0.91796875 0.1328125 0.1328125
0 0.662109375 0.869140625 0.123046875 0.123046875
0 0.857421875 0.806640625 0.119140625 0.119140625
0 0.56640625 0.96875 0.111328125 0.111328125
0 0.3046875 0.4296875 0.111328125 0.111328125
0 0.41015625 0.78515625 0.10546875 0.10546875
0 0.3046875 0.630859375 0.1015625 0.1015625
0 0.46484375 0.734375 0.08984375 0.08984375
0 0.353515625 0.5859375 0.0859375 0.0859375
0 0.1015625 0.890625 0.080078125 0.080078125
0 0.19140625 0.76171875 0.07421875 0.07421875
0 0.736328125 0.6953125 0.072265625 0.072265625
0 0.9765625 0.98828125 0.06640625 0.06640625
0 0.994140625 0.05078125 0.064453125 0.064453125
0 0.591796875 0.615234375 0.064453125 0.064453125
0 0.8984375 0.861328125 0.0625 0.0625
0 0.193359375 0.654296875 0.0625 0.0625
0 0.23828125 0.796875 0.060546875 0.060546875
0 0.234375 0.828125 0.060546875 0.060546875
0 0.46875 0.91015625 0.05859375 0.05859375
0 0.666015625 0.5234375 0.05859375 0.05859375
0 0.544921875 0.65625 0.056640625 0.056640625
0 0.400390625 0.697265625 0.056640625 0.056640625
0 0.984375 0.6484375 0.0546875 0.0546875
0 0.44140625 0.638671875 0.0546875 0.0546875
0 0.982421875 0.771484375 0.052734375 0.052734375
0 0.650390625 0.60546875 0.052734375 0.052734375
0 0.873046875 0.056640625 0.05078125 0.05078125
0 0.34375 0.8359375 0.046875 0.046875
0 0.55859375 0.29296875 0.044921875 0.044921875
0 0.826171875 0.734375 0.044921875 0.044921875
0 0.525390625 0.04296875 0.044921875 0.044921875
0 0.54296875 0.49609375 0.041015625 0.041015625
0 0.28125 0.822265625 0.0390625 0.0390625
0 0.71875 0.76953125 0.0390625 0.0390625
0 0.56640625 0.40234375 0.0390625 0.0390625
0 0.931640625 0.646484375 0.037109375 0.037109375
0 0.560546875 0.869140625 0.03515625 0.03515625
0 0.80859375 0.8046875 0.033203125 0.033203125
0 0.68359375 0.052734375 0.033203125 0.033203125
0 0.017578125 0.78515625 0.03125 0.03125
0 0.37109375 0.52734375 0.03125 0.03125
0 0.658203125 0.767578125 0.029296875 0.029296875
0 0.92578125 0.849609375 0.02734375 0.02734375
0 0.4453125 0.5625 0.02734375 0.02734375
0 0.32421875 0.974609375 0.02734375 0.02734375
0 0.64453125 0.25 0.02734375 0.02734375
0 0.603515625 0.5703125 0.025390625 0.025390625
