0 0.0546875 0.404296875 0.224609375 0.224609375
0 0.81640625 0.3359375 0.1796875 0.1796875
0 0.744140625 0.58984375 0.15234375 0.15234375
0 0.064453125 0.537109375 0.123046875 0.123046875
0 0.439453125 0.9453125 0.119140625 0.119140625
0 0.19140625 0.53515625 0.1171875 0.1171875
0 0.529296875 0.654296875 0.1015625 0.1015625
0 0.646484375 0.552734375 0.08203125 0.08203125
0 0.84375 0.2265625 0.080078125 0.080078125
0 0.23046875 0.38671875 0.07421875 0.07421875
0 0.634765625 0.376953125 0.072265625 0.072265625
0 0.0625 0.3203125 0.056640625 0.056640625
0 0.259765625 0.546875 0.052734375 0.052734375
0 0.134765625 0.0078125 0.05078125 0.05078125
0 0.6171875 0.80859375 0.05078125 0.05078125
0 0.6875 0.90625 0.05078125 0.05078125
0 0.83984375 0.7421875 0.044921875 0.044921875
0 0.77734375 0.673828125 0.04296875 0.04296875
0 0.662109375 0.490234375 0.04296875 0.04296875
0 0.904296875 0.240234375 0.0390625 0.0390625
0 0.5 0.326171875 0.0390625 0.0390625
0 0.765625 0.916015625 0.037109375 0.037109375
0 0.88671875 0.169921875 0.037109375 0.037109375
0 0.287109375 0.19140625 0.037109375 0.037109375
0 0.44140625 0.4375 0.037109375 0.037109375
0 0.8125 0.193359375 0.033203125 0.033203125
0 0.55078125 0.302734375 0.033203125 0.033203125
0 0.287109375 0.505859375 0.033203125 0.033203125
0 0.80078125 0.962890625 0.03125 0.03125
0 0.99609375 0.287109375 0.029296875 0.029296875
0 0.36328125 0.107421875 0.029296875 0.029296875
0 0.671875 0.951171875 0.02734375 0.02734375
0 0.90625 0.962890625 0.02734375 0.02734375
0 0.84765625 0.568359375 0.02734375 0.02734375
0 0.71875 0.546875 0.02734375 0.02734375
0 0.8828125 0.8828125 0.025390625 0.025390625
0 0.1953125 0.201171875 0.025390625 0.025390625
0 0.79296875 0.908203125 0.025390625 0.025390625
