0 0.6171875 0.568359375 0.1875 0.1875
0 0.375 0.541015625 0.119140625 0.119140625
0 0.845703125 0.615234375 0.076171875 0.076171875
0 0.177734375 0.376953125 0.0625 0.0625
0 0.98828125 0.58203125 0.0546875 0.0546875
0 0.70703125 0.560546875 0.052734375 0.052734375
0 0.30859375 0.427734375 0.044921875 0.044921875
0 0.197265625 0.541015625 0.04296875 0.04296875
0 0.234375 0.12890625 0.0390625 0.0390625
0 0.00390625 0.2109375 0.03125 0.03125
0 0.498046875 0.404296875 0.02734375 0.02734375
0 0.37890625 0.955078125 0.13671875 0.13671875
0 0.630859375 0.90625 0.119140625 0.119140625
0 0.904296875 0.681640625 0.09765625 0.09765625
0 0.115234375 0.708984375 0.044921875 0.044921875
0 0.1328125 0.875 0.033203125 0.033203125
0 0.83984375 0.96875 0.033203125 0.033203125
0 0.96875 0.6953125 0.025390625 0.025390625
