0 0.09375 0.482421875 0.296875 0.296875
0 0.623046875 0.203125 0.154296875 0.154296875
0 0.734375 0.79296875 0.146484375 0.146484375
0 0.76171875 0.876953125 0.1171875 0.1171875
0 0.37109375 0.732421875 0.083984375 0.083984375
0 0.95703125 0.349609375 0.078125 0.078125
0 0.4296875 0.15625 0.072265625 0.072265625
0 0.15234375 0.53125 0.06640625 0.06640625
0 0.619140625 0.3203125 0.06640625 0.06640625
0 0.349609375 0.9609375 0.0625 0.0625
0 0.451171875 0.087890625 0.05859375 0.05859375
0 0.93359375 0.841796875 0.05078125 0.05078125
0 0.1875 0.9609375 0.05078125 0.05078125
0 0.318359375 0.24609375 0.048828125 0.048828125
0 0.431640625 0.900390625 0.04296875 0.04296875
0 0.7109375 0.953125 0.04296875 0.04296875
0 0.580078125 0.033203125 0.04296875 0.04296875
0 0.537109375 0.23828125 0.04296875 0.04296875
0 0.705078125 0.0078125 0.0390625 0.0390625
0 0.9609375 0.125 0.0390625 0.0390625
0 0.349609375 0.318359375 0.0390625 0.0390625
0 0.392578125 0.26953125 0.0390625 0.0390625
0 0.421875 0.333984375 0.0390625 0.0390625
0 0.216796875 0.80859375 0.03515625 0.03515625
0 0.78515625 0.294921875 0.03515625 0.03515625
0 0.412109375 0.5703125 0.033203125 0.033203125
0 0.646484375 0.34375 0.033203125 0.033203125
0 0.755859375 0.984375 0.033203125 0.033203125
0 0.02734375 0.3359375 0.033203125 0.033203125
0 0.369140625 0.62890625 0.033203125 0.033203125
0 0.662109375 0.10546875 0.03125 0.03125
0 0.67578125 0.90625 0.03125 0.03125
0 0.037109375 0.19921875 0.03125 0.03125
0 0.037109375 0.146484375 0.03125 0.03125
0 0.3671875 0.146484375 0.029296875 0.029296875
0 0.341796875 0.78125 0.029296875 0.029296875
0 0.064453125 0.619140625 0.029296875 0.029296875
0 0.537109375 0.126953125 0.02734375 0.02734375
0 0.658203125 0.076171875 0.02734375 0.02734375
0 0.517578125 0.9140625 0.025390625 0.025390625
0 0.634765625 0.98828125 0.025390625 0.025390625
0 0.947265625 0.576171875 0.025390625 0.025390625
