0 0.947265625 0.970703125 0.421875 0.421875
0 0.66015625 0.5078125 0.07421875 0.07421875
0 0.982421875 0.68359375 0.0546875 0.0546875
0 0.482421875 0.677734375 0.048828125 0.048828125
0 0.95703125 0.212890625 0.041015625 0.041015625
0 0.46484375 0.556640625 0.037109375 0.037109375
0 0.822265625 0.416015625 0.03515625 0.03515625
0 0.162109375 0.83984375 0.033203125 0.033203125
0 0.099609375 0.73828125 0.03125 0.03125
0 0.01171875 0.767578125 0.029296875 0.029296875
0 0.216796875 0.8515625 0.029296875 0.029296875
