0 0.28515625 0.513671875 0.154296875 0.154296875
0 0.607421875 0.822265625 0.099609375 0.099609375
0 0.017578125 0.7890625 0.095703125 0.095703125
0 0.8515625 0.220703125 0.09375 0.09375
0 0.4453125 0.634765625 0.08984375 0.08984375
0 0.373046875 0.888671875 0.064453125 0.064453125
0 0.02734375 0.216796875 0.064453125 0.064453125
0 0.673828125 0.259765625 0.05859375 0.05859375
0 0.8515625 0.9375 0.056640625 0.056640625
0 0.14453125 0.310546875 0.0546875 0.0546875
0 0.453125 0.75 0.052734375 0.052734375
0 0.8984375 0.87109375 0.05078125 0.05078125
0 0.048828125 0.880859375 0.044921875 0.044921875
0 0.708984375 0.599609375 0.04296875 0.04296875
0 0.548828125 0.822265625 0.041015625 0.041015625
0 0.384765625 0.05078125 0.041015625 0.041015625
0 0.83203125 0.265625 0.03515625 0.03515625
0 0.89453125 0.11328125 0.03515625 0.03515625
0 0.041015625 0.150390625 0.033203125 0.033203125
0 0.552734375 0.599609375 0.03125 0.03125
0 0.359375 0.384765625 0.029296875 0.029296875
0 0.48828125 0.8203125 0.02734375 0.02734375
0 0.845703125 0.583984375 0.025390625 0.025390625
0 0.177734375 0.435546875 0.025390625 0.025390625
