0 0.212890625 0.166015625 0.125 0.125
0 0.490234375 0.236328125 0.12109375 0.12109375
0 0.02734375 0.01171875 0.08984375 0.08984375
0 0.37890625 0.009765625 0.080078125 0.080078125
0 0.1015625 0.146484375 0.078125 0.078125
0 0.318359375 0.326171875 0.078125 0.078125
0 0.26953125 0.212890625 0.0625 0.0625
0 0.3046875 0.173828125 0.060546875 0.060546875
0 0.37109375 0.10546875 0.046875 0.046875
0 0.955078125 0.28125 0.03515625 0.03515625
0 0.1328125 0.001953125 0.033203125 0.033203125
0 0.1875 0.16015625 0.033203125 0.033203125
0 0.12109375 0.212890625 0.025390625 0.025390625
0 0.673828125 0.7265625 0.25390625 0.25390625
0 0.21875 0.974609375 0.130859375 0.130859375
0 0.33984375 0.552734375 0.107421875 0.107421875
0 0.02734375 0.650390625 0.09375 0.09375
0 0.974609375 0.60546875 0.0859375 0.0859375
0 0.3671875 0.95703125 0.07421875 0.07421875
0 0.033203125 0.7578125 0.06640625 0.06640625
0 0.095703125 0.462890625 0.06640625 0.06640625
0 0.732421875 0.56640625 0.0625 0.0625
0 0.62109375 0.7890625 0.060546875 0.060546875
0 0.9921875 0.65234375 0.056640625 0.056640625
0 0.1484375 0.3671875 0.048828125 0.048828125
0 0.669921875 0.583984375 0.046875 0.046875
0 0.46484375 0.724609375 0.046875 0.046875
0 0.578125 0.90625 0.044921875 0.044921875
0 0.60546875 0.65234375 0.0390625 0.0390625
0 0.185546875 0.529296875 0.037109375 0.037109375
0 0.76171875 0.75 0.037109375 0.037109375
0 0.341796875 0.775390625 0.03125 0.03125
0 0.068359375 0.708984375 0.029296875 0.029296875
0 0.244140625 0.52734375 0.02734375 0.02734375
0 0.853515625 0.400390625 0.025390625 0.025390625
0 0.466796875 0.341796875 0.025390625 0.025390625
0 0.1796875 0.662109375 0.025390625 0.025390625
