0 0.787109375 0.2734375 0.265625 0.265625
0 0.330078125 0.001953125 0.109375 0.109375
0 0.70703125 0.697265625 0.10546875 0.10546875
0 0.265625 0.259765625 0.095703125 0.095703125
0 0.900390625 0.48046875 0.076171875 0.076171875
0 0.314453125 0.392578125 0.072265625 0.072265625
0 0.61328125 0.119140625 0.0703125 0.0703125
0 0.158203125 0.296875 0.0703125 0.0703125
0 0.517578125 0.859375 0.064453125 0.064453125
0 0.306640625 0.373046875 0.0625 0.0625
0 0.9375 0.12109375 0.05859375 0.05859375
0 0.314453125 0.34375 0.056640625 0.056640625
0 0.595703125 0.328125 0.052734375 0.052734375
0 0.23828125 0.201171875 0.052734375 0.052734375
0 0.345703125 0.478515625 0.04296875 0.04296875
0 0.9921875 0.1015625 0.0390625 0.0390625
0 0.279296875 0.330078125 0.0390625 0.0390625
0 0.373046875 0.458984375 0.037109375 0.037109375
0 0.423828125 0.408203125 0.037109375 0.037109375
0 0.34765625 0.53125 0.029296875 0.029296875
0 0.40625 0.529296875 0.029296875 0.029296875
0 0.189453125 0.359375 0.02734375 0.02734375
0 0.240234375 0.392578125 0.02734375 0.02734375
0 0.935546875 0.380859375 0.025390625 0.025390625
