0 0.2265625 0.53515625 0.216796875 0.216796875
0 0.48828125 0.134765625 0.13671875 0.13671875
0 0.04296875 0.443359375 0.130859375 0.130859375
0 0.349609375 0.703125 0.130859375 0.130859375
0 0.748046875 0.775390625 0.125 0.125
0 0.083984375 0.740234375 0.1015625 0.1015625
0 0.951171875 0.138671875 0.09375 0.09375
0 0.71484375 0.0546875 0.09375 0.09375
0 0.978515625 0.5546875 0.0859375 0.0859375
0 0.5859375 0.208984375 0.07421875 0.07421875
0 0.919921875 0.154296875 0.072265625 0.072265625
0 0.125 0.203125 0.0703125 0.0703125
0 0.181640625 0.38671875 0.06640625 0.06640625
0 0.2265625 0.275390625 0.06640625 0.06640625
0 0.716796875 0.236328125 0.0625 0.0625
0 0.072265625 0.765625 0.056640625 0.056640625
0 0.892578125 0.689453125 0.0546875 0.0546875
0 0.552734375 0.423828125 0.0546875 0.0546875
0 0.125 0.974609375 0.0546875 0.0546875
0 0.736328125 0.560546875 0.05078125 0.05078125
0 0.626953125 0.873046875 0.048828125 0.048828125
0 0.712890625 0.40625 0.048828125 0.048828125
0 0.74609375 0.9296875 0.04296875 0.04296875
0 0.125 0.119140625 0.0390625 0.0390625
0 0.54296875 0.982421875 0.0390625 0.0390625
0 0.939453125 0.23828125 0.0390625 0.0390625
0 0.6875 0.591796875 0.0390625 0.0390625
0 0.287109375 0.5078125 0.037109375 0.037109375
0 0.08203125 0.14453125 0.037109375 0.037109375
0 0.146484375 0.04296875 0.037109375 0.037109375
0 0.20703125 0.865234375 0.037109375 0.037109375
0 0.7890625 0.28515625 0.033203125 0.033203125
0 0.181640625 0.033203125 0.033203125 0.033203125
0 0.896484375 0.810546875 0.03125 0.03125
0 0.595703125 0.53125 0.03125 0.03125
0 0.474609375 0.859375 0.03125 0.03125
0 0.7421875 0.0546875 0.029296875 0.029296875
0 0.541015625 0.33203125 0.029296875 0.029296875
0 0.240234375 0.861328125 0.029296875 0.029296875
0 0.873046875 0.814453125 0.02734375 0.02734375
0 0.8046875 0.240234375 0.02734375 0.02734375
0 0.82421875 0.673828125 0.02734375 0.02734375
0 0.0859375 0.162109375 0.025390625 0.025390625
0 0.9453125 0.58984375 0.025390625 0.025390625
