0 0.431640625 0.361328125 0.201171875 0.201171875
0 0.412109375 0.494140625 0.1796875 0.1796875
0 0.529296875 0.712890625 0.142578125 0.142578125
0 0.10546875 0.234375 0.11328125 0.11328125
0 0.41796875 0.8359375 0.095703125 0.095703125
0 0.2421875 0.78125 0.095703125 0.095703125
0 0.974609375 0.36328125 0.09375 0.09375
0 0.333984375 0.326171875 0.091796875 0.091796875
0 0.708984375 0.4609375 0.08203125 0.08203125
0 0.703125 0.818359375 0.0546875 0.0546875
0 0.044921875 0.421875 0.05078125 0.05078125
0 0.568359375 0.466796875 0.048828125 0.048828125
0 0.576171875 0.888671875 0.0390625 0.0390625
0 0.962890625 0.427734375 0.0390625 0.0390625
0 0.955078125 0.865234375 0.037109375 0.037109375
0 0.958984375 0.603515625 0.03515625 0.03515625
0 0.171875 0.453125 0.033203125 0.033203125
0 0.900390625 0.353515625 0.03125 0.03125
0 0.595703125 0.416015625 0.029296875 0.029296875
0 0.224609375 0.236328125 0.02734375 0.02734375
0 0.373046875 0.671875 0.025390625 0.025390625
0 0.142578125 0.08203125 0.025390625 0.025390625
