0 0.1796875 0.857421875 0.181640625 0.181640625
0 0.8828125 0.7421875 0.12890625 0.12890625
0 0.056640625 0.7421875 0.083984375 0.083984375
0 0.66796875 0.76171875 0.0703125 0.0703125
0 0.28125 0.025390625 0.0625 0.0625
0 0.720703125 0.88671875 0.05078125 0.05078125
0 0.8359375 0.34765625 0.05078125 0.05078125
0 0.486328125 0.236328125 0.048828125 0.048828125
0 0.45703125 0.951171875 0.044921875 0.044921875
0 0.69140625 0.85546875 0.0390625 0.0390625
0 0.228515625 0.296875 0.03515625 0.03515625
0 0.314453125 0.791015625 0.03515625 0.03515625
0 0.908203125 0.357421875 0.03515625 0.03515625
0 0.904296875 0.94921875 0.033203125 0.033203125
0 0.701171875 0.779296875 0.025390625 0.025390625
0 0.638671875 0.11328125 0.025390625 0.025390625
