0 0.068359375 0.138671875 0.263671875 0.263671875
0 0.869140625 0.185546875 0.234375 0.234375
0 0.19140625 0.15625 0.2109375 0.2109375
0 0.62890625 0.572265625 0.197265625 0.197265625
0 0.26953125 0.064453125 0.19140625 0.19140625
0 0.79296875 0.103515625 0.11328125 0.11328125
0 0.908203125 0.197265625 0.095703125 0.095703125
0 0.185546875 0.462890625 0.095703125 0.095703125
0 0.5546875 0.828125 0.087890625 0.087890625
0 0.337890625 0.259765625 0.083984375 0.083984375
0 0.376953125 0.1640625 0.08203125 0.08203125
0 0.11328125 0.251953125 0.08203125 0.08203125
0 0.7421875 0.888671875 0.078125 0.078125
0 0.8203125 0.046875 0.078125 0.078125
0 0.642578125 0.140625 0.07421875 0.07421875
0 0.576171875 0.115234375 0.07421875 0.07421875
0 0.7890625 0.73046875 0.0625 0.0625
0 0.1796875 0.287109375 0.0546875 0.0546875
0 0.326171875 0.197265625 0.0546875 0.0546875
0 0.681640625 0.26171875 0.048828125 0.048828125
0 0.826171875 0.3359375 0.04296875 0.04296875
0 0.8203125 0.91796875 0.04296875 0.04296875
0 0.552734375 0.54296875 0.04296875 0.04296875
0 0.125 0.16796875 0.041015625 0.041015625
0 0.068359375 0.28515625 0.0390625 0.0390625
0 0.873046875 0.96484375 0.037109375 0.037109375
0 0.4296875 0.763671875 0.037109375 0.037109375
0 0.162109375 0.796875 0.03515625 0.03515625
0 0.798828125 0.40234375 0.03515625 0.03515625
0 0.92578125 0.80078125 0.033203125 0.033203125
0 0.544921875 0.189453125 0.033203125 0.033203125
0 0.49609375 0.650390625 0.033203125 0.033203125
0 0.619140625 0.67578125 0.033203125 0.033203125
0 0.85546875 0.681640625 0.029296875 0.029296875
0 0.216796875 0.38671875 0.02734375 0.02734375
0 0.693359375 0.013671875 0.02734375 0.02734375
0 0.044921875 0.361328125 0.025390625 0.025390625
