0 0.8984375 0.185546875 0.939453125 0.939453125
0 0.15234375 0.498046875 0.13671875 0.13671875
0 0.287109375 0.787109375 0.125 0.125
0 0.16015625 0.830078125 0.111328125 0.111328125
0 0.0234375 0.568359375 0.072265625 0.072265625
0 0.6015625 0.67578125 0.072265625 0.072265625
0 0.416015625 0.8984375 0.06640625 0.06640625
0 0.91015625 0.505859375 0.0625 0.0625
0 0.228515625 0.072265625 0.060546875 0.060546875
0 0.392578125 0.70703125 0.060546875 0.060546875
0 0.56640625 0.724609375 0.056640625 0.056640625
0 0.2109375 0.6171875 0.0546875 0.0546875
0 0.86328125 0.2421875 0.052734375 0.052734375
0 0.935546875 0.388671875 0.048828125 0.048828125
0 0.447265625 0.541015625 0.046875 0.046875
0 0.236328125 0.66796875 0.044921875 0.044921875
0 0.423828125 0.2421875 0.044921875 0.044921875
0 0.279296875 0.52734375 0.044921875 0.044921875
0 0.181640625 0.345703125 0.04296875 0.04296875
0 0.708984375 0.033203125 0.041015625 0.041015625
0 0.587890625 0.380859375 0.037109375 0.037109375
0 0.037109375 0.626953125 0.03515625 0.03515625
0 0.203125 0.111328125 0.03125 0.03125
0 0.37109375 0.578125 0.029296875 0.029296875
0 0.3828125 0.453125 0.029296875 0.029296875
0 0.8125 0.314453125 0.029296875 0.029296875
0 0.67578125 0.822265625 0.02734375 0.02734375
0 0.2578125 0.720703125 0.025390625 0.025390625
