0 0.912109375 0.65234375 0.251953125 0.251953125
0 0.4375 0.427734375 0.1484375 0.1484375
0 0.20703125 0.05859375 0.1484375 0.1484375
0 0.87890625 0.52734375 0.1171875 0.1171875
0 0.32421875 0.455078125 0.115234375 0.115234375
0 0.470703125 0.927734375 0.091796875 0.091796875
0 0.083984375 0.951171875 0.08984375 0.08984375
0 0.021484375 0.185546875 0.083984375 0.083984375
0 0.0859375 0.240234375 0.076171875 0.076171875
0 0.02734375 0.634765625 0.07421875 0.07421875
0 0.8125 0.462890625 0.0703125 0.0703125
0 0.814453125 0.224609375 0.048828125 0.048828125
0 0.033203125 0.01953125 0.046875 0.046875
0 0.37890625 0.404296875 0.04296875 0.04296875
0 0.12109375 0.373046875 0.037109375 0.037109375
0 0.966796875 0.984375 0.03515625 0.03515625
0 0.958984375 0.38671875 0.029296875 0.029296875
0 0.2734375 0.158203125 0.02734375 0.02734375
0 0.798828125 0.556640625 0.02734375 0.02734375
0 0.2734375 0.5625 0.025390625 0.025390625
