0 0.611328125 0.892578125 0.158203125 0.158203125
0 0.236328125 0.953125 0.083984375 0.083984375
0 0.365234375 0.142578125 0.078125 0.078125
0 0.27734375 0.166015625 0.072265625 0.072265625
0 0.1171875 0.3671875 0.064453125 0.064453125
0 0.03125 0.814453125 0.056640625 0.056640625
0 0.064453125 0.470703125 0.048828125 0.048828125
0 0.271484375 0.125 0.046875 0.046875
0 0.994140625 0.935546875 0.044921875 0.044921875
0 0.171875 0.01953125 0.044921875 0.044921875
0 0.263671875 0.107421875 0.041015625 0.041015625
0 0.26171875 0.2734375 0.041015625 0.041015625
0 0.009765625 0.28125 0.037109375 0.037109375
0 0.23828125 0.50390625 0.037109375 0.037109375
0 0.541015625 0.8046875 0.03515625 0.03515625
0 0.263671875 0.302734375 0.029296875 0.029296875
0 0.3671875 0.884765625 0.029296875 0.029296875
0 0.88671875 0.720703125 0.029296875 0.029296875
0 0.451171875 0.24609375 0.02734375 0.02734375
