0 0.748046875 0.955078125 0.162109375 0.162109375
0 0.181640625 0.84375 0.1328125 0.1328125
0 0.572265625 0.509765625 0.10546875 0.10546875
0 0.552734375 0.271484375 0.103515625 0.103515625
0 0.08203125 0.90234375 0.08984375 0.08984375
0 0.03515625 0.685546875 0.064453125 0.064453125
0 0.53125 0.201171875 0.05859375 0.05859375
0 0.73046875 0.453125 0.056640625 0.056640625
0 0.474609375 0.921875 0.0546875 0.0546875
0 0.177734375 0.32421875 0.05078125 0.05078125
0 0.578125 0.927734375 0.05078125 0.05078125
0 0.025390625 0.873046875 0.05078125 0.05078125
0 0.4921875 0.77734375 0.046875 0.046875
0 0.15234375 0.525390625 0.041015625 0.041015625
0 0.494140625 0.708984375 0.0390625 0.0390625
0 0.408203125 0.0546875 0.03515625 0.03515625
0 0.09375 0.27734375 0.03125 0.03125
0 0.16015625 0.66015625 0.03125 0.03125
0 0.09375 0.533203125 0.029296875 0.029296875
0 0.421875 0.91796875 0.029296875 0.029296875
0 0.15234375 0.427734375 0.029296875 0.029296875
0 0.431640625 0.576171875 0.02734375 0.02734375
