0 0.416015625 0.748046875 0.3125 0.3125
0 0.271484375 0.857421875 0.173828125 0.173828125
0 0.71484375 0.4765625 0.166015625 0.166015625
0 0.2890625 0.33984375 0.1484375 0.1484375
0 0.52734375 0.8828125 0.13671875 0.13671875
0 0.146484375 0.80078125 0.115234375 0.115234375
0 0.744140625 0.78515625 0.11328125 0.11328125
0 0.056640625 0.9453125 0.111328125 0.111328125
0 0.560546875 0.8203125 0.109375 0.109375
0 0.900390625 0.134765625 0.09375 0.09375
0 0.474609375 0.32421875 0.0859375 0.0859375
0 0.822265625 0.0625 0.083984375 0.083984375
0 0.28515625 0.2109375 0.072265625 0.072265625
0 0.181640625 0.6484375 0.072265625 0.072265625
0 0.23828125 0.5078125 0.0703125 0.0703125
0 0.869140625 0.62890625 0.068359375 0.068359375
0 0.599609375 0.88671875 0.06640625 0.06640625
0 0.203125 0.220703125 0.05859375 0.05859375
0 0.927734375 0.421875 0.056640625 0.056640625
0 0.857421875 0.30859375 0.052734375 0.052734375
0 0.328125 0.16796875 0.052734375 0.052734375
0 0.4453125 0.4609375 0.052734375 0.052734375
0 0.02734375 0.21875 0.046875 0.046875
0 0.77734375 0.96875 0.046875 0.046875
0 0.0703125 0.314453125 0.044921875 0.044921875
0 0.892578125 0.3203125 0.04296875 0.04296875
0 0.865234375 0.447265625 0.04296875 0.04296875
0 0.771484375 0.56640625 0.041015625 0.041015625
0 0.416015625 0.193359375 0.041015625 0.041015625
0 0.291015625 0.599609375 0.037109375 0.037109375
0 0.240234375 0.931640625 0.037109375 0.037109375
0 0.228515625 0.603515625 0.033203125 0.033203125
0 0.53125 0.546875 0.033203125 0.033203125
0 0.9921875 0.40234375 0.03125 0.03125
0 0.599609375 0.37890625 0.03125 0.03125
0 0.56640625 0.712890625 0.029296875 0.029296875
0 0.421875 0.287109375 0.02734375 0.02734375
0 0.5234375 0.98828125 0.02734375 0.02734375
0 0.869140625 0.541015625 0.02734375 0.02734375
0 0.767578125 0.67578125 0.02734375 0.02734375
0 0.587890625 0.416015625 0.025390625 0.025390625
