0 0.697265625 0.16796875 0.37109375 0.37109375
0 0.515625 0.396484375 0.203125 0.203125
0 0.212890625 0.208984375 0.19140625 0.19140625
0 0.1640625 0.1484375 0.181640625 0.181640625
0 0.982421875 0.681640625 0.140625 0.140625
0 0.009765625 0.72265625 0.119140625 0.119140625
0 0.849609375 0.220703125 0.107421875 0.107421875
0 0.0625 0.099609375 0.09765625 0.09765625
0 0.20703125 0.62109375 0.08203125 0.08203125
0 0.552734375 0.521484375 0.080078125 0.080078125
0 0.32421875 0.205078125 0.076171875 0.076171875
0 0.033203125 0.580078125 0.07421875 0.07421875
0 0.8359375 0.8984375 0.0625 0.0625
0 0.275390625 0.65234375 0.060546875 0.060546875
0 0.615234375 0.580078125 0.060546875 0.060546875
0 0.5859375 0.4296875 0.0546875 0.0546875
0 0.4453125 0.78515625 0.05078125 0.05078125
0 0.546875 0.90234375 0.048828125 0.048828125
0 0.705078125 0.3828125 0.048828125 0.048828125
0 0.294921875 0.3046875 0.048828125 0.048828125
0 0.001953125 0.8984375 0.044921875 0.044921875
0 0.0 0.3125 0.0390625 0.0390625
0 0.400390625 0.853515625 0.0390625 0.0390625
0 0.326171875 0.701171875 0.037109375 0.037109375
0 0.529296875 0.962890625 0.037109375 0.037109375
0 0.52734375 0.099609375 0.037109375 0.037109375
0 0.646484375 0.943359375 0.037109375 0.037109375
0 0.365234375 0.873046875 0.037109375 0.037109375
0 0.158203125 0.0 0.037109375 0.037109375
0 0.3203125 0.544921875 0.03515625 0.03515625
0 0.0390625 0.46875 0.03515625 0.03515625
0 0.46484375 0.455078125 0.033203125 0.033203125
0 0.7734375 0.447265625 0.033203125 0.033203125
0 0.37109375 0.787109375 0.03125 0.03125
0 0.822265625 0.849609375 0.03125 0.03125
0 0.455078125 0.90625 0.03125 0.03125
0 0.23046875 0.921875 0.03125 0.03125
0 0.1796875 0.470703125 0.03125 0.03125
0 0.861328125 0.767578125 0.03125 0.03125
0 0.912109375 0.705078125 0.03125 0.03125
0 0.26953125 0.263671875 0.03125 0.03125
0 0.03515625 0.18359375 0.03125 0.03125
0 0.103515625 0.013671875 0.029296875 0.029296875
0 0.267578125 0.12109375 0.02734375 0.02734375
0 0.3984375 0.009765625 0.02734375 0.02734375
0 0.783203125 0.5234375 0.025390625 0.025390625
0 0.458984375 0.7734375 0.025390625 0.025390625
