0 0.205078125 0.400390625 0.583984375 0.583984375
0 0.041015625 0.87890625 0.3125 0.3125
0 0.119140625 0.74609375 0.205078125 0.205078125
0 0.10546875 0.74609375 0.076171875 0.076171875
0 0.384765625 0.173828125 0.0703125 0.0703125
0 0.119140625 0.828125 0.05859375 0.05859375
0 0.619140625 0.5234375 0.052734375 0.052734375
0 0.26171875 0.2265625 0.041015625 0.041015625
0 0.0234375 0.736328125 0.0390625 0.0390625
0 0.388671875 0.748046875 0.03125 0.03125
0 0.1171875 0.513671875 0.02734375 0.02734375
0 0.099609375 0.498046875 0.02734375 0.02734375
0 0.576171875 0.123046875 0.025390625 0.025390625
0 0.95703125 0.68359375 0.126953125 0.126953125
0 0.806640625 0.470703125 0.119140625 0.119140625
0 0.734375 0.435546875 0.111328125 0.111328125
0 0.69140625 0.529296875 0.060546875 0.060546875
0 0.779296875 0.841796875 0.029296875 0.029296875
