0 0.90625 0.181640625 0.15625 0.15625
0 0.46484375 0.06640625 0.0859375 0.0859375
0 0.86328125 0.298828125 0.07421875 0.07421875
0 0.974609375 0.224609375 0.06640625 0.06640625
0 0.509765625 0.017578125 0.0625 0.0625
0 0.662109375 0.0390625 0.046875 0.046875
0 0.505859375 0.158203125 0.046875 0.046875
0 0.28125 0.212890625 0.044921875 0.044921875
0 0.662109375 0.080078125 0.02734375 0.02734375
0 0.98046875 0.654296875 0.1953125 0.1953125
0 0.875 0.337890625 0.189453125 0.189453125
0 0.67578125 0.34765625 0.1875 0.1875
0 0.287109375 0.970703125 0.140625 0.140625
0 0.21484375 0.669921875 0.1171875 0.1171875
0 0.294921875 0.8671875 0.091796875 0.091796875
0 0.15625 0.708984375 0.08203125 0.08203125
0 0.736328125 0.82421875 0.078125 0.078125
0 0.029296875 0.8203125 0.078125 0.078125
0 0.75390625 0.619140625 0.0703125 0.0703125
0 0.30078125 0.900390625 0.068359375 0.068359375
0 0.92578125 0.576171875 0.06640625 0.06640625
0 0.04296875 0.3515625 0.060546875 0.060546875
0 0.484375 0.818359375 0.0546875 0.0546875
0 0.52734375 0.537109375 0.0546875 0.0546875
0 0.236328125 0.82421875 0.046875 0.046875
0 0.09765625 0.6015625 0.04296875 0.04296875
0 0.826171875 0.818359375 0.04296875 0.04296875
0 0.619140625 0.560546875 0.041015625 0.041015625
0 0.240234375 0.595703125 0.03515625 0.03515625
0 0.5703125 0.572265625 0.033203125 0.033203125
0 0.439453125 0.6015625 0.03125 0.03125
0 0.62890625 0.974609375 0.03125 0.03125
0 0.66796875 0.6328125 0.029296875 0.029296875
0 0.171875 0.544921875 0.029296875 0.029296875
0 0.7890625 0.7578125 0.029296875 0.029296875
0 0.220703125 0.9140625 0.02734375 0.02734375
0 0.318359375 0.76171875 0.02734375 0.02734375
0 0.119140625 0.66796875 0.025390625 0.025390625
