0 0.96484375 0.3125 0.1171875 0.1171875
0 0.423828125 0.16015625 0.07421875 0.07421875
0 0.990234375 0.275390625 0.064453125 0.064453125
0 0.267578125 0.263671875 0.060546875 0.060546875
0 0.228515625 0.302734375 0.05859375 0.05859375
0 0.99609375 0.013671875 0.0546875 0.0546875
0 0.470703125 0.130859375 0.0390625 0.0390625
0 0.896484375 0.134765625 0.03515625 0.03515625
0 0.583984375 0.134765625 0.033203125 0.033203125
0 0.22265625 0.03125 0.033203125 0.033203125
0 0.68359375 0.27734375 0.03125 0.03125
0 0.005859375 0.16015625 0.02734375 0.02734375
0 0.27734375 0.091796875 0.02734375 0.02734375
0 0.287109375 0.154296875 0.02734375 0.02734375
0 0.265625 0.048828125 0.025390625 0.025390625
0 0.916015625 0.55078125 0.18359375 0.18359375
0 0.197265625 0.46875 0.173828125 0.173828125
0 0.50390625 0.685546875 0.15625 0.15625
0 0.40234375 0.419921875 0.08984375 0.08984375
0 0.166015625 0.982421875 0.083984375 0.083984375
0 0.671875 0.904296875 0.072265625 0.072265625
0 0.234375 0.857421875 0.0703125 0.0703125
0 0.5078125 0.4140625 0.0703125 0.0703125
0 0.873046875 0.46875 0.068359375 0.068359375
0 0.029296875 0.53515625 0.0546875 0.0546875
0 0.33984375 0.720703125 0.05078125 0.05078125
0 0.279296875 0.5859375 0.046875 0.046875
0 0.626953125 0.9375 0.04296875 0.04296875
0 0.1171875 0.369140625 0.041015625 0.041015625
0 0.203125 0.87109375 0.041015625 0.041015625
0 0.408203125 0.9140625 0.0390625 0.0390625
0 0.767578125 0.474609375 0.03515625 0.03515625
0 0.53515625 0.810546875 0.03515625 0.03515625
0 0.009765625 0.36328125 0.03515625 0.03515625
0 0.9765625 0.369140625 0.03515625 0.03515625
0 0.0 0.705078125 0.03125 0.03125
0 0.37109375 0.89453125 0.029296875 0.029296875
0 0.451171875 0.45703125 0.02734375 0.02734375
0 0.185546875 0.59375 0.02734375 0.02734375
0 0.08984375 0.662109375 0.02734375 0.02734375
0 0.150390625 0.830078125 0.02734375 0.02734375
0 0.072265625 0.4453125 0.02734375 0.02734375
0 0.546875 0.353515625 0.02734375 0.02734375
0 0.11328125 0.607421875 0.02734375 0.02734375
0 0.818359375 0.779296875 0.025390625 0.025390625
0 0.4296875 0.9375 0.025390625 0.025390625
0 0.13671875 0.697265625 0.025390625 0.025390625
0 0.47265625 0.876953125 0.025390625 0.025390625
