0 0.30859375 0.771484375 0.4765625 0.4765625
0 0.728515625 0.466796875 0.45703125 0.45703125
0 0.8359375 0.787109375 0.232421875 0.232421875
0 0.978515625 0.041015625 0.16796875 0.16796875
0 0.107421875 0.515625 0.166015625 0.166015625
0 0.125 0.0625 0.11328125 0.11328125
0 0.212890625 0.826171875 0.0859375 0.0859375
0 0.12109375 0.28515625 0.083984375 0.083984375
0 0.537109375 0.609375 0.08203125 0.08203125
0 0.978515625 0.921875 0.080078125 0.080078125
0 0.41015625 0.46484375 0.072265625 0.072265625
0 0.091796875 0.701171875 0.0703125 0.0703125
0 0.345703125 0.0078125 0.0625 0.0625
0 0.90625 0.8671875 0.060546875 0.060546875
0 0.51953125 0.91796875 0.05859375 0.05859375
0 0.63671875 0.849609375 0.05859375 0.05859375
0 0.462890625 0.43359375 0.0546875 0.0546875
0 0.498046875 0.501953125 0.0546875 0.0546875
0 0.4921875 0.03515625 0.0546875 0.0546875
0 0.04296875 0.291015625 0.05078125 0.05078125
0 0.54296875 0.0 0.05078125 0.05078125
0 0.69921875 0.552734375 0.046875 0.046875
0 0.783203125 0.353515625 0.044921875 0.044921875
0 0.845703125 0.783203125 0.04296875 0.04296875
0 0.849609375 0.03125 0.037109375 0.037109375
0 0.44140625 0.10546875 0.037109375 0.037109375
0 0.58203125 0.763671875 0.037109375 0.037109375
0 0.65234375 0.779296875 0.03515625 0.03515625
0 0.1953125 0.92578125 0.03515625 0.03515625
0 0.283203125 0.90625 0.033203125 0.033203125
0 0.515625 0.056640625 0.033203125 0.033203125
0 0.150390625 0.169921875 0.033203125 0.033203125
0 0.79296875 0.9453125 0.03125 0.03125
0 0.421875 0.482421875 0.029296875 0.029296875
0 0.044921875 0.701171875 0.029296875 0.029296875
0 0.6484375 0.001953125 0.029296875 0.029296875
0 0.404296875 0.599609375 0.029296875 0.029296875
0 0.33984375 0.697265625 0.029296875 0.029296875
0 0.515625 0.873046875 0.029296875 0.029296875
0 0.59375 0.056640625 0.02734375 0.02734375
0 0.896484375 0.22265625 0.02734375 0.02734375
0 0.1484375 0.62890625 0.02734375 0.02734375
0 0.775390625 0.5 0.025390625 0.025390625
0 0.591796875 0.173828125 0.025390625 0.025390625
0 0.41015625 0.6171875 0.025390625 0.025390625
0 0.041015625 0.826171875 0.025390625 0.025390625
