0 0.080078125 0.787109375 0.2109375 0.2109375
0 0.244140625 0.15625 0.177734375 0.177734375
0 0.46484375 0.625 0.173828125 0.173828125
0 0.984375 0.85546875 0.16796875 0.16796875
0 0.21875 0.431640625 0.1484375 0.1484375
0 0.458984375 0.87109375 0.142578125 0.142578125
0 0.421875 0.787109375 0.126953125 0.126953125
0 0.876953125 0.958984375 0.099609375 0.099609375
0 0.38671875 0.98046875 0.09765625 0.09765625
0 0.28515625 0.896484375 0.09375 0.09375
0 0.2109375 0.748046875 0.09375 0.09375
0 0.8359375 0.197265625 0.08984375 0.08984375
0 0.8828125 0.021484375 0.08984375 0.08984375
0 0.9609375 0.94921875 0.0859375 0.0859375
0 0.908203125 0.703125 0.080078125 0.080078125
0 0.60546875 0.013671875 0.080078125 0.080078125
0 0.154296875 0.568359375 0.080078125 0.080078125
0 0.287109375 0.515625 0.072265625 0.072265625
0 0.158203125 0.521484375 0.0703125 0.0703125
0 0.501953125 0.072265625 0.068359375 0.068359375
0 0.38671875 0.9375 0.068359375 0.068359375
0 0.52734375 0.390625 0.06640625 0.06640625
0 0.56640625 0.681640625 0.060546875 0.060546875
0 0.92578125 0.12109375 0.056640625 0.056640625
0 0.1796875 0.328125 0.0546875 0.0546875
0 0.544921875 0.912109375 0.0546875 0.0546875
0 0.791015625 0.89453125 0.052734375 0.052734375
0 0.71875 0.7421875 0.048828125 0.048828125
0 0.94921875 0.5234375 0.041015625 0.041015625
0 0.111328125 0.47265625 0.041015625 0.041015625
0 0.369140625 0.03125 0.0390625 0.0390625
0 0.408203125 0.546875 0.037109375 0.037109375
0 0.67578125 0.58203125 0.03515625 0.03515625
0 0.833984375 0.8203125 0.03515625 0.03515625
0 0.458984375 0.25390625 0.03515625 0.03515625
0 0.984375 0.01171875 0.03515625 0.03515625
0 0.578125 0.751953125 0.03515625 0.03515625
0 0.189453125 0.306640625 0.03515625 0.03515625
0 0.0078125 0.3515625 0.033203125 0.033203125
0 0.4375 0.861328125 0.033203125 0.033203125
0 0.376953125 0.45703125 0.033203125 0.033203125
0 0.88671875 0.353515625 0.033203125 0.033203125
0 0.953125 0.392578125 0.033203125 0.033203125
0 0.337890625 0.712890625 0.033203125 0.033203125
0 0.455078125 0.482421875 0.033203125 0.033203125
0 0.7109375 0.66015625 0.033203125 0.033203125
0 0.78125 0.453125 0.03125 0.03125
0 0.521484375 0.240234375 0.03125 0.03125
0 0.392578125 0.703125 0.03125 0.03125
0 0.4140625 0.361328125 0.03125 0.03125
0 0.595703125 0.359375 0.029296875 0.029296875
0 0.83203125 0.564453125 0.02734375 0.02734375
0 0.314453125 0.78125 0.02734375 0.02734375
0 0.375 0.470703125 0.02734375 0.02734375
0 0.1328125 0.703125 0.025390625 0.025390625
0 0.8671875 0.24609375 0.025390625 0.025390625
