0 0.92578125 0.3359375 0.478515625 0.478515625
0 0.4140625 0.9453125 0.24609375 0.24609375
0 0.197265625 0.419921875 0.201171875 0.201171875
0 0.572265625 0.099609375 0.181640625 0.181640625
0 0.333984375 0.5390625 0.15234375 0.15234375
0 0.361328125 0.181640625 0.109375 0.109375
0 0.326171875 0.900390625 0.08984375 0.08984375
0 0.67578125 0.328125 0.083984375 0.083984375
0 0.49609375 0.408203125 0.076171875 0.076171875
0 0.068359375 0.751953125 0.0703125 0.0703125
0 0.56640625 0.83203125 0.06640625 0.06640625
0 0.36328125 0.283203125 0.064453125 0.064453125
0 0.064453125 0.005859375 0.060546875 0.060546875
0 0.3828125 0.48046875 0.056640625 0.056640625
0 0.013671875 0.14453125 0.056640625 0.056640625
0 0.498046875 0.23828125 0.052734375 0.052734375
0 0.8515625 0.681640625 0.044921875 0.044921875
0 0.05078125 0.279296875 0.044921875 0.044921875
0 0.935546875 0.794921875 0.044921875 0.044921875
0 0.46875 0.517578125 0.041015625 0.041015625
0 0.609375 0.650390625 0.0390625 0.0390625
0 0.63671875 0.16796875 0.037109375 0.037109375
0 0.478515625 0.7109375 0.03515625 0.03515625
0 0.638671875 0.275390625 0.033203125 0.033203125
0 0.35546875 0.9453125 0.033203125 0.033203125
0 0.892578125 0.908203125 0.033203125 0.033203125
0 0.015625 0.1953125 0.033203125 0.033203125
0 0.5703125 0.310546875 0.02734375 0.02734375
0 0.873046875 0.19140625 0.02734375 0.02734375
0 0.591796875 0.955078125 0.025390625 0.025390625
0 0.017578125 0.853515625 0.025390625 0.025390625
