0 0.197265625 0.095703125 0.33203125 0.33203125
0 0.33984375 0.5234375 0.263671875 0.263671875
0 0.607421875 0.6171875 0.15625 0.15625
0 0.693359375 0.80859375 0.150390625 0.150390625
0 0.37890625 0.81640625 0.12109375 0.12109375
0 0.65625 0.5 0.099609375 0.099609375
0 0.955078125 0.736328125 0.09375 0.09375
0 0.01171875 0.6328125 0.091796875 0.091796875
0 0.439453125 0.115234375 0.080078125 0.080078125
0 0.048828125 0.76171875 0.078125 0.078125
0 0.783203125 0.9140625 0.0546875 0.0546875
0 0.77734375 0.49609375 0.048828125 0.048828125
0 0.55078125 0.7421875 0.048828125 0.048828125
0 0.921875 0.9296875 0.04296875 0.04296875
0 0.283203125 0.544921875 0.04296875 0.04296875
0 0.837890625 0.39453125 0.04296875 0.04296875
0 0.107421875 0.27734375 0.04296875 0.04296875
0 0.05078125 0.271484375 0.041015625 0.041015625
0 0.080078125 0.20703125 0.0390625 0.0390625
0 0.443359375 0.787109375 0.03125 0.03125
0 0.048828125 0.609375 0.029296875 0.029296875
0 0.083984375 0.279296875 0.02734375 0.02734375
0 0.40234375 0.287109375 0.025390625 0.025390625
