0 0.26171875 0.37890625 0.169921875 0.169921875
0 0.376953125 0.470703125 0.15625 0.15625
0 0.423828125 0.271484375 0.154296875 0.154296875
0 0.248046875 0.076171875 0.13671875 0.13671875
0 0.8046875 0.109375 0.091796875 0.091796875
0 0.0390625 0.76953125 0.07421875 0.07421875
0 0.609375 0.701171875 0.06640625 0.06640625
0 0.1796875 0.9296875 0.064453125 0.064453125
0 0.2265625 0.50390625 0.064453125 0.064453125
0 0.892578125 0.919921875 0.0546875 0.0546875
0 0.064453125 0.083984375 0.044921875 0.044921875
0 0.60546875 0.158203125 0.04296875 0.04296875
0 0.81640625 0.490234375 0.04296875 0.04296875
0 0.12890625 0.06640625 0.041015625 0.041015625
0 0.267578125 0.0546875 0.0390625 0.0390625
0 0.6015625 0.380859375 0.037109375 0.037109375
0 0.9296875 0.693359375 0.037109375 0.037109375
0 0.642578125 0.935546875 0.037109375 0.037109375
0 0.630859375 0.802734375 0.03125 0.03125
0 0.765625 0.876953125 0.03125 0.03125
0 0.466796875 0.6328125 0.029296875 0.029296875
0 0.400390625 0.419921875 0.029296875 0.029296875
0 0.44140625 0.7421875 0.029296875 0.029296875
0 0.294921875 0.599609375 0.029296875 0.029296875
0 0.5234375 0.48046875 0.02734375 0.02734375
0 0.185546875 0.46875 0.025390625 0.025390625
0 0.603515625 0.11328125 0.025390625 0.025390625
0 0.537109375 0.357421875 0.025390625 0.025390625
