0 0.443359375 0.5078125 0.234375 0.234375
0 0.552734375 0.5625 0.197265625 0.197265625
0 0.560546875 0.88671875 0.1640625 0.1640625
0 0.01953125 0.73046875 0.16015625 0.16015625
0 0.171875 0.169921875 0.109375 0.109375
0 0.33984375 0.595703125 0.103515625 0.103515625
0 0.013671875 0.57421875 0.103515625 0.103515625
0 0.205078125 0.4453125 0.091796875 0.091796875
0 0.833984375 0.4609375 0.08984375 0.08984375
0 0.548828125 0.40625 0.07421875 0.07421875
0 0.87109375 0.81640625 0.072265625 0.072265625
0 0.24609375 0.888671875 0.068359375 0.068359375
0 0.720703125 0.130859375 0.068359375 0.068359375
0 0.310546875 0.2734375 0.06640625 0.06640625
0 0.134765625 0.330078125 0.06640625 0.06640625
0 0.9453125 0.466796875 0.064453125 0.064453125
0 0.728515625 0.416015625 0.060546875 0.060546875
0 0.552734375 0.21875 0.052734375 0.052734375
0 0.37890625 0.013671875 0.05078125 0.05078125
0 0.025390625 0.4140625 0.048828125 0.048828125
0 0.775390625 0.408203125 0.046875 0.046875
0 0.48828125 0.189453125 0.044921875 0.044921875
0 0.966796875 0.689453125 0.04296875 0.04296875
0 0.287109375 0.357421875 0.04296875 0.04296875
0 0.158203125 0.4765625 0.041015625 0.041015625
0 0.90234375 0.455078125 0.0390625 0.0390625
0 0.859375 0.697265625 0.0390625 0.0390625
0 0.982421875 0.52734375 0.037109375 0.037109375
0 0.763671875 0.81640625 0.037109375 0.037109375
0 0.822265625 0.78515625 0.037109375 0.037109375
0 0.869140625 0.744140625 0.03515625 0.03515625
0 0.162109375 0.904296875 0.03515625 0.03515625
0 0.103515625 0.091796875 0.03515625 0.03515625
0 0.6640625 0.904296875 0.033203125 0.033203125
0 0.806640625 0.046875 0.033203125 0.033203125
0 0.494140625 0.283203125 0.033203125 0.033203125
0 0.96484375 0.302734375 0.03125 0.03125
0 0.791015625 0.7578125 0.03125 0.03125
0 0.94921875 0.10546875 0.029296875 0.029296875
0 0.34375 0.845703125 0.02734375 0.02734375
0 0.06640625 0.412109375 0.02734375 0.02734375
0 0.109375 0.037109375 0.02734375 0.02734375
0 0.966796875 0.10546875 0.025390625 0.025390625
0 0.55859375 0.5 0.025390625 0.025390625
