0 0.638671875 0.751953125 0.189453125 0.189453125
0 0.861328125 0.787109375 0.11328125 0.11328125
0 0.775390625 0.263671875 0.11328125 0.11328125
0 0.17578125 0.517578125 0.08984375 0.08984375
0 0.9140625 0.931640625 0.06640625 0.06640625
0 0.412109375 0.42578125 0.046875 0.046875
0 0.923828125 0.947265625 0.046875 0.046875
0 0.02734375 0.470703125 0.046875 0.046875
0 0.05078125 0.439453125 0.03515625 0.03515625
0 0.478515625 0.84375 0.033203125 0.033203125
0 0.884765625 0.03515625 0.033203125 0.033203125
0 0.984375 0.81640625 0.033203125 0.033203125
0 0.474609375 0.28515625 0.029296875 0.029296875
0 0.779296875 0.142578125 0.029296875 0.029296875
0 0.234375 0.890625 0.029296875 0.029296875
0 0.89453125 0.408203125 0.02734375 0.02734375
