0 0.44921875 0.66796875 0.201171875 0.201171875
0 0.9296875 0.841796875 0.17578125 0.17578125
0 0.310546875 0.923828125 0.154296875 0.154296875
0 0.77734375 0.82421875 0.123046875 0.123046875
0 0.900390625 0.2890625 0.12109375 0.12109375
0 0.931640625 0.013671875 0.1171875 0.1171875
0 0.697265625 0.37109375 0.10546875 0.10546875
0 0.0859375 0.931640625 0.1015625 0.1015625
0 0.396484375 0.302734375 0.076171875 0.076171875
0 0.244140625 0.541015625 0.064453125 0.064453125
0 0.521484375 0.474609375 0.0625 0.0625
0 0.73046875 0.546875 0.056640625 0.056640625
0 0.39453125 0.865234375 0.0546875 0.0546875
0 0.82421875 0.169921875 0.05078125 0.05078125
0 0.671875 0.724609375 0.044921875 0.044921875
0 0.470703125 0.455078125 0.0390625 0.0390625
0 0.48828125 0.529296875 0.0390625 0.0390625
0 0.650390625 0.955078125 0.037109375 0.037109375
0 0.443359375 0.533203125 0.03515625 0.03515625
0 0.322265625 0.486328125 0.03515625 0.03515625
0 0.87109375 0.5390625 0.033203125 0.033203125
0 0.48046875 0.23828125 0.033203125 0.033203125
0 0.810546875 0.572265625 0.03125 0.03125
0 0.099609375 0.65234375 0.03125 0.03125
0 0.109375 0.283203125 0.029296875 0.029296875
0 0.337890625 0.177734375 0.029296875 0.029296875
0 0.05859375 0.544921875 0.02734375 0.02734375
0 0.72265625 0.943359375 0.025390625 0.025390625
0 0.970703125 0.134765625 0.025390625 0.025390625
