0 0.5 0.7734375 0.25 0.25
0 0.244140625 0.0234375 0.212890625 0.212890625
0 0.32421875 0.9296875 0.126953125 0.126953125
0 0.08984375 0.115234375 0.1015625 0.1015625
0 0.404296875 0.138671875 0.09375 0.09375
0 0.751953125 0.94140625 0.080078125 0.080078125
0 0.73046875 0.912109375 0.0703125 0.0703125
0 0.29296875 0.224609375 0.064453125 0.064453125
0 0.869140625 0.994140625 0.0625 0.0625
0 0.677734375 0.677734375 0.0625 0.0625
0 0.630859375 0.18359375 0.05859375 0.05859375
0 0.033203125 0.017578125 0.056640625 0.056640625
0 0.98828125 0.283203125 0.0546875 0.0546875
0 0.8125 0.98828125 0.052734375 0.052734375
0 0.67578125 0.939453125 0.048828125 0.048828125
0 0.04296875 0.333984375 0.048828125 0.048828125
0 0.55859375 0.638671875 0.04296875 0.04296875
0 0.591796875 0.158203125 0.041015625 0.041015625
0 0.666015625 0.1171875 0.041015625 0.041015625
0 0.4375 0.5859375 0.037109375 0.037109375
0 0.1171875 0.130859375 0.033203125 0.033203125
0 0.86328125 0.150390625 0.033203125 0.033203125
0 0.177734375 0.076171875 0.029296875 0.029296875
0 0.11328125 0.677734375 0.02734375 0.02734375
0 0.29296875 0.982421875 0.02734375 0.02734375
0 0.734375 0.197265625 0.025390625 0.025390625
