0 0.20703125 0.46484375 0.359375 0.359375
0 0.69140625 0.078125 0.283203125 0.283203125
0 0.931640625 0.94140625 0.20703125 0.20703125
0 0.5625 0.484375 0.171875 0.171875
0 0.990234375 0.955078125 0.1171875 0.1171875
0 0.263671875 0.826171875 0.11328125 0.11328125
0 0.091796875 0.892578125 0.111328125 0.111328125
0 0.890625 0.75390625 0.109375 0.109375
0 0.361328125 0.751953125 0.109375 0.109375
0 0.072265625 0.326171875 0.107421875 0.107421875
0 0.154296875 0.103515625 0.091796875 0.091796875
0 0.306640625 0.146484375 0.08984375 0.08984375
0 0.201171875 0.794921875 0.078125 0.078125
0 0.916015625 0.1875 0.076171875 0.076171875
0 0.876953125 0.650390625 0.076171875 0.076171875
0 0.349609375 0.91015625 0.05859375 0.05859375
0 0.470703125 0.416015625 0.05859375 0.05859375
0 0.65234375 0.41015625 0.056640625 0.056640625
0 0.4375 0.951171875 0.056640625 0.056640625
0 0.78125 0.38671875 0.0546875 0.0546875
0 0.4609375 0.53515625 0.048828125 0.048828125
0 0.513671875 0.95703125 0.048828125 0.048828125
0 0.775390625 0.1953125 0.048828125 0.048828125
0 0.43359375 0.251953125 0.048828125 0.048828125
0 0.787109375 0.478515625 0.048828125 0.048828125
0 0.669921875 0.44140625 0.048828125 0.048828125
0 0.822265625 0.388671875 0.048828125 0.048828125
0 0.294921875 0.5546875 0.046875 0.046875
0 0.525390625 0.7890625 0.044921875 0.044921875
0 0.72265625 0.8671875 0.04296875 0.04296875
0 0.51953125 0.568359375 0.041015625 0.041015625
0 0.646484375 0.349609375 0.041015625 0.041015625
0 0.77734375 0.064453125 0.041015625 0.041015625
0 0.423828125 0.99609375 0.0390625 0.0390625
0 0.716796875 0.591796875 0.037109375 0.037109375
0 0.68359375 0.42578125 0.03515625 0.03515625
0 0.857421875 0.501953125 0.03515625 0.03515625
0 0.1796875 0.53125 0.03515625 0.03515625
0 0.966796875 0.150390625 0.03515625 0.03515625
0 0.689453125 0.666015625 0.033203125 0.033203125
0 0.26953125 0.34765625 0.03125 0.03125
0 0.384765625 0.984375 0.03125 0.03125
0 0.203125 0.8984375 0.029296875 0.029296875
0 0.3828125 0.935546875 0.029296875 0.029296875
0 0.1953125 0.7890625 0.029296875 0.029296875
0 0.916015625 0.6875 0.02734375 0.02734375
0 0.75390625 0.333984375 0.02734375 0.02734375
0 0.365234375 0.740234375 0.025390625 0.025390625
0 0.255859375 0.126953125 0.025390625 0.025390625
0 0.841796875 0.517578125 0.025390625 0.025390625
