0 0.01171875 0.919921875 0.345703125 0.345703125
0 0.98046875 0.49609375 0.29296875 0.29296875
0 0.689453125 0.001953125 0.291015625 0.291015625
0 0.076171875 0.599609375 0.173828125 0.173828125
0 0.37890625 0.833984375 0.16015625 0.16015625
0 0.69921875 0.7890625 0.14453125 0.14453125
0 0.33203125 0.958984375 0.12109375 0.12109375
0 0.927734375 0.048828125 0.1171875 0.1171875
0 0.865234375 0.669921875 0.115234375 0.115234375
0 0.078125 0.46484375 0.111328125 0.111328125
0 0.84375 0.001953125 0.099609375 0.099609375
0 0.529296875 0.66796875 0.09375 0.09375
0 0.6875 0.26171875 0.08984375 0.08984375
0 0.07421875 0.517578125 0.08203125 0.08203125
0 0.7421875 0.25390625 0.078125 0.078125
0 0.115234375 0.748046875 0.076171875 0.076171875
0 0.2109375 0.529296875 0.06640625 0.06640625
0 0.263671875 0.560546875 0.064453125 0.064453125
0 0.8046875 0.548828125 0.0625 0.0625
0 0.30859375 0.71484375 0.056640625 0.056640625
0 0.494140625 0.169921875 0.056640625 0.056640625
0 0.208984375 0.357421875 0.052734375 0.052734375
0 0.1171875 0.3359375 0.052734375 0.052734375
0 0.890625 0.62890625 0.05078125 0.05078125
0 0.171875 0.439453125 0.048828125 0.048828125
0 0.5078125 0.1796875 0.048828125 0.048828125
0 0.046875 0.138671875 0.046875 0.046875
0 0.08984375 0.615234375 0.044921875 0.044921875
0 0.25390625 0.943359375 0.04296875 0.04296875
0 0.021484375 0.095703125 0.04296875 0.04296875
0 0.45703125 0.83203125 0.041015625 0.041015625
0 0.322265625 0.775390625 0.041015625 0.041015625
0 0.41796875 0.673828125 0.0390625 0.0390625
0 0.61328125 0.904296875 0.0390625 0.0390625
0 0.001953125 0.24609375 0.0390625 0.0390625
0 0.66796875 0.134765625 0.037109375 0.037109375
0 0.447265625 0.126953125 0.03515625 0.03515625
0 0.05859375 0.099609375 0.03515625 0.03515625
0 0.8125 0.830078125 0.033203125 0.033203125
0 0.7421875 0.73046875 0.02734375 0.02734375
0 0.12890625 0.162109375 0.02734375 0.02734375
0 0.228515625 0.3984375 0.025390625 0.025390625
