0 0.873046875 0.88671875 0.24609375 0.24609375
0 0.99609375 0.751953125 0.212890625 0.212890625
0 0.138671875 0.32421875 0.158203125 0.158203125
0 0.76953125 0.4609375 0.158203125 0.158203125
0 0.37890625 0.404296875 0.09765625 0.09765625
0 0.140625 0.5390625 0.078125 0.078125
0 0.8515625 0.40234375 0.0703125 0.0703125
0 0.802734375 0.255859375 0.068359375 0.068359375
0 0.505859375 0.421875 0.06640625 0.06640625
0 0.11328125 0.05859375 0.05859375 0.05859375
0 0.546875 0.630859375 0.05859375 0.05859375
0 0.404296875 0.705078125 0.056640625 0.056640625
0 0.92578125 0.39453125 0.044921875 0.044921875
0 0.47265625 0.6015625 0.041015625 0.041015625
0 0.658203125 0.24609375 0.0390625 0.0390625
0 0.951171875 0.392578125 0.037109375 0.037109375
0 0.40625 0.96875 0.037109375 0.037109375
0 0.40234375 0.25390625 0.033203125 0.033203125
0 0.232421875 0.166015625 0.033203125 0.033203125
0 0.52734375 0.96484375 0.033203125 0.033203125
0 0.74609375 0.55078125 0.03125 0.03125
0 0.107421875 0.76171875 0.03125 0.03125
0 0.89453125 0.27734375 0.029296875 0.029296875
0 0.654296875 0.119140625 0.029296875 0.029296875
0 0.755859375 0.193359375 0.029296875 0.029296875
0 0.216796875 0.15234375 0.029296875 0.029296875
0 0.642578125 0.431640625 0.02734375 0.02734375
0 0.40234375 0.490234375 0.02734375 0.02734375
0 0.216796875 0.51953125 0.025390625 0.025390625
