0 0.142578125 0.505859375 0.166015625 0.166015625
0 0.671875 0.0859375 0.107421875 0.107421875
0 0.052734375 0.197265625 0.08984375 0.08984375
0 0.53125 0.779296875 0.0859375 0.0859375
0 0.623046875 0.658203125 0.0859375 0.0859375
0 0.24609375 0.173828125 0.083984375 0.083984375
0 0.6171875 0.70703125 0.08203125 0.08203125
0 0.080078125 0.267578125 0.064453125 0.064453125
0 0.537109375 0.822265625 0.064453125 0.064453125
0 0.86328125 0.798828125 0.0625 0.0625
0 0.083984375 0.134765625 0.056640625 0.056640625
0 0.818359375 0.53125 0.056640625 0.056640625
0 0.3125 0.10546875 0.044921875 0.044921875
0 0.10546875 0.12890625 0.044921875 0.044921875
0 0.8828125 0.646484375 0.04296875 0.04296875
0 0.82421875 0.080078125 0.041015625 0.041015625
0 0.212890625 0.08984375 0.041015625 0.041015625
0 0.830078125 0.826171875 0.037109375 0.037109375
0 0.896484375 0.76953125 0.037109375 0.037109375
0 0.720703125 0.30078125 0.037109375 0.037109375
0 0.072265625 0.587890625 0.03515625 0.03515625
0 0.974609375 0.88671875 0.03515625 0.03515625
0 0.2734375 0.419921875 0.03515625 0.03515625
0 0.259765625 0.314453125 0.033203125 0.033203125
0 0.802734375 0.130859375 0.03125 0.03125
0 0.775390625 0.865234375 0.029296875 0.029296875
0 0.6328125 0.625 0.02734375 0.02734375
0 0.232421875 0.0 0.02734375 0.02734375
0 0.107421875 0.3515625 0.02734375 0.02734375
0 0.48828125 0.232421875 0.02734375 0.02734375
0 0.751953125 0.8515625 0.025390625 0.025390625
0 0.0546875 0.625 0.025390625 0.025390625
