0 0.02734375 0.9140625 0.197265625 0.197265625
0 0.197265625 0.1953125 0.1640625 0.1640625
0 0.849609375 0.326171875 0.162109375 0.162109375
0 0.77734375 0.263671875 0.13671875 0.13671875
0 0.96875 0.291015625 0.130859375 0.130859375
0 0.27734375 0.1640625 0.11328125 0.11328125
0 0.330078125 0.185546875 0.109375 0.109375
0 0.37109375 0.84375 0.10546875 0.10546875
0 0.703125 0.142578125 0.1015625 0.1015625
0 0.068359375 0.142578125 0.1015625 0.1015625
0 0.556640625 0.794921875 0.095703125 0.095703125
0 0.697265625 0.060546875 0.09375 0.09375
0 0.330078125 0.9765625 0.083984375 0.083984375
0 0.23828125 0.81640625 0.08203125 0.08203125
0 0.130859375 0.3046875 0.078125 0.078125
0 0.681640625 0.1796875 0.07421875 0.07421875
0 0.673828125 0.779296875 0.07421875 0.07421875
0 0.734375 0.576171875 0.07421875 0.07421875
0 0.7421875 0.775390625 0.07421875 0.07421875
0 0.595703125 0.11328125 0.072265625 0.072265625
0 0.748046875 0.443359375 0.0625 0.0625
0 0.44921875 0.44921875 0.060546875 0.060546875
0 0.42578125 0.306640625 0.056640625 0.056640625
0 0.67578125 0.9765625 0.0546875 0.0546875
0 0.494140625 0.640625 0.052734375 0.052734375
0 0.908203125 0.91015625 0.05078125 0.05078125
0 0.7109375 0.16796875 0.05078125 0.05078125
0 0.416015625 0.259765625 0.046875 0.046875
0 0.837890625 0.162109375 0.046875 0.046875
0 0.921875 0.873046875 0.046875 0.046875
0 0.84765625 0.671875 0.044921875 0.044921875
0 0.095703125 0.2421875 0.041015625 0.041015625
0 0.94921875 0.74609375 0.0390625 0.0390625
0 0.4921875 0.255859375 0.037109375 0.037109375
0 0.626953125 0.09375 0.037109375 0.037109375
0 0.787109375 0.953125 0.03515625 0.03515625
0 0.78125 0.6796875 0.03515625 0.03515625
0 0.986328125 0.76171875 0.033203125 0.033203125
0 0.30859375 0.310546875 0.033203125 0.033203125
0 0.216796875 0.853515625 0.03125 0.03125
0 0.001953125 0.72265625 0.03125 0.03125
0 0.044921875 0.017578125 0.03125 0.03125
0 0.576171875 0.96484375 0.03125 0.03125
0 0.88671875 0.755859375 0.029296875 0.029296875
0 0.677734375 0.31640625 0.029296875 0.029296875
0 0.76171875 0.5625 0.029296875 0.029296875
0 0.421875 0.97265625 0.02734375 0.02734375
0 0.412109375 0.955078125 0.02734375 0.02734375
0 0.60546875 0.0390625 0.02734375 0.02734375
0 0.84765625 0.64453125 0.02734375 0.02734375
0 0.390625 0.654296875 0.02734375 0.02734375
0 0.384765625 0.41796875 0.02734375 0.02734375
0 0.681640625 0.375 0.02734375 0.02734375
0 0.126953125 0.47265625 0.025390625 0.025390625
0 0.904296875 0.880859375 0.025390625 0.025390625
0 0.291015625 0.650390625 0.025390625 0.025390625
0 0.072265625 0.84375 0.025390625 0.025390625
