0 0.150390625 0.048828125 0.234375 0.234375
0 0.640625 0.888671875 0.216796875 0.216796875
0 0.71875 0.783203125 0.208984375 0.208984375
0 0.744140625 0.369140625 0.150390625 0.150390625
0 0.84765625 0.01171875 0.13671875 0.13671875
0 0.744140625 0.7890625 0.1328125 0.1328125
0 0.330078125 0.53125 0.111328125 0.111328125
0 0.8046875 0.830078125 0.103515625 0.103515625
0 0.328125 0.478515625 0.103515625 0.103515625
0 0.259765625 0.115234375 0.08984375 0.08984375
0 0.337890625 0.611328125 0.083984375 0.083984375
0 0.685546875 0.6171875 0.080078125 0.080078125
0 0.9296875 0.212890625 0.07421875 0.07421875
0 0.498046875 0.904296875 0.072265625 0.072265625
0 0.232421875 0.494140625 0.068359375 0.068359375
0 0.587890625 0.44921875 0.06640625 0.06640625
0 0.515625 0.12890625 0.064453125 0.064453125
0 0.638671875 0.427734375 0.060546875 0.060546875
0 0.5703125 0.017578125 0.060546875 0.060546875
0 0.75390625 0.498046875 0.05859375 0.05859375
0 0.89453125 0.072265625 0.05859375 0.05859375
0 0.794921875 0.96484375 0.052734375 0.052734375
0 0.92578125 0.34375 0.05078125 0.05078125
0 0.5 0.240234375 0.05078125 0.05078125
0 0.94921875 0.064453125 0.05078125 0.05078125
0 0.41796875 0.27734375 0.05078125 0.05078125
0 0.87890625 0.970703125 0.05078125 0.05078125
0 0.896484375 0.38671875 0.05078125 0.05078125
0 0.197265625 0.693359375 0.048828125 0.048828125
0 0.611328125 0.41796875 0.046875 0.046875
0 0.416015625 0.044921875 0.046875 0.046875
0 0.630859375 0.546875 0.046875 0.046875
0 0.830078125 0.43359375 0.044921875 0.044921875
0 0.828125 0.34375 0.04296875 0.04296875
0 0.0 0.28125 0.041015625 0.041015625
0 0.869140625 0.80078125 0.041015625 0.041015625
0 0.59765625 0.125 0.041015625 0.041015625
0 0.306640625 0.708984375 0.0390625 0.0390625
0 0.091796875 0.67578125 0.0390625 0.0390625
0 0.994140625 0.328125 0.0390625 0.0390625
0 0.095703125 0.921875 0.037109375 0.037109375
0 0.60546875 0.052734375 0.037109375 0.037109375
0 0.984375 0.041015625 0.03515625 0.03515625
0 0.607421875 0.2265625 0.03515625 0.03515625
0 0.4296875 0.330078125 0.033203125 0.033203125
0 0.96484375 0.9140625 0.033203125 0.033203125
0 0.841796875 0.78515625 0.033203125 0.033203125
0 0.630859375 0.23828125 0.033203125 0.033203125
0 0.6484375 0.5625 0.029296875 0.029296875
0 0.416015625 0.15625 0.029296875 0.029296875
0 0.548828125 0.6875 0.02734375 0.02734375
0 0.462890625 0.09375 0.02734375 0.02734375
0 0.03515625 0.208984375 0.02734375 0.02734375
0 0.306640625 0.369140625 0.02734375 0.02734375
0 0.583984375 0.099609375 0.02734375 0.02734375
0 0.96875 0.376953125 0.02734375 0.02734375
0 0.080078125 0.453125 0.025390625 0.025390625
