0 0.44921875 0.197265625 0.439453125 0.439453125
0 0.712890625 0.20703125 0.177734375 0.177734375
0 0.48046875 0.759765625 0.134765625 0.134765625
0 0.591796875 0.025390625 0.126953125 0.126953125
0 0.28125 0.435546875 0.1171875 0.1171875
0 0.685546875 0.41796875 0.11328125 0.11328125
0 0.232421875 0.515625 0.109375 0.109375
0 0.828125 0.44921875 0.09375 0.09375
0 0.625 0.361328125 0.0859375 0.0859375
0 0.564453125 0.5859375 0.078125 0.078125
0 0.57421875 0.60546875 0.07421875 0.07421875
0 0.158203125 0.978515625 0.06640625 0.06640625
0 0.74609375 0.77734375 0.0625 0.0625
0 0.82421875 0.580078125 0.05078125 0.05078125
0 0.744140625 0.873046875 0.044921875 0.044921875
0 0.177734375 0.267578125 0.044921875 0.044921875
0 0.23828125 0.169921875 0.04296875 0.04296875
0 0.009765625 0.04296875 0.04296875 0.04296875
0 0.76171875 0.9140625 0.04296875 0.04296875
0 0.03515625 0.423828125 0.04296875 0.04296875
0 0.794921875 0.4609375 0.041015625 0.041015625
0 0.689453125 0.330078125 0.0390625 0.0390625
0 0.1484375 0.91015625 0.0390625 0.0390625
0 0.75 0.408203125 0.037109375 0.037109375
0 0.078125 0.009765625 0.037109375 0.037109375
0 0.796875 0.650390625 0.037109375 0.037109375
0 0.48828125 0.232421875 0.03515625 0.03515625
0 0.890625 0.267578125 0.03515625 0.03515625
0 0.9921875 0.537109375 0.03515625 0.03515625
0 0.833984375 0.630859375 0.033203125 0.033203125
0 0.798828125 0.40625 0.033203125 0.033203125
0 0.591796875 0.56640625 0.033203125 0.033203125
0 0.56640625 0.109375 0.03125 0.03125
0 0.671875 0.591796875 0.03125 0.03125
0 0.994140625 0.365234375 0.029296875 0.029296875
0 0.48828125 0.423828125 0.02734375 0.02734375
0 0.2890625 0.291015625 0.02734375 0.02734375
0 0.54296875 0.1171875 0.02734375 0.02734375
0 0.791015625 0.92578125 0.025390625 0.025390625
