0 0.38671875 0.775390625 0.228515625 0.228515625
0 0.375 0.3203125 0.1640625 0.1640625
0 0.15625 0.548828125 0.15625 0.15625
0 0.96484375 0.263671875 0.1484375 0.1484375
0 0.5546875 0.37109375 0.126953125 0.126953125
0 0.4609375 0.8671875 0.109375 0.109375
0 0.802734375 0.771484375 0.083984375 0.083984375
0 0.521484375 0.544921875 0.07421875 0.07421875
0 0.873046875 0.4375 0.0703125 0.0703125
0 0.39453125 0.4609375 0.068359375 0.068359375
0 0.732421875 0.265625 0.064453125 0.064453125
0 0.9375 0.353515625 0.0625 0.0625
0 0.90234375 0.130859375 0.05859375 0.05859375
0 0.421875 0.494140625 0.056640625 0.056640625
0 0.630859375 0.216796875 0.046875 0.046875
0 0.796875 0.009765625 0.044921875 0.044921875
0 0.052734375 0.828125 0.044921875 0.044921875
0 0.9921875 0.38671875 0.04296875 0.04296875
0 0.302734375 0.48828125 0.04296875 0.04296875
0 0.3828125 0.314453125 0.041015625 0.041015625
0 0.9921875 0.890625 0.041015625 0.041015625
0 0.259765625 0.482421875 0.03125 0.03125
0 0.31640625 0.0234375 0.03125 0.03125
0 0.966796875 0.166015625 0.03125 0.03125
0 0.541015625 0.701171875 0.029296875 0.029296875
0 0.892578125 0.203125 0.029296875 0.029296875
0 0.599609375 0.486328125 0.025390625 0.025390625
0 0.0703125 0.515625 0.025390625 0.025390625
0 0.841796875 0.15625 0.025390625 0.025390625
