0 0.111328125 0.392578125 0.185546875 0.185546875
0 0.29296875 0.7109375 0.123046875 0.123046875
0 0.162109375 0.767578125 0.1171875 0.1171875
0 0.48046875 0.943359375 0.111328125 0.111328125
0 0.369140625 0.90234375 0.107421875 0.107421875
0 0.3203125 0.982421875 0.083984375 0.083984375
0 0.6796875 0.916015625 0.06640625 0.06640625
0 0.30859375 0.171875 0.052734375 0.052734375
0 0.3984375 0.99609375 0.04296875 0.04296875
0 0.279296875 0.896484375 0.033203125 0.033203125
0 0.201171875 0.650390625 0.033203125 0.033203125
