0 0.56640625 0.615234375 0.201171875 0.201171875
0 0.265625 0.451171875 0.19921875 0.19921875
0 0.931640625 0.6171875 0.197265625 0.197265625
0 0.994140625 0.181640625 0.16796875 0.16796875
0 0.873046875 0.845703125 0.0625 0.0625
0 0.27734375 0.84375 0.060546875 0.060546875
0 0.763671875 0.74609375 0.060546875 0.060546875
0 0.16796875 0.7890625 0.0546875 0.0546875
0 0.224609375 0.5 0.05078125 0.05078125
0 0.05078125 0.619140625 0.05078125 0.05078125
0 0.796875 0.724609375 0.0390625 0.0390625
0 0.83203125 0.71875 0.0390625 0.0390625
0 0.568359375 0.76171875 0.037109375 0.037109375
0 0.52734375 0.80078125 0.025390625 0.025390625
