0 0.04296875 0.861328125 0.119140625 0.119140625
0 0.205078125 0.708984375 0.10546875 0.10546875
0 0.494140625 0.748046875 0.09375 0.09375
0 0.09375 0.654296875 0.08203125 0.08203125
0 0.5390625 0.00390625 0.060546875 0.060546875
0 0.14453125 0.537109375 0.05078125 0.05078125
0 0.197265625 0.654296875 0.046875 0.046875
0 0.431640625 0.796875 0.044921875 0.044921875
0 0.3125 0.8046875 0.044921875 0.044921875
0 0.181640625 0.599609375 0.044921875 0.044921875
0 0.2890625 0.583984375 0.044921875 0.044921875
0 0.0546875 0.55078125 0.04296875 0.04296875
0 0.25 0.37890625 0.04296875 0.04296875
0 0.9453125 0.916015625 0.0390625 0.0390625
0 0.78515625 0.111328125 0.037109375 0.037109375
0 0.08984375 0.591796875 0.03515625 0.03515625
0 0.0078125 0.53125 0.03515625 0.03515625
0 0.22265625 0.2734375 0.033203125 0.033203125
0 0.45703125 0.53125 0.03125 0.03125
0 0.15625 0.10546875 0.03125 0.03125
0 0.2734375 0.779296875 0.03125 0.03125
0 0.62890625 0.0 0.03125 0.03125
0 0.330078125 0.9609375 0.029296875 0.029296875
0 0.73828125 0.361328125 0.029296875 0.029296875
0 0.201171875 0.673828125 0.029296875 0.029296875
0 0.150390625 0.767578125 0.029296875 0.029296875
0 0.3359375 0.62890625 0.02734375 0.02734375
0 0.3203125 0.724609375 0.02734375 0.02734375
