0 0.2265625 0.505859375 0.830078125 0.830078125
0 0.810546875 0.83984375 0.1015625 0.1015625
0 0.623046875 0.759765625 0.1015625 0.1015625
0 0.244140625 0.923828125 0.083984375 0.083984375
0 0.625 0.322265625 0.0625 0.0625
0 0.15625 0.708984375 0.060546875 0.060546875
0 0.126953125 0.947265625 0.05859375 0.05859375
0 0.015625 0.328125 0.056640625 0.056640625
0 0.056640625 0.0859375 0.05078125 0.05078125
0 0.783203125 0.07421875 0.048828125 0.048828125
0 0.65625 0.91015625 0.044921875 0.044921875
0 0.193359375 0.00390625 0.037109375 0.037109375
0 0.783203125 0.60546875 0.03125 0.03125
0 0.73046875 0.056640625 0.03125 0.03125
0 0.8046875 0.55859375 0.029296875 0.029296875
0 0.98046875 0.35546875 0.029296875 0.029296875
0 0.712890625 0.826171875 0.02734375 0.02734375
