0 0.376953125 0.580078125 0.13671875 0.13671875
0 0.591796875 0.72265625 0.13671875 0.13671875
0 0.373046875 0.810546875 0.1015625 0.1015625
0 0.75 0.6953125 0.08203125 0.08203125
0 0.619140625 0.4609375 0.07421875 0.07421875
0 0.83203125 0.865234375 0.0703125 0.0703125
0 0.86328125 0.310546875 0.068359375 0.068359375
0 0.255859375 0.55078125 0.064453125 0.064453125
0 0.908203125 0.416015625 0.0625 0.0625
0 0.91796875 0.845703125 0.056640625 0.056640625
0 0.443359375 0.08203125 0.056640625 0.056640625
0 0.25 0.083984375 0.056640625 0.056640625
0 0.298828125 0.853515625 0.052734375 0.052734375
0 0.158203125 0.986328125 0.05078125 0.05078125
0 0.513671875 0.416015625 0.05078125 0.05078125
0 0.65234375 0.140625 0.048828125 0.048828125
0 0.271484375 0.033203125 0.046875 0.046875
0 0.193359375 0.5859375 0.04296875 0.04296875
0 0.625 0.3046875 0.041015625 0.041015625
0 0.685546875 0.90234375 0.037109375 0.037109375
0 0.802734375 0.65234375 0.037109375 0.037109375
0 0.69140625 0.3515625 0.03515625 0.03515625
0 0.560546875 0.962890625 0.03515625 0.03515625
0 0.564453125 0.228515625 0.033203125 0.033203125
0 0.578125 0.30078125 0.033203125 0.033203125
0 0.4609375 0.68359375 0.029296875 0.029296875
0 0.041015625 0.0703125 0.02734375 0.02734375
