0 0.212890625 0.55078125 0.291015625 0.291015625
0 0.92578125 0.828125 0.1953125 0.1953125
0 0.291015625 0.63671875 0.173828125 0.173828125
0 0.537109375 0.5546875 0.150390625 0.150390625
0 0.38671875 0.30859375 0.134765625 0.134765625
0 0.169921875 0.8203125 0.125 0.125
0 0.494140625 0.67578125 0.119140625 0.119140625
0 0.580078125 0.9609375 0.103515625 0.103515625
0 0.80078125 0.455078125 0.09765625 0.09765625
0 0.6328125 0.015625 0.09375 0.09375
0 0.078125 0.9453125 0.091796875 0.091796875
0 0.61328125 0.591796875 0.083984375 0.083984375
0 0.375 0.8046875 0.083984375 0.083984375
0 0.70703125 0.48828125 0.078125 0.078125
0 0.5546875 0.048828125 0.076171875 0.076171875
0 0.375 0.09765625 0.076171875 0.076171875
0 0.330078125 0.2734375 0.07421875 0.07421875
0 0.32421875 0.84375 0.072265625 0.072265625
0 0.353515625 0.1328125 0.0703125 0.0703125
0 0.810546875 0.99609375 0.0703125 0.0703125
0 0.8125 0.369140625 0.064453125 0.064453125
0 0.830078125 0.087890625 0.0625 0.0625
0 0.251953125 0.296875 0.0625 0.0625
0 0.353515625 0.251953125 0.05859375 0.05859375
0 0.541015625 0.994140625 0.05859375 0.05859375
0 0.025390625 0.087890625 0.0546875 0.0546875
0 0.9296875 0.171875 0.052734375 0.052734375
0 0.58984375 0.2578125 0.052734375 0.052734375
0 0.7734375 0.55859375 0.052734375 0.052734375
0 0.79296875 0.01953125 0.052734375 0.052734375
0 0.373046875 0.1484375 0.05078125 0.05078125
0 0.7578125 0.1875 0.046875 0.046875
0 0.78515625 0.6171875 0.044921875 0.044921875
0 0.177734375 0.134765625 0.044921875 0.044921875
0 0.345703125 0.20703125 0.044921875 0.044921875
0 0.634765625 0.927734375 0.04296875 0.04296875
0 0.712890625 0.669921875 0.04296875 0.04296875
0 0.953125 0.529296875 0.041015625 0.041015625
0 0.873046875 0.896484375 0.041015625 0.041015625
0 0.294921875 0.45703125 0.037109375 0.037109375
0 0.6796875 0.525390625 0.037109375 0.037109375
0 0.646484375 0.537109375 0.037109375 0.037109375
0 0.654296875 0.84765625 0.033203125 0.033203125
0 0.359375 0.48828125 0.03125 0.03125
0 0.4921875 0.79296875 0.029296875 0.029296875
0 0.68359375 0.4296875 0.029296875 0.029296875
0 0.97265625 0.7265625 0.029296875 0.029296875
0 0.130859375 0.9765625 0.029296875 0.029296875
0 0.623046875 0.8984375 0.02734375 0.02734375
0 0.443359375 0.6484375 0.02734375 0.02734375
0 0.603515625 0.095703125 0.025390625 0.025390625
0 0.712890625 0.876953125 0.025390625 0.025390625
0 0.052734375 0.32421875 0.025390625 0.025390625
0 0.333984375 0.013671875 0.025390625 0.025390625
0 0.490234375 0.140625 0.025390625 0.025390625
