0 0.70703125 0.845703125 1.228515625 1.228515625
0 0.55859375 0.1875 0.3046875 0.3046875
0 0.01953125 0.849609375 0.134765625 0.134765625
0 0.142578125 0.60546875 0.134765625 0.134765625
0 0.1796875 0.865234375 0.09765625 0.09765625
0 0.0 0.318359375 0.08203125 0.08203125
0 0.87890625 0.240234375 0.072265625 0.072265625
0 0.306640625 0.970703125 0.0703125 0.0703125
0 0.74609375 0.8828125 0.06640625 0.06640625
0 0.123046875 0.2109375 0.064453125 0.064453125
0 0.705078125 0.55078125 0.064453125 0.064453125
0 0.61328125 0.625 0.060546875 0.060546875
0 0.330078125 0.216796875 0.060546875 0.060546875
0 0.8671875 0.849609375 0.05078125 0.05078125
0 0.353515625 0.240234375 0.05078125 0.05078125
0 0.220703125 0.6328125 0.05078125 0.05078125
0 0.826171875 0.900390625 0.044921875 0.044921875
0 0.953125 0.0546875 0.044921875 0.044921875
0 0.01171875 0.263671875 0.037109375 0.037109375
0 0.833984375 0.1796875 0.03515625 0.03515625
0 0.2421875 0.8984375 0.03515625 0.03515625
0 0.87890625 0.962890625 0.033203125 0.033203125
0 0.76953125 0.361328125 0.03125 0.03125
0 0.81640625 0.52734375 0.03125 0.03125
0 0.912109375 0.478515625 0.03125 0.03125
0 0.630859375 0.4765625 0.03125 0.03125
0 0.1015625 0.09765625 0.02734375 0.02734375
0 0.50390625 0.8125 0.02734375 0.02734375
0 0.482421875 0.74609375 0.02734375 0.02734375
0 0.271484375 0.7109375 0.02734375 0.02734375
0 0.529296875 0.021484375 0.02734375 0.02734375
0 0.912109375 0.072265625 0.02734375 0.02734375
0 0.509765625 0.759765625 0.025390625 0.025390625
