0 0.55078125 0.83203125 0.1328125 0.1328125
0 0.283203125 0.25 0.1328125 0.1328125
0 0.275390625 0.96484375 0.119140625 0.119140625
0 0.595703125 0.2421875 0.09765625 0.09765625
0 0.08984375 0.677734375 0.0859375 0.0859375
0 0.458984375 0.40234375 0.080078125 0.080078125
0 0.84375 0.37890625 0.07421875 0.07421875
0 0.8203125 0.05078125 0.06640625 0.06640625
0 0.001953125 0.251953125 0.0625 0.0625
0 0.03125 0.20703125 0.0625 0.0625
0 0.912109375 0.16015625 0.060546875 0.060546875
0 0.53125 0.185546875 0.05859375 0.05859375
0 0.80078125 0.267578125 0.05859375 0.05859375
0 0.751953125 0.423828125 0.05078125 0.05078125
0 0.587890625 0.4453125 0.048828125 0.048828125
0 0.28515625 0.16015625 0.046875 0.046875
0 0.140625 0.015625 0.044921875 0.044921875
0 0.0625 0.01171875 0.03515625 0.03515625
0 0.369140625 0.720703125 0.03515625 0.03515625
0 0.2265625 0.46875 0.033203125 0.033203125
0 0.55078125 0.90234375 0.033203125 0.033203125
0 0.7109375 0.560546875 0.03125 0.03125
0 0.302734375 0.2109375 0.03125 0.03125
0 0.39453125 0.01171875 0.029296875 0.029296875
0 0.69921875 0.76953125 0.029296875 0.029296875
0 0.82421875 0.626953125 0.02734375 0.02734375
0 0.0625 0.0390625 0.02734375 0.02734375
0 0.123046875 0.396484375 0.025390625 0.025390625
