0 0.751953125 0.259765625 0.103515625 0.103515625
0 0.3984375 0.322265625 0.095703125 0.095703125
0 0.330078125 0.208984375 0.072265625 0.072265625
0 0.3359375 0.015625 0.06640625 0.06640625
0 0.53125 0.017578125 0.05859375 0.05859375
0 0.595703125 0.330078125 0.0546875 0.0546875
0 0.015625 0.0625 0.04296875 0.04296875
0 0.6328125 0.267578125 0.041015625 0.041015625
0 0.5 0.17578125 0.0390625 0.0390625
0 0.158203125 0.23046875 0.037109375 0.037109375
0 0.04296875 0.162109375 0.03515625 0.03515625
0 0.82421875 0.09375 0.03125 0.03125
0 0.951171875 0.28515625 0.029296875 0.029296875
0 0.431640625 0.1796875 0.029296875 0.029296875
0 0.775390625 0.37109375 0.181640625 0.181640625
0 0.03125 0.6796875 0.171875 0.171875
0 0.6796875 0.625 0.146484375 0.146484375
0 0.58203125 0.6484375 0.14453125 0.14453125
0 0.677734375 0.56640625 0.14453125 0.14453125
0 0.85546875 0.796875 0.111328125 0.111328125
0 0.44921875 0.89453125 0.109375 0.109375
0 0.34375 0.9140625 0.1015625 0.1015625
0 0.0234375 0.861328125 0.09765625 0.09765625
0 0.689453125 0.822265625 0.09765625 0.09765625
0 0.25 0.3828125 0.0859375 0.0859375
0 0.46484375 0.71484375 0.068359375 0.068359375
0 0.171875 0.97265625 0.064453125 0.064453125
0 0.0625 0.802734375 0.056640625 0.056640625
0 0.8125 0.623046875 0.0546875 0.0546875
0 0.9609375 0.71875 0.0546875 0.0546875
0 0.1015625 0.8203125 0.052734375 0.052734375
0 0.234375 0.580078125 0.052734375 0.052734375
0 0.71484375 0.47265625 0.05078125 0.05078125
0 0.28515625 0.748046875 0.05078125 0.05078125
0 0.697265625 0.5546875 0.048828125 0.048828125
0 0.615234375 0.9140625 0.048828125 0.048828125
0 0.6796875 0.76171875 0.044921875 0.044921875
0 0.546875 0.373046875 0.041015625 0.041015625
0 0.201171875 0.98828125 0.03515625 0.03515625
0 0.375 0.521484375 0.03125 0.03125
0 0.234375 0.6953125 0.029296875 0.029296875
0 0.1015625 0.779296875 0.02734375 0.02734375
0 0.01953125 0.42578125 0.02734375 0.02734375
0 0.404296875 0.376953125 0.025390625 0.025390625
