0 0.171875 0.443359375 0.2265625 0.2265625
0 0.2109375 0.439453125 0.140625 0.140625
0 0.52734375 0.427734375 0.126953125 0.126953125
0 0.55859375 0.146484375 0.1015625 0.1015625
0 0.130859375 0.521484375 0.083984375 0.083984375
0 0.529296875 0.220703125 0.076171875 0.076171875
0 0.59765625 0.66015625 0.0703125 0.0703125
0 0.458984375 0.296875 0.06640625 0.06640625
0 0.185546875 0.595703125 0.060546875 0.060546875
0 0.359375 0.435546875 0.05859375 0.05859375
0 0.275390625 0.57421875 0.0546875 0.0546875
0 0.294921875 0.240234375 0.041015625 0.041015625
0 0.32421875 0.548828125 0.037109375 0.037109375
0 0.263671875 0.611328125 0.03515625 0.03515625
0 0.33203125 0.365234375 0.03125 0.03125
0 0.232421875 0.529296875 0.02734375 0.02734375
0 0.67578125 0.42578125 0.11328125 0.11328125
0 0.873046875 0.13671875 0.029296875 0.029296875
0 0.943359375 0.51953125 0.025390625 0.025390625
0 0.068359375 0.736328125 0.103515625 0.103515625
0 0.578125 0.853515625 0.076171875 0.076171875
0 0.6015625 0.974609375 0.0703125 0.0703125
0 0.021484375 0.869140625 0.06640625 0.06640625
0 0.73046875 0.70703125 0.0625 0.0625
0 0.771484375 0.958984375 0.048828125 0.048828125
0 0.697265625 0.7890625 0.046875 0.046875
0 0.18359375 0.8671875 0.046875 0.046875
0 0.78515625 0.77734375 0.044921875 0.044921875
0 0.830078125 0.822265625 0.04296875 0.04296875
0 0.900390625 0.876953125 0.04296875 0.04296875
0 0.890625 0.880859375 0.0390625 0.0390625
0 0.427734375 0.931640625 0.037109375 0.037109375
0 0.619140625 0.755859375 0.03515625 0.03515625
0 0.337890625 0.888671875 0.03515625 0.03515625
0 0.03125 0.669921875 0.02734375 0.02734375
0 0.48046875 0.744140625 0.02734375 0.02734375
0 0.205078125 0.982421875 0.02734375 0.02734375
0 0.2109375 0.77734375 0.025390625 0.025390625
0 0.39453125 0.779296875 0.025390625 0.025390625
