0 0.3046875 0.77734375 0.1875 0.1875
0 0.1640625 0.0390625 0.1484375 0.1484375
0 0.0703125 0.845703125 0.13671875 0.13671875
0 0.80859375 0.533203125 0.125 0.125
0 0.458984375 0.150390625 0.123046875 0.123046875
0 0.654296875 0.212890625 0.115234375 0.115234375
0 0.05078125 0.7421875 0.099609375 0.099609375
0 0.708984375 0.4453125 0.09375 0.09375
0 0.763671875 0.875 0.083984375 0.083984375
0 0.802734375 0.322265625 0.083984375 0.083984375
0 0.185546875 0.46484375 0.080078125 0.080078125
0 0.16015625 0.6015625 0.080078125 0.080078125
0 0.791015625 0.25 0.078125 0.078125
0 0.751953125 0.8359375 0.0703125 0.0703125
0 0.48828125 0.849609375 0.060546875 0.060546875
0 0.201171875 0.8125 0.060546875 0.060546875
0 0.1484375 0.9921875 0.060546875 0.060546875
0 0.328125 0.857421875 0.0546875 0.0546875
0 0.044921875 0.58984375 0.0546875 0.0546875
0 0.443359375 0.63671875 0.05078125 0.05078125
0 0.53515625 0.423828125 0.05078125 0.05078125
0 0.103515625 0.55859375 0.048828125 0.048828125
0 0.052734375 0.326171875 0.04296875 0.04296875
0 0.916015625 0.794921875 0.04296875 0.04296875
0 0.76953125 0.140625 0.041015625 0.041015625
0 0.966796875 0.638671875 0.0390625 0.0390625
0 0.375 0.388671875 0.0390625 0.0390625
0 0.0703125 0.0546875 0.0390625 0.0390625
0 0.7109375 0.5703125 0.037109375 0.037109375
0 0.599609375 0.62109375 0.03515625 0.03515625
0 0.791015625 0.7578125 0.03515625 0.03515625
0 0.671875 0.087890625 0.033203125 0.033203125
0 0.99609375 0.4453125 0.033203125 0.033203125
0 0.666015625 0.556640625 0.033203125 0.033203125
0 0.93359375 0.26171875 0.033203125 0.033203125
0 0.43359375 0.21875 0.03125 0.03125
0 0.27734375 0.205078125 0.03125 0.03125
0 0.935546875 0.052734375 0.029296875 0.029296875
0 0.943359375 0.107421875 0.029296875 0.029296875
0 0.505859375 0.080078125 0.02734375 0.02734375
0 0.404296875 0.341796875 0.02734375 0.02734375
0 0.234375 0.9921875 0.025390625 0.025390625
0 0.291015625 0.59765625 0.025390625 0.025390625
0 0.447265625 0.71875 0.025390625 0.025390625
