0 0.728515625 0.900390625 0.158203125 0.158203125
0 0.3828125 0.73828125 0.13671875 0.13671875
0 0.046875 0.44140625 0.130859375 0.130859375
0 0.78125 0.052734375 0.1171875 0.1171875
0 0.599609375 0.35546875 0.1171875 0.1171875
0 0.556640625 0.23828125 0.107421875 0.107421875
0 0.103515625 0.5234375 0.08984375 0.08984375
0 0.14453125 0.62890625 0.087890625 0.087890625
0 0.21484375 0.431640625 0.080078125 0.080078125
0 0.892578125 0.1796875 0.06640625 0.06640625
0 0.509765625 0.0546875 0.0625 0.0625
0 0.716796875 0.25 0.0625 0.0625
0 0.66796875 0.42578125 0.0546875 0.0546875
0 0.310546875 0.927734375 0.046875 0.046875
0 0.232421875 0.2265625 0.044921875 0.044921875
0 0.85546875 0.521484375 0.044921875 0.044921875
0 0.796875 0.2265625 0.04296875 0.04296875
0 0.697265625 0.1640625 0.04296875 0.04296875
0 0.73828125 0.3828125 0.0390625 0.0390625
0 0.982421875 0.27734375 0.037109375 0.037109375
0 0.439453125 0.9296875 0.03515625 0.03515625
0 0.87890625 0.224609375 0.033203125 0.033203125
0 0.072265625 0.099609375 0.029296875 0.029296875
0 0.287109375 0.736328125 0.02734375 0.02734375
0 0.87109375 0.359375 0.025390625 0.025390625
