0 0.56640625 0.45703125 0.26953125 0.26953125
0 0.796875 0.3203125 0.140625 0.140625
0 0.60546875 0.8203125 0.13671875 0.13671875
0 0.548828125 0.720703125 0.083984375 0.083984375
0 0.447265625 0.046875 0.08203125 0.08203125
0 0.15625 0.87109375 0.076171875 0.076171875
0 0.294921875 0.03125 0.07421875 0.07421875
0 0.330078125 0.509765625 0.052734375 0.052734375
0 0.314453125 0.98046875 0.05078125 0.05078125
0 0.517578125 0.291015625 0.044921875 0.044921875
0 0.482421875 0.95703125 0.037109375 0.037109375
0 0.650390625 0.556640625 0.037109375 0.037109375
0 0.904296875 0.435546875 0.03515625 0.03515625
0 0.7265625 0.576171875 0.033203125 0.033203125
0 0.509765625 0.2109375 0.029296875 0.029296875
0 0.87109375 0.09375 0.029296875 0.029296875
0 0.53125 0.173828125 0.029296875 0.029296875
0 0.05859375 0.396484375 0.02734375 0.02734375
0 0.404296875 0.830078125 0.02734375 0.02734375
