0 0.20703125 0.1015625 0.201171875 0.201171875
0 0.421875 0.02734375 0.177734375 0.177734375
0 0.783203125 0.119140625 0.09375 0.09375
0 0.05859375 0.111328125 0.087890625 0.087890625
0 0.94921875 0.25390625 0.072265625 0.072265625
0 0.19921875 0.197265625 0.0703125 0.0703125
0 0.251953125 0.15234375 0.060546875 0.060546875
0 0.025390625 0.1796875 0.05859375 0.05859375
0 0.71484375 0.228515625 0.0546875 0.0546875
0 0.078125 0.04296875 0.048828125 0.048828125
0 0.4921875 0.326171875 0.046875 0.046875
0 0.5625 0.15234375 0.04296875 0.04296875
0 0.646484375 0.30078125 0.037109375 0.037109375
0 0.720703125 0.046875 0.03515625 0.03515625
0 0.890625 0.103515625 0.02734375 0.02734375
0 0.220703125 0.322265625 0.025390625 0.025390625
0 0.087890625 0.66796875 0.13671875 0.13671875
0 0.91015625 0.783203125 0.134765625 0.134765625
0 0.3515625 0.744140625 0.130859375 0.130859375
0 0.322265625 0.845703125 0.109375 0.109375
0 0.42578125 0.59765625 0.107421875 0.107421875
0 0.9453125 0.8984375 0.095703125 0.095703125
0 0.435546875 0.83984375 0.087890625 0.087890625
0 0.962890625 0.388671875 0.08203125 0.08203125
0 0.65234375 0.654296875 0.068359375 0.068359375
0 0.0703125 0.810546875 0.052734375 0.052734375
0 0.44921875 0.8671875 0.052734375 0.052734375
0 0.130859375 0.80859375 0.044921875 0.044921875
0 0.990234375 0.435546875 0.044921875 0.044921875
0 0.828125 0.80078125 0.044921875 0.044921875
0 0.8125 0.400390625 0.041015625 0.041015625
0 0.4765625 0.439453125 0.041015625 0.041015625
0 0.658203125 0.462890625 0.0390625 0.0390625
0 0.923828125 0.4609375 0.0390625 0.0390625
0 0.314453125 0.599609375 0.037109375 0.037109375
0 0.296875 0.373046875 0.03515625 0.03515625
0 0.45703125 0.392578125 0.03125 0.03125
0 0.5703125 0.69140625 0.029296875 0.029296875
0 0.31640625 0.408203125 0.02734375 0.02734375
0 0.56640625 0.447265625 0.025390625 0.025390625
