0 0.142578125 0.40234375 0.185546875 0.185546875
0 0.146484375 0.234375 0.17578125 0.17578125
0 0.380859375 0.833984375 0.1640625 0.1640625
0 0.654296875 0.560546875 0.146484375 0.146484375
0 0.5234375 0.001953125 0.12890625 0.12890625
0 0.248046875 0.466796875 0.12890625 0.12890625
0 0.890625 0.974609375 0.126953125 0.126953125
0 0.51171875 0.271484375 0.1171875 0.1171875
0 0.966796875 0.63671875 0.115234375 0.115234375
0 0.578125 0.693359375 0.111328125 0.111328125
0 0.0390625 0.763671875 0.103515625 0.103515625
0 0.44921875 0.37890625 0.1015625 0.1015625
0 0.0625 0.880859375 0.1015625 0.1015625
0 0.447265625 0.931640625 0.1015625 0.1015625
0 0.248046875 0.056640625 0.091796875 0.091796875
0 0.87109375 0.16015625 0.08203125 0.08203125
0 0.74609375 0.451171875 0.0703125 0.0703125
0 0.4375 0.845703125 0.06640625 0.06640625
0 0.740234375 0.2578125 0.0625 0.0625
0 0.03515625 0.92578125 0.060546875 0.060546875
0 0.314453125 0.171875 0.056640625 0.056640625
0 0.0703125 0.99609375 0.056640625 0.056640625
0 0.591796875 0.076171875 0.0546875 0.0546875
0 0.43359375 0.634765625 0.05078125 0.05078125
0 0.30078125 0.353515625 0.05078125 0.05078125
0 0.1875 0.625 0.048828125 0.048828125
0 0.333984375 0.298828125 0.048828125 0.048828125
0 0.732421875 0.744140625 0.046875 0.046875
0 0.6953125 0.021484375 0.044921875 0.044921875
0 0.3515625 0.46484375 0.044921875 0.044921875
0 0.279296875 0.912109375 0.044921875 0.044921875
0 0.76171875 0.1015625 0.04296875 0.04296875
0 0.57421875 0.619140625 0.04296875 0.04296875
0 0.810546875 0.845703125 0.041015625 0.041015625
0 0.392578125 0.619140625 0.041015625 0.041015625
0 0.185546875 0.0078125 0.0390625 0.0390625
0 0.669921875 0.55078125 0.037109375 0.037109375
0 0.72265625 0.052734375 0.03515625 0.03515625
0 0.95703125 0.17578125 0.03515625 0.03515625
0 0.60546875 0.986328125 0.033203125 0.033203125
0 0.48046875 0.267578125 0.033203125 0.033203125
0 0.55859375 0.06640625 0.033203125 0.033203125
0 0.345703125 0.3828125 0.033203125 0.033203125
0 0.47265625 0.61328125 0.033203125 0.033203125
0 0.267578125 0.669921875 0.03125 0.03125
0 0.587890625 0.54296875 0.03125 0.03125
0 0.005859375 0.65234375 0.029296875 0.029296875
0 0.107421875 0.994140625 0.029296875 0.029296875
0 0.900390625 0.630859375 0.029296875 0.029296875
0 0.615234375 0.466796875 0.029296875 0.029296875
0 0.384765625 0.708984375 0.029296875 0.029296875
0 0.5390625 0.912109375 0.02734375 0.02734375
0 0.23828125 0.7578125 0.02734375 0.02734375
0 0.41796875 0.849609375 0.02734375 0.02734375
0 0.55078125 0.61328125 0.025390625 0.025390625
0 0.2109375 0.310546875 0.025390625 0.025390625
0 0.673828125 0.4609375 0.025390625 0.025390625
0 0.580078125 0.283203125 0.025390625 0.025390625
