0 0.328125 0.47265625 0.173828125 0.173828125
0 0.68359375 0.845703125 0.166015625 0.166015625
0 0.154296875 0.380859375 0.125 0.125
0 0.12109375 0.91015625 0.06640625 0.06640625
0 0.1015625 0.2265625 0.06640625 0.06640625
0 0.689453125 0.005859375 0.041015625 0.041015625
0 0.490234375 0.3359375 0.03515625 0.03515625
0 0.537109375 0.083984375 0.033203125 0.033203125
0 0.853515625 0.78515625 0.03125 0.03125
0 0.271484375 0.23828125 0.03125 0.03125
0 0.59765625 0.384765625 0.02734375 0.02734375
0 0.2421875 0.560546875 0.02734375 0.02734375
0 0.861328125 0.451171875 0.02734375 0.02734375
0 0.923828125 0.501953125 0.02734375 0.02734375
0 0.62109375 0.60546875 0.02734375 0.02734375
0 0.3359375 0.068359375 0.025390625 0.025390625
