0 0.958984375 0.373046875 0.26953125 0.26953125
0 0.962890625 0.73046875 0.193359375 0.193359375
0 0.27734375 0.880859375 0.13671875 0.13671875
0 0.603515625 0.044921875 0.1328125 0.1328125
0 0.556640625 0.8828125 0.09765625 0.09765625
0 0.857421875 0.54296875 0.095703125 0.095703125
0 0.46875 0.177734375 0.095703125 0.095703125
0 0.177734375 0.314453125 0.08984375 0.08984375
0 0.48046875 0.95703125 0.08984375 0.08984375
0 0.3046875 0.03515625 0.08203125 0.08203125
0 0.1796875 0.84375 0.080078125 0.080078125
0 0.611328125 0.2734375 0.080078125 0.080078125
0 0.599609375 0.19140625 0.076171875 0.076171875
0 0.30078125 0.55859375 0.072265625 0.072265625
0 0.791015625 0.78125 0.06640625 0.06640625
0 0.19921875 0.390625 0.06640625 0.06640625
0 0.037109375 0.099609375 0.05859375 0.05859375
0 0.3359375 0.955078125 0.0546875 0.0546875
0 0.638671875 0.802734375 0.052734375 0.052734375
0 0.79296875 0.033203125 0.041015625 0.041015625
0 0.021484375 0.17578125 0.0390625 0.0390625
0 0.287109375 0.49609375 0.037109375 0.037109375
0 0.873046875 0.03125 0.037109375 0.037109375
0 0.146484375 0.294921875 0.03515625 0.03515625
0 0.017578125 0.287109375 0.03515625 0.03515625
0 0.365234375 0.36328125 0.03515625 0.03515625
0 0.140625 0.26953125 0.033203125 0.033203125
0 0.029296875 0.841796875 0.033203125 0.033203125
0 0.41015625 0.009765625 0.033203125 0.033203125
0 0.810546875 0.61328125 0.033203125 0.033203125
0 0.4375 0.73046875 0.033203125 0.033203125
0 0.158203125 0.109375 0.03125 0.03125
0 0.873046875 0.71875 0.029296875 0.029296875
0 0.5 0.341796875 0.02734375 0.02734375
0 0.728515625 0.37109375 0.02734375 0.02734375
0 0.2265625 0.40625 0.02734375 0.02734375
0 0.12109375 0.666015625 0.02734375 0.02734375
0 0.337890625 0.294921875 0.025390625 0.025390625
0 0.359375 0.21484375 0.025390625 0.025390625
0 0.564453125 0.529296875 0.025390625 0.025390625
0 0.650390625 0.515625 0.025390625 0.025390625
