0 0.48046875 0.041015625 0.140625 0.140625
0 0.525390625 0.671875 0.11328125 0.11328125
0 0.44921875 0.611328125 0.111328125 0.111328125
0 0.861328125 0.423828125 0.107421875 0.107421875
0 0.2109375 0.8046875 0.08203125 0.08203125
0 0.953125 0.8046875 0.08203125 0.08203125
0 0.916015625 0.896484375 0.08203125 0.08203125
0 0.84765625 0.00390625 0.080078125 0.080078125
0 0.541015625 0.556640625 0.076171875 0.076171875
0 0.31640625 0.509765625 0.068359375 0.068359375
0 0.642578125 0.55859375 0.06640625 0.06640625
0 0.140625 0.044921875 0.060546875 0.060546875
0 0.30859375 0.24609375 0.060546875 0.060546875
0 0.19140625 0.3515625 0.05078125 0.05078125
0 0.615234375 0.373046875 0.05078125 0.05078125
0 0.046875 0.240234375 0.037109375 0.037109375
0 0.26171875 0.8671875 0.037109375 0.037109375
0 0.30859375 0.275390625 0.03125 0.03125
0 0.087890625 0.107421875 0.03125 0.03125
0 0.443359375 0.28515625 0.02734375 0.02734375
0 0.66796875 0.705078125 0.02734375 0.02734375
0 0.185546875 0.2890625 0.02734375 0.02734375
0 0.259765625 0.78125 0.025390625 0.025390625
0 0.12109375 0.240234375 0.025390625 0.025390625
0 0.595703125 0.919921875 0.025390625 0.025390625
0 0.197265625 0.576171875 0.025390625 0.025390625
