0 0.546875 0.27734375 0.0859375 0.0859375
0 0.87109375 0.1875 0.078125 0.078125
0 0.33984375 0.080078125 0.05078125 0.05078125
0 0.666015625 0.05859375 0.04296875 0.04296875
0 0.1875 0.29296875 0.041015625 0.041015625
0 0.455078125 0.193359375 0.0390625 0.0390625
0 0.927734375 0.162109375 0.03125 0.03125
0 0.263671875 0.181640625 0.029296875 0.029296875
0 0.23046875 0.248046875 0.029296875 0.029296875
0 0.9296875 0.27734375 0.02734375 0.02734375
0 0.802734375 0.7265625 0.1875 0.1875
0 0.25 0.826171875 0.177734375 0.177734375
0 0.98046875 0.3515625 0.146484375 0.146484375
0 0.52734375 0.373046875 0.1328125 0.1328125
0 0.65625 0.849609375 0.11328125 0.11328125
0 0.046875 0.93359375 0.078125 0.078125
0 0.98046875 0.41796875 0.07421875 0.07421875
0 0.36328125 0.365234375 0.068359375 0.068359375
0 0.09765625 0.830078125 0.0546875 0.0546875
0 0.505859375 0.767578125 0.052734375 0.052734375
0 0.091796875 0.625 0.04296875 0.04296875
0 0.91015625 0.908203125 0.04296875 0.04296875
0 0.6484375 0.884765625 0.04296875 0.04296875
0 0.033203125 0.40625 0.0390625 0.0390625
0 0.60546875 0.349609375 0.037109375 0.037109375
0 0.0 0.916015625 0.03515625 0.03515625
0 0.431640625 0.73828125 0.033203125 0.033203125
0 0.65234375 0.552734375 0.033203125 0.033203125
0 0.0546875 0.638671875 0.033203125 0.033203125
0 0.05078125 0.609375 0.033203125 0.033203125
0 0.169921875 0.484375 0.03125 0.03125
0 0.130859375 0.470703125 0.03125 0.03125
0 0.72265625 0.3515625 0.029296875 0.029296875
0 0.3203125 0.515625 0.02734375 0.02734375
