0 0.04296875 0.86328125 0.146484375 0.146484375
0 0.94921875 0.017578125 0.138671875 0.138671875
0 0.833984375 0.2734375 0.130859375 0.130859375
0 0.892578125 0.892578125 0.125 0.125
0 0.642578125 0.310546875 0.109375 0.109375
0 0.201171875 0.91015625 0.095703125 0.095703125
0 0.55078125 0.01171875 0.09375 0.09375
0 0.21875 0.341796875 0.080078125 0.080078125
0 0.017578125 0.537109375 0.076171875 0.076171875
0 0.822265625 0.818359375 0.0703125 0.0703125
0 0.208984375 0.509765625 0.068359375 0.068359375
0 0.49609375 0.033203125 0.0546875 0.0546875
0 0.56640625 0.669921875 0.05078125 0.05078125
0 0.19140625 0.396484375 0.046875 0.046875
0 0.474609375 0.59375 0.044921875 0.044921875
0 0.986328125 0.541015625 0.044921875 0.044921875
0 0.4375 0.927734375 0.044921875 0.044921875
0 0.34765625 0.646484375 0.044921875 0.044921875
0 0.712890625 0.509765625 0.044921875 0.044921875
0 0.869140625 0.103515625 0.044921875 0.044921875
0 0.984375 0.15625 0.04296875 0.04296875
0 0.16015625 0.603515625 0.04296875 0.04296875
0 0.25390625 0.20703125 0.041015625 0.041015625
0 0.935546875 0.595703125 0.0390625 0.0390625
0 0.990234375 0.26953125 0.037109375 0.037109375
0 0.37890625 0.55859375 0.037109375 0.037109375
0 0.453125 0.212890625 0.037109375 0.037109375
0 0.333984375 0.486328125 0.03515625 0.03515625
0 0.916015625 0.123046875 0.03125 0.03125
0 0.40625 0.1171875 0.03125 0.03125
0 0.076171875 0.498046875 0.03125 0.03125
0 0.00390625 0.68359375 0.03125 0.03125
0 0.55078125 0.470703125 0.029296875 0.029296875
0 0.42578125 0.56640625 0.02734375 0.02734375
0 0.11328125 0.267578125 0.02734375 0.02734375
0 0.4765625 0.873046875 0.025390625 0.025390625
