0 0.185546875 0.494140625 0.208984375 0.208984375
0 0.1875 0.171875 0.1796875 0.1796875
0 0.61328125 0.853515625 0.138671875 0.138671875
0 0.03125 0.765625 0.12109375 0.12109375
0 0.830078125 0.837890625 0.119140625 0.119140625
0 0.240234375 0.9296875 0.09375 0.09375
0 0.21875 0.669921875 0.091796875 0.091796875
0 0.91796875 0.107421875 0.083984375 0.083984375
0 0.51171875 0.275390625 0.08203125 0.08203125
0 0.763671875 0.49609375 0.072265625 0.072265625
0 0.048828125 0.841796875 0.0703125 0.0703125
0 0.9765625 0.185546875 0.0625 0.0625
0 0.958984375 0.455078125 0.05859375 0.05859375
0 0.203125 0.9921875 0.052734375 0.052734375
0 0.49609375 0.294921875 0.044921875 0.044921875
0 0.94140625 0.310546875 0.04296875 0.04296875
0 0.8515625 0.6328125 0.04296875 0.04296875
0 0.96875 0.623046875 0.041015625 0.041015625
0 0.20703125 0.8359375 0.0390625 0.0390625
0 0.50390625 0.896484375 0.037109375 0.037109375
0 0.86328125 0.599609375 0.037109375 0.037109375
0 0.4765625 0.298828125 0.03515625 0.03515625
0 0.30078125 0.90234375 0.03515625 0.03515625
0 0.650390625 0.2578125 0.033203125 0.033203125
0 0.8984375 0.52734375 0.03125 0.03125
0 0.607421875 0.236328125 0.029296875 0.029296875
0 0.318359375 0.21484375 0.02734375 0.02734375
0 0.625 0.03125 0.025390625 0.025390625
0 0.83984375 0.728515625 0.025390625 0.025390625
