0 0.462890625 0.826171875 1.0234375 1.0234375
0 0.73828125 0.2421875 0.32421875 0.32421875
0 0.580078125 0.01953125 0.19921875 0.19921875
0 0.462890625 0.994140625 0.166015625 0.166015625
0 0.390625 0.30078125 0.16015625 0.16015625
0 0.859375 0.4296875 0.16015625 0.16015625
0 0.388671875 0.1640625 0.1328125 0.1328125
0 0.255859375 0.966796875 0.125 0.125
0 0.494140625 0.59375 0.125 0.125
0 0.896484375 0.583984375 0.125 0.125
0 0.302734375 0.68359375 0.091796875 0.091796875
0 0.076171875 0.263671875 0.087890625 0.087890625
0 0.16796875 0.03125 0.060546875 0.060546875
0 0.462890625 0.66796875 0.0546875 0.0546875
0 0.25390625 0.771484375 0.052734375 0.052734375
0 0.779296875 0.185546875 0.044921875 0.044921875
0 0.328125 0.693359375 0.04296875 0.04296875
0 0.802734375 0.306640625 0.041015625 0.041015625
0 0.03125 0.4375 0.041015625 0.041015625
0 0.970703125 0.87109375 0.0390625 0.0390625
0 0.96484375 0.974609375 0.03515625 0.03515625
0 0.4765625 0.109375 0.033203125 0.033203125
0 0.462890625 0.783203125 0.033203125 0.033203125
0 0.9609375 0.826171875 0.033203125 0.033203125
0 0.6171875 0.748046875 0.033203125 0.033203125
0 0.224609375 0.857421875 0.03125 0.03125
0 0.330078125 0.732421875 0.03125 0.03125
0 0.669921875 0.076171875 0.03125 0.03125
0 0.080078125 0.388671875 0.029296875 0.029296875
0 0.23046875 0.65625 0.025390625 0.025390625
0 0.0390625 0.591796875 0.025390625 0.025390625
0 0.087890625 0.572265625 0.025390625 0.025390625
