0 0.533203125 0.439453125 0.076171875 0.076171875
0 0.154296875 0.517578125 0.06640625 0.06640625
0 0.8125 0.841796875 0.06640625 0.06640625
0 0.853515625 0.283203125 0.052734375 0.052734375
0 0.19140625 0.0859375 0.03515625 0.03515625
0 0.494140625 0.693359375 0.03515625 0.03515625
0 0.41796875 0.46484375 0.03515625 0.03515625
0 0.564453125 0.283203125 0.033203125 0.033203125
0 0.044921875 0.29296875 0.029296875 0.029296875
0 0.564453125 0.806640625 0.02734375 0.02734375
0 0.8671875 0.8828125 0.025390625 0.025390625
0 0.74609375 0.25 0.025390625 0.025390625
