0 0.7734375 0.23828125 0.044921875 0.044921875
0 0.955078125 0.044921875 0.044921875 0.044921875
0 0.552734375 0.029296875 0.041015625 0.041015625
0 0.1328125 0.630859375 0.041015625 0.041015625
0 0.31640625 0.0859375 0.03515625 0.03515625
0 0.80859375 0.220703125 0.033203125 0.033203125
0 0.744140625 0.5234375 0.033203125 0.033203125
0 0.62890625 0.474609375 0.03125 0.03125
0 0.421875 0.115234375 0.03125 0.03125
0 0.642578125 0.361328125 0.02734375 0.02734375
0 0.818359375 0.1953125 0.02734375 0.02734375
0 0.58203125 0.025390625 0.02734375 0.02734375
0 0.82421875 0.9296875 0.1484375 0.1484375
0 0.3984375 0.70703125 0.052734375 0.052734375
0 0.2734375 0.904296875 0.037109375 0.037109375
0 0.951171875 0.837890625 0.029296875 0.029296875
