0 0.767578125 0.474609375 0.177734375 0.177734375
0 0.689453125 0.037109375 0.12890625 0.12890625
0 0.447265625 0.935546875 0.09765625 0.09765625
0 0.923828125 0.94921875 0.095703125 0.095703125
0 0.5703125 0.068359375 0.048828125 0.048828125
0 0.763671875 0.64453125 0.0390625 0.0390625
0 0.96484375 0.71875 0.0390625 0.0390625
0 0.61328125 0.552734375 0.03515625 0.03515625
0 0.990234375 0.91015625 0.033203125 0.033203125
0 0.703125 0.279296875 0.03125 0.03125
0 0.990234375 0.1328125 0.02734375 0.02734375
0 0.970703125 0.85546875 0.02734375 0.02734375
0 0.57421875 0.56640625 0.025390625 0.025390625
