0 0.958984375 0.134765625 0.234375 0.234375
0 0.4453125 0.27734375 0.1484375 0.1484375
0 0.748046875 0.2734375 0.1328125 0.1328125
0 0.873046875 0.302734375 0.12109375 0.12109375
0 0.826171875 0.046875 0.099609375 0.099609375
0 0.140625 0.30078125 0.095703125 0.095703125
0 0.3515625 0.044921875 0.048828125 0.048828125
0 0.349609375 0.1484375 0.046875 0.046875
0 0.09765625 0.0625 0.044921875 0.044921875
0 0.3359375 0.251953125 0.03515625 0.03515625
0 0.005859375 0.25390625 0.033203125 0.033203125
0 0.26953125 0.17578125 0.033203125 0.033203125
0 0.634765625 0.681640625 0.17578125 0.17578125
0 0.400390625 0.97265625 0.154296875 0.154296875
0 0.9921875 0.91015625 0.134765625 0.134765625
0 0.044921875 0.49609375 0.08984375 0.08984375
0 0.447265625 0.46875 0.087890625 0.087890625
0 0.96875 0.515625 0.0859375 0.0859375
0 0.6015625 0.416015625 0.078125 0.078125
0 0.990234375 0.453125 0.076171875 0.076171875
0 0.751953125 0.94921875 0.07421875 0.07421875
0 0.099609375 0.50390625 0.0703125 0.0703125
0 0.208984375 0.66015625 0.06640625 0.06640625
0 0.501953125 0.5625 0.060546875 0.060546875
0 0.154296875 0.45703125 0.052734375 0.052734375
0 0.876953125 0.5390625 0.052734375 0.052734375
0 0.64453125 0.935546875 0.048828125 0.048828125
0 0.11328125 0.78125 0.046875 0.046875
0 0.458984375 0.701171875 0.044921875 0.044921875
0 0.205078125 0.693359375 0.04296875 0.04296875
0 0.609375 0.70703125 0.037109375 0.037109375
0 0.525390625 0.4921875 0.03515625 0.03515625
0 0.037109375 0.36328125 0.029296875 0.029296875
0 0.572265625 0.876953125 0.029296875 0.029296875
0 0.55078125 0.541015625 0.02734375 0.02734375
0 0.26953125 0.3359375 0.02734375 0.02734375
0 0.359375 0.65234375 0.02734375 0.02734375
