0 0.34375 0.58203125 0.162109375 0.162109375
0 0.392578125 0.033203125 0.158203125 0.158203125
0 0.498046875 0.576171875 0.14453125 0.14453125
0 0.751953125 0.12890625 0.130859375 0.130859375
0 0.689453125 0.576171875 0.119140625 0.119140625
0 0.958984375 0.03515625 0.107421875 0.107421875
0 0.44140625 0.146484375 0.0859375 0.0859375
0 0.63671875 0.865234375 0.08203125 0.08203125
0 0.951171875 0.623046875 0.08203125 0.08203125
0 0.892578125 0.798828125 0.08203125 0.08203125
0 0.494140625 0.09375 0.080078125 0.080078125
0 0.091796875 0.958984375 0.076171875 0.076171875
0 0.923828125 0.98046875 0.068359375 0.068359375
0 0.912109375 0.470703125 0.064453125 0.064453125
0 0.447265625 0.62890625 0.05859375 0.05859375
0 0.29296875 0.6796875 0.056640625 0.056640625
0 0.09375 0.345703125 0.056640625 0.056640625
0 0.99609375 0.80859375 0.056640625 0.056640625
0 0.26171875 0.8125 0.056640625 0.056640625
0 0.26171875 0.794921875 0.0546875 0.0546875
0 0.126953125 0.384765625 0.0546875 0.0546875
0 0.853515625 0.615234375 0.0546875 0.0546875
0 0.01953125 0.1484375 0.052734375 0.052734375
0 0.98046875 0.3203125 0.05078125 0.05078125
0 0.646484375 0.6484375 0.05078125 0.05078125
0 0.8125 0.57421875 0.05078125 0.05078125
0 0.8046875 0.005859375 0.05078125 0.05078125
0 0.99609375 0.291015625 0.048828125 0.048828125
0 0.5703125 0.796875 0.044921875 0.044921875
0 0.169921875 0.09375 0.044921875 0.044921875
0 0.900390625 0.21484375 0.044921875 0.044921875
0 0.703125 0.720703125 0.044921875 0.044921875
0 0.17578125 0.072265625 0.044921875 0.044921875
0 0.24609375 0.478515625 0.04296875 0.04296875
0 0.177734375 0.142578125 0.041015625 0.041015625
0 0.626953125 0.109375 0.041015625 0.041015625
0 0.9375 0.693359375 0.0390625 0.0390625
0 0.248046875 0.34765625 0.0390625 0.0390625
0 0.087890625 0.048828125 0.0390625 0.0390625
0 0.302734375 0.810546875 0.0390625 0.0390625
0 0.46875 0.361328125 0.037109375 0.037109375
0 0.173828125 0.02734375 0.037109375 0.037109375
0 0.642578125 0.783203125 0.03515625 0.03515625
0 0.0625 0.0 0.03515625 0.03515625
0 0.587890625 0.0625 0.033203125 0.033203125
0 0.103515625 0.6171875 0.033203125 0.033203125
0 0.775390625 0.728515625 0.033203125 0.033203125
0 0.5078125 0.349609375 0.033203125 0.033203125
0 0.197265625 0.7265625 0.033203125 0.033203125
0 0.705078125 0.7734375 0.03125 0.03125
0 0.640625 0.185546875 0.03125 0.03125
0 0.3125 0.70703125 0.029296875 0.029296875
0 0.501953125 0.51171875 0.029296875 0.029296875
0 0.0859375 0.2265625 0.029296875 0.029296875
0 0.6328125 0.38671875 0.02734375 0.02734375
0 0.8984375 0.42578125 0.02734375 0.02734375
0 0.330078125 0.060546875 0.02734375 0.02734375
0 0.86328125 0.1015625 0.02734375 0.02734375
0 0.1484375 0.02734375 0.02734375 0.02734375
0 0.3359375 0.87109375 0.025390625 0.025390625
0 0.935546875 0.841796875 0.025390625 0.025390625
0 0.548828125 0.482421875 0.025390625 0.025390625
0 0.54296875 0.875 0.025390625 0.025390625
