0 0.189453125 0.306640625 0.771484375 0.771484375
0 0.255859375 0.8125 0.1640625 0.1640625
0 0.45703125 0.7265625 0.138671875 0.138671875
0 0.013671875 0.50390625 0.099609375 0.099609375
0 0.810546875 0.40234375 0.095703125 0.095703125
0 0.24609375 0.140625 0.087890625 0.087890625
0 0.23046875 0.234375 0.083984375 0.083984375
0 0.365234375 0.671875 0.072265625 0.072265625
0 0.626953125 0.166015625 0.064453125 0.064453125
0 0.201171875 0.31640625 0.05859375 0.05859375
0 0.3984375 0.8125 0.05859375 0.05859375
0 0.587890625 0.419921875 0.056640625 0.056640625
0 0.35546875 0.84765625 0.052734375 0.052734375
0 0.5625 0.873046875 0.052734375 0.052734375
0 0.6171875 0.841796875 0.048828125 0.048828125
0 0.45703125 0.931640625 0.046875 0.046875
0 0.318359375 0.408203125 0.044921875 0.044921875
0 0.861328125 0.24609375 0.04296875 0.04296875
0 0.3515625 0.75 0.04296875 0.04296875
0 0.99609375 0.814453125 0.041015625 0.041015625
0 0.8359375 0.6015625 0.041015625 0.041015625
0 0.234375 0.01171875 0.0390625 0.0390625
0 0.560546875 0.15625 0.0390625 0.0390625
0 0.771484375 0.658203125 0.03515625 0.03515625
0 0.978515625 0.32421875 0.03515625 0.03515625
0 0.96484375 0.751953125 0.033203125 0.033203125
0 0.80078125 0.001953125 0.03125 0.03125
0 0.640625 0.341796875 0.029296875 0.029296875
0 0.666015625 0.662109375 0.029296875 0.029296875
0 0.400390625 0.58203125 0.02734375 0.02734375
0 0.201171875 0.884765625 0.02734375 0.02734375
0 0.8515625 0.66796875 0.02734375 0.02734375
0 0.984375 0.099609375 0.02734375 0.02734375
0 0.564453125 0.611328125 0.02734375 0.02734375
