0 0.984375 0.443359375 1.33984375 1.33984375
0 0.71875 0.693359375 0.193359375 0.193359375
0 0.1796875 0.68359375 0.169921875 0.169921875
0 0.55078125 0.0234375 0.126953125 0.126953125
0 0.1796875 0.107421875 0.07421875 0.07421875
0 0.296875 0.509765625 0.060546875 0.060546875
0 0.318359375 0.484375 0.05859375 0.05859375
0 0.662109375 0.876953125 0.0546875 0.0546875
0 0.212890625 0.9375 0.05078125 0.05078125
0 0.875 0.28515625 0.05078125 0.05078125
0 0.740234375 0.169921875 0.048828125 0.048828125
0 0.775390625 0.6015625 0.046875 0.046875
0 0.962890625 0.783203125 0.046875 0.046875
0 0.318359375 0.7265625 0.046875 0.046875
0 0.384765625 0.701171875 0.04296875 0.04296875
0 0.875 0.484375 0.04296875 0.04296875
0 0.2890625 0.84375 0.037109375 0.037109375
0 0.224609375 0.13671875 0.03515625 0.03515625
0 0.85546875 0.310546875 0.03515625 0.03515625
0 0.994140625 0.251953125 0.033203125 0.033203125
0 0.310546875 0.84375 0.033203125 0.033203125
0 0.537109375 0.521484375 0.03125 0.03125
0 0.904296875 0.646484375 0.03125 0.03125
0 0.97265625 0.75 0.029296875 0.029296875
0 0.505859375 0.458984375 0.029296875 0.029296875
0 0.048828125 0.07421875 0.025390625 0.025390625
