0 0.919921875 0.783203125 0.150390625 0.150390625
0 0.734375 0.9375 0.12109375 0.12109375
0 0.8125 0.73828125 0.10546875 0.10546875
0 0.3515625 0.94140625 0.1015625 0.1015625
0 0.560546875 0.806640625 0.095703125 0.095703125
0 0.798828125 0.31640625 0.08984375 0.08984375
0 0.625 0.703125 0.08203125 0.08203125
0 0.076171875 0.123046875 0.078125 0.078125
0 0.224609375 0.380859375 0.07421875 0.07421875
0 0.857421875 0.078125 0.072265625 0.072265625
0 0.318359375 0.703125 0.072265625 0.072265625
0 0.869140625 0.3984375 0.0703125 0.0703125
0 0.033203125 0.720703125 0.0703125 0.0703125
0 0.412109375 0.5 0.052734375 0.052734375
0 0.880859375 0.103515625 0.052734375 0.052734375
0 0.83203125 0.009765625 0.048828125 0.048828125
0 0.8828125 0.5 0.041015625 0.041015625
0 0.4140625 0.923828125 0.041015625 0.041015625
0 0.720703125 0.34765625 0.0390625 0.0390625
0 0.138671875 0.8984375 0.0390625 0.0390625
0 0.810546875 0.419921875 0.0390625 0.0390625
0 0.521484375 0.962890625 0.037109375 0.037109375
0 0.861328125 0.2109375 0.037109375 0.037109375
0 0.857421875 0.158203125 0.037109375 0.037109375
0 0.857421875 0.185546875 0.037109375 0.037109375
0 0.30078125 0.005859375 0.037109375 0.037109375
0 0.748046875 0.45703125 0.037109375 0.037109375
0 0.330078125 0.732421875 0.03515625 0.03515625
0 0.64453125 0.873046875 0.03515625 0.03515625
0 0.23046875 0.99609375 0.03515625 0.03515625
0 0.578125 0.587890625 0.03515625 0.03515625
0 0.88671875 0.568359375 0.033203125 0.033203125
0 0.87890625 0.140625 0.033203125 0.033203125
0 0.951171875 0.708984375 0.03125 0.03125
0 0.080078125 0.365234375 0.029296875 0.029296875
0 0.703125 0.1171875 0.029296875 0.029296875
0 0.748046875 0.408203125 0.02734375 0.02734375
0 0.8671875 0.021484375 0.02734375 0.02734375
0 0.4765625 0.9296875 0.02734375 0.02734375
0 0.8515625 0.330078125 0.025390625 0.025390625
