0 0.2421875 0.078125 0.169921875 0.169921875
0 0.9921875 0.126953125 0.169921875 0.169921875
0 0.7421875 0.720703125 0.09375 0.09375
0 0.06640625 0.34765625 0.083984375 0.083984375
0 0.06640625 0.53515625 0.080078125 0.080078125
0 0.845703125 0.28515625 0.07421875 0.07421875
0 0.98828125 0.748046875 0.07421875 0.07421875
0 0.5859375 0.458984375 0.068359375 0.068359375
0 0.84375 0.69140625 0.060546875 0.060546875
0 0.837890625 0.470703125 0.048828125 0.048828125
0 0.947265625 0.236328125 0.046875 0.046875
0 0.70703125 0.916015625 0.0390625 0.0390625
0 0.970703125 0.51171875 0.03515625 0.03515625
0 0.99609375 0.7890625 0.03515625 0.03515625
0 0.9140625 0.6875 0.033203125 0.033203125
0 0.73046875 0.8515625 0.03125 0.03125
0 0.923828125 0.287109375 0.029296875 0.029296875
0 0.080078125 0.720703125 0.02734375 0.02734375
0 0.052734375 0.61328125 0.02734375 0.02734375
0 0.435546875 0.7421875 0.025390625 0.025390625
