0 0.9140625 0.642578125 0.177734375 0.177734375
0 0.568359375 0.599609375 0.162109375 0.162109375
0 0.177734375 0.146484375 0.16015625 0.16015625
0 0.0390625 0.021484375 0.150390625 0.150390625
0 0.302734375 0.794921875 0.146484375 0.146484375
0 0.11328125 0.375 0.14453125 0.14453125
0 0.955078125 0.8203125 0.125 0.125
0 0.796875 0.611328125 0.125 0.125
0 0.40625 0.40234375 0.087890625 0.087890625
0 0.17578125 0.974609375 0.08203125 0.08203125
0 0.451171875 0.650390625 0.080078125 0.080078125
0 0.685546875 0.59765625 0.080078125 0.080078125
0 0.845703125 0.83984375 0.078125 0.078125
0 0.6640625 0.48046875 0.07421875 0.07421875
0 0.529296875 0.708984375 0.07421875 0.07421875
0 0.126953125 0.62890625 0.072265625 0.072265625
0 0.990234375 0.728515625 0.0703125 0.0703125
0 0.787109375 0.46875 0.06640625 0.06640625
0 0.033203125 0.79296875 0.06640625 0.06640625
0 0.20703125 0.42578125 0.064453125 0.064453125
0 0.974609375 0.107421875 0.05859375 0.05859375
0 0.267578125 0.42578125 0.056640625 0.056640625
0 0.52734375 0.978515625 0.056640625 0.056640625
0 0.447265625 0.5 0.056640625 0.056640625
0 0.439453125 0.26953125 0.0546875 0.0546875
0 0.1328125 0.548828125 0.052734375 0.052734375
0 0.130859375 0.66796875 0.05078125 0.05078125
0 0.580078125 0.0 0.05078125 0.05078125
0 0.484375 0.0234375 0.05078125 0.05078125
0 0.736328125 0.671875 0.046875 0.046875
0 0.0078125 0.197265625 0.041015625 0.041015625
0 0.681640625 0.6171875 0.041015625 0.041015625
0 0.37890625 0.2265625 0.037109375 0.037109375
0 0.470703125 0.626953125 0.037109375 0.037109375
0 0.7734375 0.8671875 0.037109375 0.037109375
0 0.689453125 0.677734375 0.03515625 0.03515625
0 0.8671875 0.392578125 0.03515625 0.03515625
0 0.431640625 0.224609375 0.03515625 0.03515625
0 0.2265625 0.69921875 0.03515625 0.03515625
0 0.0078125 0.591796875 0.03515625 0.03515625
0 0.5 0.267578125 0.033203125 0.033203125
0 0.09375 0.94140625 0.033203125 0.033203125
0 0.6640625 0.599609375 0.033203125 0.033203125
0 0.6953125 0.18359375 0.03125 0.03125
0 0.87890625 0.583984375 0.03125 0.03125
0 0.375 0.17578125 0.029296875 0.029296875
0 0.8203125 0.90625 0.029296875 0.029296875
0 0.607421875 0.744140625 0.029296875 0.029296875
0 0.697265625 0.544921875 0.02734375 0.02734375
0 0.02734375 0.95703125 0.025390625 0.025390625
