0 0.078125 0.87109375 0.427734375 0.427734375
0 0.001953125 0.861328125 0.26171875 0.26171875
0 0.591796875 0.787109375 0.189453125 0.189453125
0 0.427734375 0.79296875 0.150390625 0.150390625
0 0.638671875 0.986328125 0.13671875 0.13671875
0 0.1328125 0.087890625 0.1328125 0.1328125
0 0.794921875 0.8515625 0.125 0.125
0 0.458984375 0.501953125 0.107421875 0.107421875
0 0.580078125 0.04296875 0.10546875 0.10546875
0 0.642578125 0.5546875 0.091796875 0.091796875
0 0.439453125 0.06640625 0.076171875 0.076171875
0 0.775390625 0.736328125 0.07421875 0.07421875
0 0.537109375 0.298828125 0.072265625 0.072265625
0 0.046875 0.1875 0.068359375 0.068359375
0 0.46875 0.4140625 0.068359375 0.068359375
0 0.6484375 0.07421875 0.064453125 0.064453125
0 0.03515625 0.53515625 0.064453125 0.064453125
0 0.890625 0.5 0.060546875 0.060546875
0 0.95703125 0.609375 0.0546875 0.0546875
0 0.384765625 0.2578125 0.052734375 0.052734375
0 0.251953125 0.189453125 0.052734375 0.052734375
0 0.291015625 0.44921875 0.048828125 0.048828125
0 0.009765625 0.23046875 0.046875 0.046875
0 0.98046875 0.89453125 0.046875 0.046875
0 0.05078125 0.2265625 0.04296875 0.04296875
0 0.357421875 0.259765625 0.041015625 0.041015625
0 0.953125 0.765625 0.0390625 0.0390625
0 0.96875 0.0703125 0.0390625 0.0390625
0 0.787109375 0.443359375 0.037109375 0.037109375
0 0.353515625 0.97265625 0.037109375 0.037109375
0 0.966796875 0.525390625 0.037109375 0.037109375
0 0.359375 0.732421875 0.037109375 0.037109375
0 0.41015625 0.6484375 0.037109375 0.037109375
0 0.34765625 0.751953125 0.03515625 0.03515625
0 0.794921875 0.345703125 0.033203125 0.033203125
0 0.544921875 0.8828125 0.03125 0.03125
0 0.423828125 0.619140625 0.03125 0.03125
0 0.697265625 0.580078125 0.029296875 0.029296875
0 0.33984375 0.689453125 0.029296875 0.029296875
0 0.37109375 0.716796875 0.02734375 0.02734375
0 0.9921875 0.935546875 0.025390625 0.025390625
