0 0.69140625 0.19140625 0.1484375 0.1484375
0 0.259765625 0.90625 0.06640625 0.06640625
0 0.13671875 0.71484375 0.064453125 0.064453125
0 0.146484375 0.892578125 0.052734375 0.052734375
0 0.017578125 0.88671875 0.048828125 0.048828125
0 0.01171875 0.84375 0.0390625 0.0390625
0 0.12890625 0.279296875 0.0390625 0.0390625
0 0.29296875 0.16796875 0.0390625 0.0390625
0 0.818359375 0.052734375 0.03125 0.03125
0 0.947265625 0.37890625 0.029296875 0.029296875
0 0.138671875 0.2890625 0.02734375 0.02734375
0 0.6953125 0.8515625 0.02734375 0.02734375
0 0.59375 0.97265625 0.025390625 0.025390625
