0 0.556640625 0.056640625 0.1640625 0.1640625
0 0.2734375 0.015625 0.109375 0.109375
0 0.3046875 0.185546875 0.095703125 0.095703125
0 0.1484375 0.23828125 0.080078125 0.080078125
0 0.111328125 0.173828125 0.078125 0.078125
0 0.05078125 0.1875 0.068359375 0.068359375
0 0.099609375 0.056640625 0.060546875 0.060546875
0 0.65234375 0.228515625 0.060546875 0.060546875
0 0.572265625 0.232421875 0.052734375 0.052734375
0 0.697265625 0.107421875 0.03515625 0.03515625
0 0.830078125 0.15625 0.033203125 0.033203125
0 0.142578125 0.23828125 0.03125 0.03125
0 0.412109375 0.08984375 0.029296875 0.029296875
0 0.88671875 0.2890625 0.029296875 0.029296875
0 0.978515625 0.19921875 0.02734375 0.02734375
0 0.556640625 0.15234375 0.02734375 0.02734375
0 0.87890625 0.642578125 0.1171875 0.1171875
0 0.3046875 0.931640625 0.103515625 0.103515625
0 0.91796875 0.521484375 0.1015625 0.1015625
0 0.701171875 0.537109375 0.08203125 0.08203125
0 0.283203125 0.81640625 0.078125 0.078125
0 0.00390625 0.990234375 0.07421875 0.07421875
0 0.111328125 0.408203125 0.0703125 0.0703125
0 0.025390625 0.80859375 0.0625 0.0625
0 0.7265625 0.35546875 0.056640625 0.056640625
0 0.28515625 0.595703125 0.056640625 0.056640625
0 0.14453125 0.701171875 0.0546875 0.0546875
0 0.208984375 0.38671875 0.05078125 0.05078125
0 0.1015625 0.658203125 0.05078125 0.05078125
0 0.708984375 0.740234375 0.048828125 0.048828125
0 0.0078125 0.89453125 0.0390625 0.0390625
0 0.248046875 0.7421875 0.033203125 0.033203125
0 0.060546875 0.408203125 0.03125 0.03125
0 0.05078125 0.62890625 0.03125 0.03125
0 0.400390625 0.4140625 0.03125 0.03125
0 0.66015625 0.576171875 0.03125 0.03125
0 0.830078125 0.482421875 0.029296875 0.029296875
0 0.447265625 0.72265625 0.02734375 0.02734375
0 0.630859375 0.908203125 0.02734375 0.02734375
