0 0.498046875 0.642578125 0.1328125 0.1328125
0 0.234375 0.193359375 0.11328125 0.11328125
0 0.1875 0.90234375 0.109375 0.109375
0 0.75390625 0.783203125 0.109375 0.109375
0 0.28515625 0.603515625 0.103515625 0.103515625
0 0.931640625 0.357421875 0.091796875 0.091796875
0 0.46484375 0.208984375 0.0859375 0.0859375
0 0.33203125 0.830078125 0.07421875 0.07421875
0 0.134765625 0.419921875 0.072265625 0.072265625
0 0.515625 0.68359375 0.0546875 0.0546875
0 0.98046875 0.7421875 0.0546875 0.0546875
0 0.572265625 0.01171875 0.052734375 0.052734375
0 0.125 0.283203125 0.052734375 0.052734375
0 0.40234375 0.9375 0.052734375 0.052734375
0 0.84375 0.671875 0.05078125 0.05078125
0 0.2421875 0.1328125 0.048828125 0.048828125
0 0.814453125 0.521484375 0.046875 0.046875
0 0.845703125 0.404296875 0.0390625 0.0390625
0 0.798828125 0.212890625 0.0390625 0.0390625
0 0.294921875 0.123046875 0.037109375 0.037109375
0 0.583984375 0.759765625 0.037109375 0.037109375
0 0.81640625 0.361328125 0.037109375 0.037109375
0 0.640625 0.09765625 0.03515625 0.03515625
0 0.673828125 0.1875 0.03515625 0.03515625
0 0.705078125 0.349609375 0.033203125 0.033203125
0 0.94921875 0.78125 0.033203125 0.033203125
0 0.482421875 0.921875 0.03125 0.03125
0 0.025390625 0.0 0.03125 0.03125
0 0.609375 0.400390625 0.029296875 0.029296875
0 0.0234375 0.240234375 0.029296875 0.029296875
0 0.791015625 0.181640625 0.029296875 0.029296875
0 0.283203125 0.47265625 0.02734375 0.02734375
0 0.087890625 0.294921875 0.025390625 0.025390625
0 0.001953125 0.197265625 0.025390625 0.025390625
0 0.568359375 0.26953125 0.025390625 0.025390625
