0 0.9921875 0.744140625 0.21875 0.21875
0 0.240234375 0.46484375 0.173828125 0.173828125
0 0.330078125 0.1328125 0.1328125 0.1328125
0 0.865234375 0.125 0.130859375 0.130859375
0 0.412109375 0.77734375 0.09375 0.09375
0 0.1796875 0.609375 0.091796875 0.091796875
0 0.66796875 0.154296875 0.08984375 0.08984375
0 0.51953125 0.34765625 0.0859375 0.0859375
0 0.3515625 0.74609375 0.083984375 0.083984375
0 0.9609375 0.537109375 0.0703125 0.0703125
0 0.21484375 0.052734375 0.060546875 0.060546875
0 0.650390625 0.787109375 0.05859375 0.05859375
0 0.853515625 0.046875 0.05859375 0.05859375
0 0.12890625 0.7265625 0.05078125 0.05078125
0 0.90625 0.04296875 0.048828125 0.048828125
0 0.318359375 0.60546875 0.04296875 0.04296875
0 0.427734375 0.49609375 0.04296875 0.04296875
0 0.755859375 0.494140625 0.041015625 0.041015625
0 0.2109375 0.73828125 0.041015625 0.041015625
0 0.271484375 0.556640625 0.041015625 0.041015625
0 0.537109375 0.30859375 0.037109375 0.037109375
0 0.048828125 0.501953125 0.037109375 0.037109375
0 0.515625 0.90234375 0.03125 0.03125
0 0.95703125 0.21484375 0.02734375 0.02734375
0 0.234375 0.69921875 0.02734375 0.02734375
0 0.693359375 0.857421875 0.025390625 0.025390625
0 0.916015625 0.9296875 0.025390625 0.025390625
