0 0.716796875 0.734375 0.263671875 0.263671875
0 0.275390625 0.423828125 0.25 0.25
0 0.58984375 0.0 0.1484375 0.1484375
0 0.052734375 0.3671875 0.13671875 0.13671875
0 0.259765625 0.0 0.08203125 0.08203125
0 0.15625 0.671875 0.068359375 0.068359375
0 0.7578125 0.126953125 0.0625 0.0625
0 0.306640625 0.080078125 0.05859375 0.05859375
0 0.302734375 0.015625 0.05859375 0.05859375
0 0.41015625 0.6328125 0.056640625 0.056640625
0 0.564453125 0.66015625 0.056640625 0.056640625
0 0.16015625 0.388671875 0.044921875 0.044921875
0 0.716796875 0.42578125 0.044921875 0.044921875
0 0.337890625 0.994140625 0.044921875 0.044921875
0 0.7109375 0.6796875 0.044921875 0.044921875
0 0.080078125 0.109375 0.04296875 0.04296875
0 0.5859375 0.005859375 0.0390625 0.0390625
0 0.6640625 0.669921875 0.0390625 0.0390625
0 0.521484375 0.005859375 0.033203125 0.033203125
0 0.6796875 0.35546875 0.03125 0.03125
0 0.7109375 0.3671875 0.03125 0.03125
0 0.541015625 0.919921875 0.02734375 0.02734375
0 0.765625 0.873046875 0.025390625 0.025390625
0 0.853515625 0.84375 0.025390625 0.025390625
