0 0.09765625 0.908203125 0.16015625 0.16015625
0 0.388671875 0.154296875 0.083984375 0.083984375
0 0.34375 0.7421875 0.080078125 0.080078125
0 0.609375 0.80859375 0.076171875 0.076171875
0 0.388671875 0.119140625 0.0546875 0.0546875
0 0.6796875 0.408203125 0.052734375 0.052734375
0 0.8828125 0.8125 0.048828125 0.048828125
0 0.59765625 0.23046875 0.048828125 0.048828125
0 0.189453125 0.484375 0.046875 0.046875
0 0.666015625 0.138671875 0.044921875 0.044921875
0 0.396484375 0.9921875 0.04296875 0.04296875
0 0.951171875 0.072265625 0.03515625 0.03515625
0 0.7890625 0.068359375 0.03125 0.03125
0 0.369140625 0.75 0.02734375 0.02734375
0 0.669921875 0.08203125 0.02734375 0.02734375
0 0.623046875 0.259765625 0.025390625 0.025390625
0 0.748046875 0.7578125 0.025390625 0.025390625
