0 0.5859375 0.302734375 0.3515625 0.3515625
0 0.71484375 0.638671875 0.279296875 0.279296875
0 0.322265625 0.369140625 0.111328125 0.111328125
0 0.287109375 0.83203125 0.09375 0.09375
0 0.63671875 0.943359375 0.072265625 0.072265625
0 0.11328125 0.85546875 0.06640625 0.06640625
0 0.08203125 0.673828125 0.05859375 0.05859375
0 0.091796875 0.34375 0.0546875 0.0546875
0 0.24609375 0.958984375 0.052734375 0.052734375
0 0.5 0.796875 0.0390625 0.0390625
0 0.34765625 0.47265625 0.037109375 0.037109375
0 0.98046875 0.9609375 0.033203125 0.033203125
0 0.951171875 0.123046875 0.033203125 0.033203125
0 0.396484375 0.9140625 0.033203125 0.033203125
0 0.80859375 0.44921875 0.03125 0.03125
0 0.357421875 0.875 0.03125 0.03125
0 0.98046875 0.48046875 0.03125 0.03125
0 0.978515625 0.0 0.03125 0.03125
0 0.373046875 0.03515625 0.029296875 0.029296875
0 0.10546875 0.55859375 0.02734375 0.02734375
0 0.70703125 0.361328125 0.025390625 0.025390625
0 0.2421875 0.9765625 0.025390625 0.025390625
0 0.095703125 0.9765625 0.025390625 0.025390625
0 0.25 0.9609375 0.025390625 0.025390625
0 0.86328125 0.5859375 0.025390625 0.025390625
