0 0.875 0.462890625 0.205078125 0.205078125
0 0.912109375 0.2265625 0.197265625 0.197265625
0 0.94140625 0.1796875 0.1953125 0.1953125
0 0.970703125 0.568359375 0.130859375 0.130859375
0 0.91015625 0.79296875 0.078125 0.078125
0 0.951171875 0.888671875 0.076171875 0.076171875
0 0.857421875 0.5546875 0.072265625 0.072265625
0 0.6953125 0.837890625 0.064453125 0.064453125
0 0.873046875 0.728515625 0.05859375 0.05859375
0 0.0390625 0.806640625 0.05078125 0.05078125
0 0.9765625 0.818359375 0.0390625 0.0390625
0 0.837890625 0.953125 0.0390625 0.0390625
0 0.673828125 0.14453125 0.037109375 0.037109375
0 0.115234375 0.880859375 0.033203125 0.033203125
0 0.359375 0.2578125 0.03125 0.03125
0 0.376953125 0.80859375 0.029296875 0.029296875
0 0.46875 0.12890625 0.02734375 0.02734375
