0 0.9296875 0.33203125 0.328125 0.328125
0 0.498046875 0.203125 0.16796875 0.16796875
0 0.677734375 0.36328125 0.16015625 0.16015625
0 0.74609375 0.494140625 0.14453125 0.14453125
0 0.29296875 0.001953125 0.078125 0.078125
0 0.115234375 0.1171875 0.068359375 0.068359375
0 0.88671875 0.0078125 0.068359375 0.068359375
0 0.6015625 0.326171875 0.06640625 0.06640625
0 0.75390625 0.28125 0.052734375 0.052734375
0 0.9921875 0.587890625 0.03515625 0.03515625
0 0.666015625 0.328125 0.033203125 0.033203125
0 0.36328125 0.111328125 0.033203125 0.033203125
0 0.978515625 0.421875 0.029296875 0.029296875
0 0.25390625 0.017578125 0.02734375 0.02734375
0 0.546875 0.689453125 0.181640625 0.181640625
0 0.193359375 0.91015625 0.16015625 0.16015625
0 0.314453125 0.681640625 0.080078125 0.080078125
0 0.056640625 0.814453125 0.07421875 0.07421875
0 0.443359375 0.728515625 0.0703125 0.0703125
0 0.03515625 0.8046875 0.05859375 0.05859375
0 0.05078125 0.7578125 0.052734375 0.052734375
0 0.17578125 0.986328125 0.05078125 0.05078125
0 0.6484375 0.798828125 0.048828125 0.048828125
0 0.8828125 0.693359375 0.041015625 0.041015625
0 0.626953125 0.771484375 0.03125 0.03125
0 0.8515625 0.8984375 0.03125 0.03125
0 0.810546875 0.859375 0.029296875 0.029296875
