0 0.8984375 0.65625 0.2578125 0.2578125
0 0.69140625 0.13671875 0.15625 0.15625
0 0.91796875 0.26953125 0.125 0.125
0 0.248046875 0.60546875 0.11328125 0.11328125
0 0.634765625 0.669921875 0.109375 0.109375
0 0.244140625 0.111328125 0.064453125 0.064453125
0 0.38671875 0.1796875 0.060546875 0.060546875
0 0.3203125 0.486328125 0.0546875 0.0546875
0 0.9765625 0.2109375 0.044921875 0.044921875
0 0.451171875 0.658203125 0.04296875 0.04296875
0 0.57421875 0.052734375 0.03515625 0.03515625
0 0.146484375 0.509765625 0.029296875 0.029296875
