0 0.693359375 0.759765625 0.203125 0.203125
0 0.96484375 0.826171875 0.1796875 0.1796875
0 0.158203125 0.892578125 0.109375 0.109375
0 0.11328125 0.134765625 0.1015625 0.1015625
0 0.4609375 0.1953125 0.080078125 0.080078125
0 0.0703125 0.212890625 0.080078125 0.080078125
0 0.306640625 0.8203125 0.076171875 0.076171875
0 0.62109375 0.697265625 0.07421875 0.07421875
0 0.919921875 0.916015625 0.068359375 0.068359375
0 0.25390625 0.283203125 0.068359375 0.068359375
0 0.666015625 0.15234375 0.064453125 0.064453125
0 0.65234375 0.49609375 0.0625 0.0625
0 0.1875 0.541015625 0.05859375 0.05859375
0 0.314453125 0.125 0.056640625 0.056640625
0 0.845703125 0.765625 0.05078125 0.05078125
0 0.576171875 0.978515625 0.05078125 0.05078125
0 0.544921875 0.462890625 0.05078125 0.05078125
0 0.6015625 0.623046875 0.05078125 0.05078125
0 0.365234375 0.169921875 0.044921875 0.044921875
0 0.701171875 0.0390625 0.04296875 0.04296875
0 0.962890625 0.708984375 0.04296875 0.04296875
0 0.080078125 0.52734375 0.0390625 0.0390625
0 0.029296875 0.357421875 0.0390625 0.0390625
0 0.24609375 0.90625 0.037109375 0.037109375
0 0.408203125 0.794921875 0.03515625 0.03515625
0 0.248046875 0.5859375 0.033203125 0.033203125
0 0.064453125 0.828125 0.033203125 0.033203125
0 0.61328125 0.541015625 0.03125 0.03125
0 0.158203125 0.51171875 0.029296875 0.029296875
0 0.958984375 0.333984375 0.02734375 0.02734375
0 0.357421875 0.759765625 0.02734375 0.02734375
0 0.62890625 0.869140625 0.02734375 0.02734375
0 0.3359375 0.013671875 0.025390625 0.025390625
0 0.103515625 0.5703125 0.025390625 0.025390625
0 0.078125 0.4296875 0.025390625 0.025390625
