0 0.90234375 0.94921875 0.14453125 0.14453125
0 0.318359375 0.876953125 0.11328125 0.11328125
0 0.53515625 0.5390625 0.11328125 0.11328125
0 0.44140625 0.47265625 0.11328125 0.11328125
0 0.958984375 0.330078125 0.091796875 0.091796875
0 0.494140625 0.009765625 0.08984375 0.08984375
0 0.6015625 0.091796875 0.087890625 0.087890625
0 0.83203125 0.53515625 0.083984375 0.083984375
0 0.18359375 0.76171875 0.08203125 0.08203125
0 0.66796875 0.259765625 0.080078125 0.080078125
0 0.908203125 0.20703125 0.076171875 0.076171875
0 0.83984375 0.62109375 0.068359375 0.068359375
0 0.1875 0.162109375 0.068359375 0.068359375
0 0.201171875 0.53515625 0.064453125 0.064453125
0 0.626953125 0.859375 0.060546875 0.060546875
0 0.33203125 0.689453125 0.060546875 0.060546875
0 0.25390625 0.685546875 0.056640625 0.056640625
0 0.56640625 0.13671875 0.056640625 0.056640625
0 0.982421875 0.82421875 0.056640625 0.056640625
0 0.3515625 0.53125 0.0546875 0.0546875
0 0.419921875 0.1953125 0.05078125 0.05078125
0 0.80859375 0.4140625 0.05078125 0.05078125
0 0.87890625 0.439453125 0.05078125 0.05078125
0 0.779296875 0.619140625 0.05078125 0.05078125
0 0.748046875 0.892578125 0.048828125 0.048828125
0 0.349609375 0.318359375 0.048828125 0.048828125
0 0.064453125 0.29296875 0.044921875 0.044921875
0 0.40234375 0.3203125 0.044921875 0.044921875
0 0.501953125 0.673828125 0.04296875 0.04296875
0 0.142578125 0.4296875 0.041015625 0.041015625
0 0.4609375 0.83203125 0.041015625 0.041015625
0 0.80078125 0.173828125 0.041015625 0.041015625
0 0.173828125 0.25 0.041015625 0.041015625
0 0.748046875 0.255859375 0.0390625 0.0390625
0 0.470703125 0.990234375 0.0390625 0.0390625
0 0.9921875 0.650390625 0.0390625 0.0390625
0 0.966796875 0.193359375 0.037109375 0.037109375
0 0.72265625 0.810546875 0.037109375 0.037109375
0 0.029296875 0.357421875 0.037109375 0.037109375
0 0.484375 0.765625 0.03515625 0.03515625
0 0.943359375 0.24609375 0.03515625 0.03515625
0 0.232421875 0.65234375 0.03515625 0.03515625
0 0.177734375 0.2734375 0.03515625 0.03515625
0 0.712890625 0.6484375 0.03515625 0.03515625
0 0.37109375 0.1953125 0.033203125 0.033203125
0 0.580078125 0.837890625 0.033203125 0.033203125
0 0.4140625 0.734375 0.033203125 0.033203125
0 0.453125 0.880859375 0.033203125 0.033203125
0 0.3125 0.388671875 0.03125 0.03125
0 0.640625 0.28515625 0.03125 0.03125
0 0.36328125 0.697265625 0.029296875 0.029296875
0 0.53515625 0.37890625 0.02734375 0.02734375
0 0.125 0.515625 0.02734375 0.02734375
0 0.6953125 0.755859375 0.02734375 0.02734375
0 0.32421875 0.771484375 0.02734375 0.02734375
0 0.94921875 0.392578125 0.02734375 0.02734375
0 0.013671875 0.310546875 0.025390625 0.025390625
0 0.7578125 0.5546875 0.025390625 0.025390625
0 0.708984375 0.1171875 0.025390625 0.025390625
