0 0.029296875 0.322265625 0.25390625 0.25390625
0 0.283203125 0.21875 0.16015625 0.16015625
0 0.521484375 0.056640625 0.099609375 0.099609375
0 0.20703125 0.154296875 0.044921875 0.044921875
0 0.646484375 0.08984375 0.041015625 0.041015625
0 0.453125 0.068359375 0.029296875 0.029296875
0 0.494140625 0.779296875 0.173828125 0.173828125
0 0.43359375 0.54296875 0.158203125 0.158203125
0 0.142578125 0.65234375 0.142578125 0.142578125
0 0.94921875 0.6171875 0.095703125 0.095703125
0 0.154296875 0.828125 0.08203125 0.08203125
0 0.244140625 0.8984375 0.072265625 0.072265625
0 0.99609375 0.53125 0.0703125 0.0703125
0 0.736328125 0.4453125 0.06640625 0.06640625
0 0.05859375 0.744140625 0.060546875 0.060546875
0 0.375 0.35546875 0.052734375 0.052734375
0 0.16015625 0.552734375 0.05078125 0.05078125
0 0.978515625 0.3515625 0.048828125 0.048828125
0 0.015625 0.8046875 0.037109375 0.037109375
0 0.984375 0.74609375 0.029296875 0.029296875
0 0.005859375 0.482421875 0.02734375 0.02734375
