0 0.4921875 0.88671875 0.17578125 0.17578125
0 0.486328125 0.361328125 0.142578125 0.142578125
0 0.9296875 0.451171875 0.123046875 0.123046875
0 0.0859375 0.53125 0.072265625 0.072265625
0 0.84375 0.6484375 0.068359375 0.068359375
0 0.71484375 0.373046875 0.060546875 0.060546875
0 0.982421875 0.0859375 0.056640625 0.056640625
0 0.10546875 0.056640625 0.056640625 0.056640625
0 0.404296875 0.015625 0.05078125 0.05078125
0 0.236328125 0.4296875 0.044921875 0.044921875
0 0.927734375 0.103515625 0.04296875 0.04296875
0 0.904296875 0.349609375 0.041015625 0.041015625
0 0.11328125 0.70703125 0.041015625 0.041015625
0 0.685546875 0.146484375 0.037109375 0.037109375
0 0.64453125 0.255859375 0.033203125 0.033203125
0 0.169921875 0.4765625 0.029296875 0.029296875
0 0.52734375 0.447265625 0.02734375 0.02734375
0 0.3359375 0.5625 0.02734375 0.02734375
0 0.380859375 0.666015625 0.025390625 0.025390625
