0 0.8125 0.623046875 0.193359375 0.193359375
0 0.134765625 0.88671875 0.15625 0.15625
0 0.169921875 0.177734375 0.146484375 0.146484375
0 0.00390625 0.25 0.125 0.125
0 0.580078125 0.158203125 0.111328125 0.111328125
0 0.953125 0.181640625 0.109375 0.109375
0 0.2421875 0.544921875 0.10546875 0.10546875
0 0.5 0.265625 0.103515625 0.103515625
0 0.80078125 0.3046875 0.099609375 0.099609375
0 0.90234375 0.291015625 0.09375 0.09375
0 0.39453125 0.1171875 0.087890625 0.087890625
0 0.291015625 0.86328125 0.078125 0.078125
0 0.34375 0.451171875 0.07421875 0.07421875
0 0.7265625 0.267578125 0.060546875 0.060546875
0 0.87890625 0.248046875 0.05859375 0.05859375
0 0.671875 0.224609375 0.05859375 0.05859375
0 0.6953125 0.96875 0.056640625 0.056640625
0 0.484375 0.03125 0.056640625 0.056640625
0 0.1875 0.51171875 0.0546875 0.0546875
0 0.59375 0.578125 0.0546875 0.0546875
0 0.951171875 0.435546875 0.05078125 0.05078125
0 0.41796875 0.978515625 0.048828125 0.048828125
0 0.78515625 0.1328125 0.046875 0.046875
0 0.107421875 0.44921875 0.046875 0.046875
0 0.3671875 0.056640625 0.044921875 0.044921875
0 0.92578125 0.1171875 0.04296875 0.04296875
0 0.1640625 0.58984375 0.041015625 0.041015625
0 0.583984375 0.232421875 0.041015625 0.041015625
0 0.04296875 0.736328125 0.041015625 0.041015625
0 0.056640625 0.42578125 0.041015625 0.041015625
0 0.306640625 0.267578125 0.0390625 0.0390625
0 0.873046875 0.087890625 0.037109375 0.037109375
0 0.59375 0.771484375 0.037109375 0.037109375
0 0.01171875 0.611328125 0.037109375 0.037109375
0 0.93359375 0.64453125 0.037109375 0.037109375
0 0.33203125 0.107421875 0.03515625 0.03515625
0 0.939453125 0.732421875 0.03515625 0.03515625
0 0.814453125 0.853515625 0.033203125 0.033203125
0 0.537109375 0.501953125 0.03125 0.03125
0 0.220703125 0.037109375 0.03125 0.03125
0 0.23046875 0.255859375 0.029296875 0.029296875
0 0.865234375 0.408203125 0.029296875 0.029296875
0 0.833984375 0.421875 0.029296875 0.029296875
0 0.341796875 0.2421875 0.029296875 0.029296875
0 0.794921875 0.783203125 0.029296875 0.029296875
0 0.552734375 0.287109375 0.02734375 0.02734375
0 0.279296875 0.205078125 0.02734375 0.02734375
0 0.740234375 0.775390625 0.025390625 0.025390625
0 0.072265625 0.271484375 0.025390625 0.025390625
