0 0.255859375 0.7421875 0.0859375 0.0859375
0 0.115234375 0.837890625 0.06640625 0.06640625
0 0.0625 0.18359375 0.05078125 0.05078125
0 0.19140625 0.166015625 0.04296875 0.04296875
0 0.314453125 0.76171875 0.037109375 0.037109375
0 0.0625 0.982421875 0.025390625 0.025390625
0 0.955078125 0.5859375 0.119140625 0.119140625
0 0.65234375 0.2890625 0.11328125 0.11328125
0 0.48828125 0.056640625 0.095703125 0.095703125
0 0.375 0.548828125 0.08984375 0.08984375
0 0.98828125 0.478515625 0.07421875 0.07421875
0 0.859375 0.521484375 0.06640625 0.06640625
0 0.9609375 0.294921875 0.0546875 0.0546875
0 0.755859375 0.794921875 0.048828125 0.048828125
0 0.990234375 0.1796875 0.046875 0.046875
0 0.892578125 0.2265625 0.0390625 0.0390625
0 0.841796875 0.138671875 0.0390625 0.0390625
0 0.9921875 0.283203125 0.037109375 0.037109375
0 0.876953125 0.251953125 0.037109375 0.037109375
0 0.828125 0.384765625 0.03515625 0.03515625
0 0.83984375 0.072265625 0.033203125 0.033203125
0 0.61328125 0.59375 0.033203125 0.033203125
0 0.578125 0.34765625 0.029296875 0.029296875
0 0.62109375 0.17578125 0.029296875 0.029296875
0 0.849609375 0.318359375 0.029296875 0.029296875
0 0.875 0.796875 0.025390625 0.025390625
