0 0.94140625 0.77734375 0.28125 0.28125
0 0.81640625 0.11328125 0.21875 0.21875
0 0.25390625 0.24609375 0.146484375 0.146484375
0 0.322265625 0.99609375 0.142578125 0.142578125
0 0.859375 0.513671875 0.1171875 0.1171875
0 0.158203125 0.94921875 0.09765625 0.09765625
0 0.412109375 0.009765625 0.09765625 0.09765625
0 0.541015625 0.400390625 0.095703125 0.095703125
0 0.318359375 0.619140625 0.08984375 0.08984375
0 0.369140625 0.45703125 0.08203125 0.08203125
0 0.55078125 0.662109375 0.078125 0.078125
0 0.28125 0.751953125 0.076171875 0.076171875
0 0.578125 0.97265625 0.07421875 0.07421875
0 0.755859375 0.583984375 0.0703125 0.0703125
0 0.33984375 0.779296875 0.06640625 0.06640625
0 0.591796875 0.076171875 0.06640625 0.06640625
0 0.517578125 0.65234375 0.064453125 0.064453125
0 0.439453125 0.6328125 0.060546875 0.060546875
0 0.294921875 0.90625 0.060546875 0.060546875
0 0.17578125 0.341796875 0.056640625 0.056640625
0 0.0703125 0.4453125 0.0546875 0.0546875
0 0.35546875 0.9375 0.0546875 0.0546875
0 0.337890625 0.869140625 0.0546875 0.0546875
0 0.31640625 0.34765625 0.05078125 0.05078125
0 0.12890625 0.78125 0.05078125 0.05078125
0 0.45703125 0.625 0.048828125 0.048828125
0 0.578125 0.3203125 0.048828125 0.048828125
0 0.03515625 0.7734375 0.046875 0.046875
0 0.544921875 0.841796875 0.046875 0.046875
0 0.0078125 0.443359375 0.044921875 0.044921875
0 0.67578125 0.49609375 0.044921875 0.044921875
0 0.3359375 0.00390625 0.044921875 0.044921875
0 0.865234375 0.55078125 0.04296875 0.04296875
0 0.5703125 0.8359375 0.04296875 0.04296875
0 0.158203125 0.40625 0.04296875 0.04296875
0 0.880859375 0.203125 0.04296875 0.04296875
0 0.40234375 0.5234375 0.04296875 0.04296875
0 0.375 0.109375 0.04296875 0.04296875
0 0.369140625 0.888671875 0.041015625 0.041015625
0 0.109375 0.1015625 0.037109375 0.037109375
0 0.63671875 0.82421875 0.033203125 0.033203125
0 0.021484375 0.37890625 0.033203125 0.033203125
0 0.900390625 0.44921875 0.033203125 0.033203125
0 0.244140625 0.634765625 0.03125 0.03125
0 0.1171875 0.9296875 0.029296875 0.029296875
0 0.029296875 0.919921875 0.029296875 0.029296875
0 0.619140625 0.240234375 0.02734375 0.02734375
0 0.654296875 0.384765625 0.02734375 0.02734375
0 0.2890625 0.3828125 0.02734375 0.02734375
0 0.076171875 0.125 0.02734375 0.02734375
0 0.43359375 0.845703125 0.02734375 0.02734375
0 0.076171875 0.10546875 0.025390625 0.025390625
0 0.09765625 0.1484375 0.025390625 0.025390625
0 0.755859375 0.9609375 0.025390625 0.025390625
