0 0.626953125 0.533203125 0.341796875 0.341796875
0 0.177734375 0.869140625 0.298828125 0.298828125
0 0.5859375 0.693359375 0.166015625 0.166015625
0 0.86328125 0.634765625 0.146484375 0.146484375
0 0.6953125 0.11328125 0.107421875 0.107421875
0 0.791015625 0.173828125 0.09765625 0.09765625
0 0.48828125 0.0859375 0.08984375 0.08984375
0 0.517578125 0.177734375 0.0859375 0.0859375
0 0.353515625 0.029296875 0.078125 0.078125
0 0.9609375 0.068359375 0.072265625 0.072265625
0 0.189453125 0.470703125 0.0703125 0.0703125
0 0.515625 0.134765625 0.068359375 0.068359375
0 0.890625 0.0 0.064453125 0.064453125
0 0.001953125 0.302734375 0.0625 0.0625
0 0.26171875 0.185546875 0.060546875 0.060546875
0 0.7421875 0.302734375 0.041015625 0.041015625
0 0.794921875 0.521484375 0.041015625 0.041015625
0 0.919921875 0.048828125 0.0390625 0.0390625
0 0.7578125 0.419921875 0.037109375 0.037109375
0 0.658203125 0.93359375 0.033203125 0.033203125
0 0.287109375 0.474609375 0.033203125 0.033203125
0 0.662109375 0.3046875 0.033203125 0.033203125
0 0.318359375 0.330078125 0.033203125 0.033203125
0 0.115234375 0.29296875 0.029296875 0.029296875
0 0.916015625 0.626953125 0.029296875 0.029296875
0 0.34765625 0.94921875 0.02734375 0.02734375
0 0.349609375 0.83203125 0.02734375 0.02734375
0 0.228515625 0.45703125 0.025390625 0.025390625
0 0.564453125 0.982421875 0.025390625 0.025390625
