0 0.19140625 0.349609375 0.115234375 0.115234375
0 0.255859375 0.076171875 0.1015625 0.1015625
0 0.240234375 0.65234375 0.095703125 0.095703125
0 0.1328125 0.06640625 0.09375 0.09375
0 0.689453125 0.611328125 0.078125 0.078125
0 0.318359375 0.115234375 0.072265625 0.072265625
0 0.013671875 0.068359375 0.0703125 0.0703125
0 0.30859375 0.025390625 0.068359375 0.068359375
0 0.744140625 0.0703125 0.064453125 0.064453125
0 0.296875 0.62890625 0.060546875 0.060546875
0 0.630859375 0.83203125 0.05078125 0.05078125
0 0.775390625 0.123046875 0.04296875 0.04296875
0 0.142578125 0.1953125 0.0390625 0.0390625
0 0.3984375 0.373046875 0.033203125 0.033203125
0 0.08984375 0.109375 0.033203125 0.033203125
0 0.791015625 0.1328125 0.03125 0.03125
0 0.2109375 0.095703125 0.03125 0.03125
0 0.654296875 0.064453125 0.03125 0.03125
0 0.982421875 0.21875 0.029296875 0.029296875
0 0.24609375 0.8515625 0.029296875 0.029296875
0 0.705078125 0.412109375 0.02734375 0.02734375
0 0.015625 0.3203125 0.02734375 0.02734375
0 0.20703125 0.2109375 0.02734375 0.02734375
0 0.435546875 0.10546875 0.025390625 0.025390625
0 0.259765625 0.537109375 0.025390625 0.025390625
0 0.873046875 0.19140625 0.025390625 0.025390625
0 0.755859375 0.515625 0.025390625 0.025390625
0 0.666015625 0.6875 0.025390625 0.025390625
0 0.375 0.45703125 0.025390625 0.025390625
0 0.2109375 0.271484375 0.025390625 0.025390625
