0 0.619140625 0.560546875 0.478515625 0.478515625
0 0.51953125 0.189453125 0.16015625 0.16015625
0 0.888671875 0.44921875 0.130859375 0.130859375
0 0.134765625 0.611328125 0.09765625 0.09765625
0 0.09765625 0.32421875 0.08984375 0.08984375
0 0.51171875 0.5546875 0.072265625 0.072265625
0 0.248046875 0.041015625 0.0703125 0.0703125
0 0.123046875 0.166015625 0.06640625 0.06640625
0 0.921875 0.591796875 0.064453125 0.064453125
0 0.806640625 0.18359375 0.05859375 0.05859375
0 0.3359375 0.19921875 0.052734375 0.052734375
0 0.0546875 0.291015625 0.046875 0.046875
0 0.662109375 0.271484375 0.046875 0.046875
0 0.884765625 0.228515625 0.037109375 0.037109375
0 0.23046875 0.189453125 0.03515625 0.03515625
0 0.91796875 0.533203125 0.03515625 0.03515625
0 0.91796875 0.39453125 0.03515625 0.03515625
0 0.642578125 0.470703125 0.03515625 0.03515625
0 0.5625 0.251953125 0.029296875 0.029296875
0 0.7734375 0.162109375 0.029296875 0.029296875
0 0.384765625 0.080078125 0.029296875 0.029296875
0 0.458984375 0.546875 0.02734375 0.02734375
0 0.1796875 0.705078125 0.298828125 0.298828125
0 0.845703125 0.94140625 0.189453125 0.189453125
0 0.783203125 0.76171875 0.080078125 0.080078125
0 0.42578125 0.994140625 0.078125 0.078125
0 0.11328125 0.978515625 0.0625 0.0625
0 0.359375 0.830078125 0.060546875 0.060546875
0 0.0546875 0.974609375 0.05859375 0.05859375
0 0.4765625 0.806640625 0.0546875 0.0546875
0 0.873046875 0.701171875 0.037109375 0.037109375
0 0.412109375 0.736328125 0.03515625 0.03515625
0 0.990234375 0.830078125 0.03515625 0.03515625
0 0.69921875 0.8125 0.033203125 0.033203125
0 0.955078125 0.87109375 0.033203125 0.033203125
0 0.521484375 0.83203125 0.03125 0.03125
