0 0.818359375 0.48046875 0.361328125 0.361328125
0 0.142578125 0.658203125 0.326171875 0.326171875
0 0.958984375 0.296875 0.1953125 0.1953125
0 0.689453125 0.833984375 0.189453125 0.189453125
0 0.05859375 0.80078125 0.146484375 0.146484375
0 0.546875 0.90234375 0.14453125 0.14453125
0 0.712890625 0.5625 0.130859375 0.130859375
0 0.353515625 0.482421875 0.115234375 0.115234375
0 0.822265625 0.86328125 0.115234375 0.115234375
0 0.5390625 0.427734375 0.111328125 0.111328125
0 0.99609375 0.65234375 0.103515625 0.103515625
0 0.994140625 0.1640625 0.103515625 0.103515625
0 0.810546875 0.76171875 0.095703125 0.095703125
0 0.4140625 0.94140625 0.0859375 0.0859375
0 0.060546875 0.322265625 0.0859375 0.0859375
0 0.427734375 0.140625 0.078125 0.078125
0 0.400390625 0.7265625 0.0703125 0.0703125
0 0.748046875 0.06640625 0.0703125 0.0703125
0 0.369140625 0.822265625 0.068359375 0.068359375
0 0.4296875 0.49609375 0.0625 0.0625
0 0.13671875 0.0078125 0.0625 0.0625
0 0.59375 0.1328125 0.0625 0.0625
0 0.85546875 0.892578125 0.05859375 0.05859375
0 0.515625 0.2734375 0.0546875 0.0546875
0 0.30078125 0.7734375 0.052734375 0.052734375
0 0.515625 0.234375 0.05078125 0.05078125
0 0.892578125 0.396484375 0.05078125 0.05078125
0 0.705078125 0.00390625 0.046875 0.046875
0 0.4765625 0.31640625 0.044921875 0.044921875
0 0.14453125 0.75 0.04296875 0.04296875
0 0.87109375 0.95703125 0.04296875 0.04296875
0 0.033203125 0.783203125 0.041015625 0.041015625
0 0.40625 0.421875 0.041015625 0.041015625
0 0.87109375 0.359375 0.037109375 0.037109375
0 0.87890625 0.068359375 0.037109375 0.037109375
0 0.59375 0.765625 0.037109375 0.037109375
0 0.353515625 0.5625 0.033203125 0.033203125
0 0.201171875 0.9609375 0.033203125 0.033203125
0 0.478515625 0.435546875 0.029296875 0.029296875
0 0.068359375 0.25 0.029296875 0.029296875
0 0.1875 0.779296875 0.029296875 0.029296875
0 0.298828125 0.58203125 0.029296875 0.029296875
0 0.658203125 0.462890625 0.02734375 0.02734375
0 0.49609375 0.103515625 0.02734375 0.02734375
0 0.083984375 0.455078125 0.02734375 0.02734375
