0 0.630859375 0.43359375 0.041015625 0.041015625
0 0.861328125 0.134765625 0.041015625 0.041015625
0 0.677734375 0.3203125 0.041015625 0.041015625
0 0.681640625 0.169921875 0.033203125 0.033203125
0 0.142578125 0.1171875 0.03125 0.03125
0 0.177734375 0.482421875 0.029296875 0.029296875
0 0.26171875 0.23046875 0.029296875 0.029296875
0 0.21484375 0.330078125 0.029296875 0.029296875
0 0.5859375 0.109375 0.02734375 0.02734375
0 0.6171875 0.046875 0.025390625 0.025390625
0 0.669921875 0.681640625 0.271484375 0.271484375
0 0.466796875 0.85546875 0.056640625 0.056640625
0 0.275390625 0.958984375 0.03125 0.03125
0 0.416015625 0.828125 0.02734375 0.02734375
