0 0.677734375 0.447265625 0.265625 0.265625
0 0.953125 0.8828125 0.169921875 0.169921875
0 0.96875 0.14453125 0.158203125 0.158203125
0 0.431640625 0.046875 0.15234375 0.15234375
0 0.04296875 0.46875 0.1484375 0.1484375
0 0.70703125 0.609375 0.1328125 0.1328125
0 0.7734375 0.728515625 0.1328125 0.1328125
0 0.314453125 0.5625 0.10546875 0.10546875
0 0.890625 0.451171875 0.10546875 0.10546875
0 0.830078125 0.955078125 0.1015625 0.1015625
0 0.83203125 0.90234375 0.099609375 0.099609375
0 0.9375 0.630859375 0.09375 0.09375
0 0.068359375 0.6875 0.091796875 0.091796875
0 0.53125 0.1328125 0.087890625 0.087890625
0 0.322265625 0.763671875 0.087890625 0.087890625
0 0.421875 0.416015625 0.0859375 0.0859375
0 0.095703125 0.361328125 0.080078125 0.080078125
0 0.607421875 0.078125 0.080078125 0.080078125
0 0.51171875 0.548828125 0.076171875 0.076171875
0 0.2734375 0.1640625 0.076171875 0.076171875
0 0.818359375 0.82421875 0.07421875 0.07421875
0 0.001953125 0.541015625 0.0703125 0.0703125
0 0.271484375 0.396484375 0.0703125 0.0703125
0 0.3671875 0.419921875 0.064453125 0.064453125
0 0.935546875 0.279296875 0.060546875 0.060546875
0 0.208984375 0.681640625 0.05078125 0.05078125
0 0.25 0.263671875 0.046875 0.046875
0 0.361328125 0.48046875 0.044921875 0.044921875
0 0.2890625 0.650390625 0.041015625 0.041015625
0 0.490234375 0.15625 0.0390625 0.0390625
0 0.16015625 0.54296875 0.037109375 0.037109375
0 0.396484375 0.69921875 0.037109375 0.037109375
0 0.564453125 0.720703125 0.03515625 0.03515625
0 0.47265625 0.8828125 0.03515625 0.03515625
0 0.888671875 0.107421875 0.033203125 0.033203125
0 0.828125 0.0625 0.033203125 0.033203125
0 0.771484375 0.587890625 0.03125 0.03125
0 0.16796875 0.966796875 0.029296875 0.029296875
0 0.580078125 0.51953125 0.029296875 0.029296875
