0 0.240234375 0.19921875 0.158203125 0.158203125
0 0.828125 0.298828125 0.154296875 0.154296875
0 0.115234375 0.236328125 0.115234375 0.115234375
0 0.99609375 0.27734375 0.091796875 0.091796875
0 0.658203125 0.021484375 0.087890625 0.087890625
0 0.87890625 0.263671875 0.044921875 0.044921875
0 0.431640625 0.1484375 0.04296875 0.04296875
0 0.388671875 0.294921875 0.03515625 0.03515625
0 0.8046875 0.068359375 0.03515625 0.03515625
0 0.771484375 0.1484375 0.03125 0.03125
0 0.708984375 0.1640625 0.029296875 0.029296875
0 0.609375 0.130859375 0.02734375 0.02734375
0 0.046875 0.33203125 0.158203125 0.158203125
0 0.912109375 0.5703125 0.1328125 0.1328125
0 0.30078125 0.7421875 0.1328125 0.1328125
0 0.53515625 0.353515625 0.1171875 0.1171875
0 0.990234375 0.37890625 0.07421875 0.07421875
0 0.9765625 0.724609375 0.0703125 0.0703125
0 0.771484375 0.341796875 0.068359375 0.068359375
0 0.564453125 0.357421875 0.06640625 0.06640625
0 0.7421875 0.76171875 0.052734375 0.052734375
0 0.380859375 0.880859375 0.05078125 0.05078125
0 0.064453125 0.8046875 0.05078125 0.05078125
0 0.6796875 0.908203125 0.041015625 0.041015625
0 0.216796875 0.623046875 0.0390625 0.0390625
0 0.3046875 0.4296875 0.033203125 0.033203125
0 0.73046875 0.703125 0.033203125 0.033203125
0 0.189453125 0.91796875 0.033203125 0.033203125
0 0.60546875 0.458984375 0.033203125 0.033203125
0 0.21875 0.369140625 0.02734375 0.02734375
0 0.599609375 0.591796875 0.02734375 0.02734375
0 0.59765625 0.736328125 0.02734375 0.02734375
0 0.095703125 0.875 0.02734375 0.02734375
0 0.34375 0.603515625 0.02734375 0.02734375
