0 0.744140625 0.580078125 0.193359375 0.193359375
0 0.728515625 0.06640625 0.130859375 0.130859375
0 0.896484375 0.083984375 0.126953125 0.126953125
0 0.333984375 0.30859375 0.12109375 0.12109375
0 0.765625 0.765625 0.103515625 0.103515625
0 0.484375 0.974609375 0.1015625 0.1015625
0 0.30078125 0.1171875 0.0703125 0.0703125
0 0.21875 0.95703125 0.064453125 0.064453125
0 0.0 0.974609375 0.064453125 0.064453125
0 0.5625 0.4453125 0.0625 0.0625
0 0.447265625 0.751953125 0.060546875 0.060546875
0 0.09375 0.208984375 0.056640625 0.056640625
0 0.357421875 0.17578125 0.0546875 0.0546875
0 0.59375 0.70703125 0.0546875 0.0546875
0 0.240234375 0.771484375 0.052734375 0.052734375
0 0.9921875 0.271484375 0.052734375 0.052734375
0 0.001953125 0.408203125 0.048828125 0.048828125
0 0.556640625 0.2421875 0.048828125 0.048828125
0 0.29296875 0.216796875 0.048828125 0.048828125
0 0.5390625 0.234375 0.04296875 0.04296875
0 0.677734375 0.37109375 0.041015625 0.041015625
0 0.458984375 0.654296875 0.0390625 0.0390625
0 0.810546875 0.67578125 0.037109375 0.037109375
0 0.109375 0.103515625 0.03515625 0.03515625
0 0.671875 0.166015625 0.03515625 0.03515625
0 0.458984375 0.4609375 0.03515625 0.03515625
0 0.017578125 0.21875 0.033203125 0.033203125
0 0.111328125 0.01171875 0.033203125 0.033203125
0 0.111328125 0.931640625 0.03125 0.03125
0 0.982421875 0.91796875 0.03125 0.03125
0 0.263671875 0.078125 0.03125 0.03125
0 0.5546875 0.259765625 0.029296875 0.029296875
0 0.34765625 0.607421875 0.029296875 0.029296875
0 0.373046875 0.03515625 0.029296875 0.029296875
0 0.646484375 0.986328125 0.029296875 0.029296875
0 0.912109375 0.66796875 0.029296875 0.029296875
0 0.015625 0.458984375 0.02734375 0.02734375
0 0.705078125 0.3046875 0.02734375 0.02734375
0 0.779296875 0.3984375 0.02734375 0.02734375
0 0.5546875 0.9765625 0.02734375 0.02734375
0 0.443359375 0.140625 0.02734375 0.02734375
0 0.056640625 0.3515625 0.025390625 0.025390625
0 0.232421875 0.49609375 0.025390625 0.025390625
