0 0.318359375 0.84765625 0.271484375 0.271484375
0 0.71484375 0.40234375 0.236328125 0.236328125
0 0.095703125 0.349609375 0.123046875 0.123046875
0 0.1953125 0.232421875 0.099609375 0.099609375
0 0.62109375 0.375 0.087890625 0.087890625
0 0.1875 0.046875 0.087890625 0.087890625
0 0.3984375 0.173828125 0.0859375 0.0859375
0 0.107421875 0.8671875 0.0859375 0.0859375
0 0.94140625 0.001953125 0.08203125 0.08203125
0 0.21875 0.96875 0.080078125 0.080078125
0 0.572265625 0.47265625 0.078125 0.078125
0 0.421875 0.009765625 0.072265625 0.072265625
0 0.962890625 0.28125 0.0703125 0.0703125
0 0.380859375 0.490234375 0.068359375 0.068359375
0 0.908203125 0.32421875 0.060546875 0.060546875
0 0.525390625 0.890625 0.060546875 0.060546875
0 0.990234375 0.552734375 0.05859375 0.05859375
0 0.078125 0.6171875 0.05859375 0.05859375
0 0.419921875 0.544921875 0.056640625 0.056640625
0 0.546875 0.041015625 0.048828125 0.048828125
0 0.384765625 0.791015625 0.048828125 0.048828125
0 0.26953125 0.48046875 0.048828125 0.048828125
0 0.515625 0.78515625 0.046875 0.046875
0 0.294921875 0.095703125 0.044921875 0.044921875
0 0.0234375 0.087890625 0.044921875 0.044921875
0 0.544921875 0.435546875 0.04296875 0.04296875
0 0.3046875 0.31640625 0.041015625 0.041015625
0 0.111328125 0.80078125 0.041015625 0.041015625
0 0.580078125 0.32421875 0.041015625 0.041015625
0 0.23828125 0.3984375 0.041015625 0.041015625
0 0.416015625 0.736328125 0.041015625 0.041015625
0 0.52734375 0.125 0.0390625 0.0390625
0 0.353515625 0.41796875 0.037109375 0.037109375
0 0.583984375 0.40234375 0.037109375 0.037109375
0 0.359375 0.123046875 0.03515625 0.03515625
0 0.751953125 0.431640625 0.03515625 0.03515625
0 0.38671875 0.267578125 0.03515625 0.03515625
0 0.076171875 0.1171875 0.033203125 0.033203125
0 0.666015625 0.7734375 0.033203125 0.033203125
0 0.427734375 0.353515625 0.033203125 0.033203125
0 0.30859375 0.05859375 0.03125 0.03125
0 0.55859375 0.927734375 0.03125 0.03125
0 0.798828125 0.93359375 0.03125 0.03125
0 0.439453125 0.98046875 0.029296875 0.029296875
0 0.099609375 0.14453125 0.029296875 0.029296875
0 0.201171875 0.611328125 0.029296875 0.029296875
0 0.091796875 0.70703125 0.029296875 0.029296875
0 0.349609375 0.98046875 0.02734375 0.02734375
0 0.494140625 0.83203125 0.02734375 0.02734375
0 0.361328125 0.037109375 0.025390625 0.025390625
0 0.654296875 0.765625 0.025390625 0.025390625
0 0.8359375 0.357421875 0.025390625 0.025390625
0 0.744140625 0.60546875 0.025390625 0.025390625
0 0.958984375 0.369140625 0.025390625 0.025390625
