0 0.51953125 0.341796875 0.2734375 0.2734375
0 0.802734375 0.740234375 0.220703125 0.220703125
0 0.51953125 0.025390625 0.20703125 0.20703125
0 0.630859375 0.935546875 0.205078125 0.205078125
0 0.5703125 0.599609375 0.17578125 0.17578125
0 0.01171875 0.3125 0.13671875 0.13671875
0 0.2421875 0.841796875 0.123046875 0.123046875
0 0.65625 0.634765625 0.07421875 0.07421875
0 0.130859375 0.58203125 0.064453125 0.064453125
0 0.84765625 0.705078125 0.0625 0.0625
0 0.4140625 0.685546875 0.060546875 0.060546875
0 0.283203125 0.91796875 0.056640625 0.056640625
0 0.650390625 0.744140625 0.0546875 0.0546875
0 0.9921875 0.66015625 0.0546875 0.0546875
0 0.150390625 0.203125 0.05078125 0.05078125
0 0.541015625 0.974609375 0.048828125 0.048828125
0 0.0 0.3984375 0.048828125 0.048828125
0 0.21875 0.39453125 0.046875 0.046875
0 0.28515625 0.13671875 0.044921875 0.044921875
0 0.9765625 0.8984375 0.04296875 0.04296875
0 0.001953125 0.990234375 0.041015625 0.041015625
0 0.310546875 0.45703125 0.0390625 0.0390625
0 0.6171875 0.775390625 0.037109375 0.037109375
0 0.517578125 0.796875 0.033203125 0.033203125
0 0.796875 0.37890625 0.03125 0.03125
0 0.716796875 0.833984375 0.03125 0.03125
