0 0.53515625 0.15625 0.1015625 0.1015625
0 0.1875 0.123046875 0.087890625 0.087890625
0 0.60546875 0.326171875 0.068359375 0.068359375
0 0.9765625 0.033203125 0.06640625 0.06640625
0 0.353515625 0.248046875 0.0625 0.0625
0 0.330078125 0.013671875 0.05859375 0.05859375
0 0.81640625 0.322265625 0.0546875 0.0546875
0 0.830078125 0.296875 0.05078125 0.05078125
0 0.900390625 0.0078125 0.044921875 0.044921875
0 0.97265625 0.23828125 0.037109375 0.037109375
0 0.9140625 0.16015625 0.03515625 0.03515625
0 0.3046875 0.31640625 0.03125 0.03125
0 0.607421875 0.142578125 0.03125 0.03125
0 0.109375 0.060546875 0.029296875 0.029296875
0 0.130859375 0.0546875 0.025390625 0.025390625
0 0.60546875 0.828125 0.31640625 0.31640625
0 0.525390625 0.396484375 0.181640625 0.181640625
0 0.58984375 0.34375 0.05859375 0.05859375
0 0.931640625 0.544921875 0.0546875 0.0546875
0 0.994140625 0.609375 0.046875 0.046875
