0 0.42578125 0.583984375 0.248046875 0.248046875
0 0.349609375 0.7734375 0.169921875 0.169921875
0 0.81640625 0.62890625 0.150390625 0.150390625
0 0.611328125 0.70703125 0.12109375 0.12109375
0 0.798828125 0.333984375 0.1171875 0.1171875
0 0.220703125 0.796875 0.115234375 0.115234375
0 0.52734375 0.341796875 0.111328125 0.111328125
0 0.029296875 0.521484375 0.107421875 0.107421875
0 0.640625 0.931640625 0.1015625 0.1015625
0 0.71875 0.517578125 0.09375 0.09375
0 0.697265625 0.380859375 0.091796875 0.091796875
0 0.169921875 0.958984375 0.0859375 0.0859375
0 0.30078125 0.2578125 0.07421875 0.07421875
0 0.93359375 0.529296875 0.072265625 0.072265625
0 0.609375 0.447265625 0.0703125 0.0703125
0 0.94140625 0.556640625 0.068359375 0.068359375
0 0.447265625 0.931640625 0.06640625 0.06640625
0 0.2421875 0.400390625 0.064453125 0.064453125
0 0.14453125 0.08984375 0.060546875 0.060546875
0 0.55078125 0.30078125 0.056640625 0.056640625
0 0.7734375 0.837890625 0.052734375 0.052734375
0 0.306640625 0.083984375 0.05078125 0.05078125
0 0.4921875 0.111328125 0.046875 0.046875
0 0.275390625 0.25 0.044921875 0.044921875
0 0.388671875 0.8828125 0.04296875 0.04296875
0 0.23828125 0.505859375 0.04296875 0.04296875
0 0.765625 0.73828125 0.041015625 0.041015625
0 0.908203125 0.80078125 0.041015625 0.041015625
0 0.38671875 0.4140625 0.0390625 0.0390625
0 0.044921875 0.212890625 0.037109375 0.037109375
0 0.751953125 0.390625 0.037109375 0.037109375
0 0.173828125 0.306640625 0.03515625 0.03515625
0 0.87890625 0.41015625 0.03125 0.03125
0 0.62109375 0.60546875 0.03125 0.03125
0 0.82421875 0.505859375 0.029296875 0.029296875
0 0.138671875 0.345703125 0.029296875 0.029296875
0 0.060546875 0.23046875 0.029296875 0.029296875
0 0.24609375 0.310546875 0.029296875 0.029296875
0 0.46875 0.509765625 0.029296875 0.029296875
0 0.16796875 0.451171875 0.029296875 0.029296875
0 0.1640625 0.69921875 0.02734375 0.02734375
0 0.89453125 0.18359375 0.02734375 0.02734375
0 0.294921875 0.86328125 0.025390625 0.025390625
