0 0.19921875 0.447265625 0.134765625 0.134765625
0 0.31640625 0.70703125 0.12890625 0.12890625
0 0.3203125 0.416015625 0.091796875 0.091796875
0 0.2265625 0.3671875 0.083984375 0.083984375
0 0.640625 0.400390625 0.080078125 0.080078125
0 0.21484375 0.287109375 0.078125 0.078125
0 0.8125 0.875 0.072265625 0.072265625
0 0.626953125 0.04296875 0.068359375 0.068359375
0 0.33203125 0.001953125 0.05859375 0.05859375
0 0.546875 0.732421875 0.05859375 0.05859375
0 0.76171875 0.29296875 0.0546875 0.0546875
0 0.001953125 0.2109375 0.048828125 0.048828125
0 0.439453125 0.38671875 0.0390625 0.0390625
0 0.572265625 0.810546875 0.0390625 0.0390625
0 0.986328125 0.62890625 0.0390625 0.0390625
0 0.771484375 0.716796875 0.0390625 0.0390625
0 0.4140625 0.533203125 0.0390625 0.0390625
0 0.97265625 0.828125 0.0390625 0.0390625
0 0.58984375 0.115234375 0.03515625 0.03515625
0 0.12109375 0.498046875 0.033203125 0.033203125
0 0.365234375 0.861328125 0.03125 0.03125
0 0.75390625 0.880859375 0.029296875 0.029296875
0 0.857421875 0.70703125 0.029296875 0.029296875
0 0.365234375 0.29296875 0.029296875 0.029296875
0 0.0234375 0.9375 0.029296875 0.029296875
0 0.51953125 0.908203125 0.02734375 0.02734375
0 0.185546875 0.21484375 0.02734375 0.02734375
0 0.28515625 0.849609375 0.02734375 0.02734375
0 0.94140625 0.22265625 0.02734375 0.02734375
0 0.134765625 0.810546875 0.025390625 0.025390625
0 0.5390625 0.41015625 0.025390625 0.025390625
0 0.28125 0.9375 0.025390625 0.025390625
