0 0.1328125 0.189453125 0.197265625 0.197265625
0 0.763671875 0.904296875 0.181640625 0.181640625
0 0.93359375 0.91015625 0.154296875 0.154296875
0 0.615234375 0.330078125 0.126953125 0.126953125
0 0.5546875 0.5 0.125 0.125
0 0.048828125 0.8984375 0.1171875 0.1171875
0 0.712890625 0.265625 0.11328125 0.11328125
0 0.818359375 0.609375 0.09375 0.09375
0 0.29296875 0.529296875 0.0859375 0.0859375
0 0.384765625 0.890625 0.080078125 0.080078125
0 0.333984375 0.361328125 0.080078125 0.080078125
0 0.35546875 0.234375 0.076171875 0.076171875
0 0.2109375 0.982421875 0.07421875 0.07421875
0 0.09375 0.81640625 0.072265625 0.072265625
0 0.55859375 0.69140625 0.0703125 0.0703125
0 0.271484375 0.837890625 0.064453125 0.064453125
0 0.658203125 0.607421875 0.060546875 0.060546875
0 0.658203125 0.751953125 0.05859375 0.05859375
0 0.263671875 0.08203125 0.05859375 0.05859375
0 0.79296875 0.439453125 0.056640625 0.056640625
0 0.5703125 0.771484375 0.056640625 0.056640625
0 0.6484375 0.005859375 0.0546875 0.0546875
0 0.87890625 0.734375 0.052734375 0.052734375
0 0.9296875 0.478515625 0.052734375 0.052734375
0 0.35546875 0.96484375 0.046875 0.046875
0 0.134765625 0.185546875 0.04296875 0.04296875
0 0.6015625 0.990234375 0.0390625 0.0390625
0 0.111328125 0.10546875 0.037109375 0.037109375
0 0.814453125 0.958984375 0.03515625 0.03515625
0 0.1796875 0.94921875 0.03515625 0.03515625
0 0.111328125 0.767578125 0.03515625 0.03515625
0 0.033203125 0.673828125 0.03515625 0.03515625
0 0.765625 0.763671875 0.033203125 0.033203125
0 0.259765625 0.634765625 0.03125 0.03125
0 0.03515625 0.33203125 0.029296875 0.029296875
0 0.740234375 0.818359375 0.029296875 0.029296875
0 0.912109375 0.66015625 0.02734375 0.02734375
0 0.7421875 0.66015625 0.02734375 0.02734375
