0 0.85546875 0.251953125 0.857421875 0.857421875
0 0.24609375 0.2734375 0.12109375 0.12109375
0 0.078125 0.328125 0.046875 0.046875
0 0.966796875 0.056640625 0.041015625 0.041015625
0 0.107421875 0.306640625 0.0390625 0.0390625
0 0.9921875 0.052734375 0.037109375 0.037109375
0 0.341796875 0.060546875 0.03515625 0.03515625
0 0.01171875 0.0390625 0.033203125 0.033203125
0 0.876953125 0.154296875 0.03125 0.03125
0 0.0234375 0.05078125 0.03125 0.03125
0 0.197265625 0.220703125 0.02734375 0.02734375
0 0.34765625 0.21484375 0.025390625 0.025390625
0 0.64453125 0.3203125 0.025390625 0.025390625
0 0.802734375 0.80859375 0.25 0.25
0 0.98046875 0.859375 0.140625 0.140625
0 0.310546875 0.765625 0.125 0.125
0 0.310546875 0.923828125 0.123046875 0.123046875
0 0.208984375 0.533203125 0.083984375 0.083984375
0 0.001953125 0.685546875 0.072265625 0.072265625
0 0.69921875 0.48046875 0.072265625 0.072265625
0 0.537109375 0.4140625 0.05859375 0.05859375
0 0.12890625 0.703125 0.05859375 0.05859375
0 0.109375 0.7578125 0.056640625 0.056640625
0 0.853515625 0.990234375 0.056640625 0.056640625
0 0.94140625 0.974609375 0.04296875 0.04296875
0 0.064453125 0.50390625 0.041015625 0.041015625
0 0.501953125 0.9609375 0.0390625 0.0390625
0 0.810546875 0.919921875 0.03515625 0.03515625
0 0.62890625 0.955078125 0.03515625 0.03515625
0 0.486328125 0.361328125 0.033203125 0.033203125
0 0.384765625 0.669921875 0.03125 0.03125
0 0.6484375 0.986328125 0.029296875 0.029296875
0 0.5234375 0.392578125 0.029296875 0.029296875
0 0.390625 0.6484375 0.02734375 0.02734375
0 0.5703125 0.82421875 0.02734375 0.02734375
0 0.42578125 0.52734375 0.02734375 0.02734375
0 0.216796875 0.83203125 0.025390625 0.025390625
0 0.9921875 0.427734375 0.025390625 0.025390625
0 0.455078125 0.486328125 0.025390625 0.025390625
0 0.650390625 0.453125 0.025390625 0.025390625
0 0.279296875 0.4765625 0.025390625 0.025390625
0 0.24609375 0.876953125 0.025390625 0.025390625
