0 0.0546875 0.169921875 0.052734375 0.052734375
0 0.298828125 0.291015625 0.03515625 0.03515625
0 0.611328125 0.2578125 0.033203125 0.033203125
0 0.349609375 0.142578125 0.02734375 0.02734375
0 0.46875 0.697265625 0.212890625 0.212890625
0 0.19921875 0.4375 0.103515625 0.103515625
0 0.802734375 0.345703125 0.083984375 0.083984375
0 0.546875 0.8828125 0.07421875 0.07421875
0 0.603515625 0.544921875 0.072265625 0.072265625
0 0.12109375 0.484375 0.06640625 0.06640625
0 0.2421875 0.716796875 0.060546875 0.060546875
0 0.025390625 0.654296875 0.056640625 0.056640625
0 0.732421875 0.908203125 0.05078125 0.05078125
0 0.26953125 0.869140625 0.037109375 0.037109375
0 0.41796875 0.3984375 0.03515625 0.03515625
0 0.365234375 0.62890625 0.03515625 0.03515625
0 0.662109375 0.62109375 0.03125 0.03125
0 0.0625 0.384765625 0.029296875 0.029296875
0 0.412109375 0.78515625 0.02734375 0.02734375
0 0.3359375 0.69921875 0.025390625 0.025390625
