0 0.24609375 0.298828125 0.173828125 0.173828125
0 0.744140625 0.640625 0.16796875 0.16796875
0 0.396484375 0.81640625 0.16015625 0.16015625
0 0.36328125 0.8984375 0.154296875 0.154296875
0 0.857421875 0.5625 0.123046875 0.123046875
0 0.6640625 0.45703125 0.103515625 0.103515625
0 0.859375 0.505859375 0.1015625 0.1015625
0 0.994140625 0.734375 0.09375 0.09375
0 0.693359375 0.775390625 0.087890625 0.087890625
0 0.962890625 0.8046875 0.0859375 0.0859375
0 0.8125 0.953125 0.08203125 0.08203125
0 0.66796875 0.841796875 0.080078125 0.080078125
0 0.669921875 0.615234375 0.078125 0.078125
0 0.638671875 0.4921875 0.06640625 0.06640625
0 0.3515625 0.34765625 0.06640625 0.06640625
0 0.744140625 0.1875 0.064453125 0.064453125
0 0.9453125 0.59375 0.0625 0.0625
0 0.951171875 0.248046875 0.0546875 0.0546875
0 0.560546875 0.892578125 0.05078125 0.05078125
0 0.861328125 0.123046875 0.05078125 0.05078125
0 0.958984375 0.9921875 0.046875 0.046875
0 0.205078125 0.3671875 0.044921875 0.044921875
0 0.85546875 0.015625 0.044921875 0.044921875
0 0.951171875 0.26953125 0.041015625 0.041015625
0 0.693359375 0.7265625 0.041015625 0.041015625
0 0.3671875 0.30078125 0.0390625 0.0390625
0 0.822265625 0.8828125 0.0390625 0.0390625
0 0.89453125 0.853515625 0.0390625 0.0390625
0 0.763671875 0.271484375 0.037109375 0.037109375
0 0.33984375 0.580078125 0.03515625 0.03515625
0 0.49609375 0.294921875 0.033203125 0.033203125
0 0.794921875 0.751953125 0.033203125 0.033203125
0 0.984375 0.4375 0.03125 0.03125
0 0.19140625 0.8203125 0.03125 0.03125
0 0.490234375 0.8671875 0.03125 0.03125
0 0.318359375 0.794921875 0.03125 0.03125
0 0.083984375 0.6015625 0.029296875 0.029296875
0 0.369140625 0.455078125 0.029296875 0.029296875
0 0.4453125 0.060546875 0.029296875 0.029296875
0 0.240234375 0.455078125 0.029296875 0.029296875
0 0.947265625 0.328125 0.029296875 0.029296875
0 0.7890625 0.34765625 0.02734375 0.02734375
0 0.951171875 0.533203125 0.02734375 0.02734375
0 0.501953125 0.171875 0.02734375 0.02734375
0 0.16796875 0.60546875 0.02734375 0.02734375
0 0.994140625 0.74609375 0.02734375 0.02734375
0 0.4609375 0.408203125 0.02734375 0.02734375
0 0.619140625 0.51953125 0.025390625 0.025390625
0 0.5234375 0.67578125 0.025390625 0.025390625
0 0.888671875 0.708984375 0.025390625 0.025390625
0 0.947265625 0.876953125 0.025390625 0.025390625
0 0.111328125 0.224609375 0.025390625 0.025390625
