0 0.396484375 0.69921875 0.291015625 0.291015625
0 0.875 0.5703125 0.19921875 0.19921875
0 0.87109375 0.029296875 0.150390625 0.150390625
0 0.51953125 0.041015625 0.1484375 0.1484375
0 0.869140625 0.783203125 0.130859375 0.130859375
0 0.765625 0.380859375 0.109375 0.109375
0 0.29296875 0.255859375 0.09765625 0.09765625
0 0.96484375 0.17578125 0.09375 0.09375
0 0.291015625 0.431640625 0.076171875 0.076171875
0 0.9921875 0.34765625 0.0703125 0.0703125
0 0.5546875 0.96875 0.060546875 0.060546875
0 0.701171875 0.724609375 0.060546875 0.060546875
0 0.412109375 0.923828125 0.052734375 0.052734375
0 0.458984375 0.892578125 0.052734375 0.052734375
0 0.62109375 0.796875 0.052734375 0.052734375
0 0.138671875 0.513671875 0.046875 0.046875
0 0.8203125 0.927734375 0.044921875 0.044921875
0 0.31640625 0.41796875 0.044921875 0.044921875
0 0.892578125 0.07421875 0.041015625 0.041015625
0 0.693359375 0.8125 0.037109375 0.037109375
0 0.470703125 0.041015625 0.037109375 0.037109375
0 0.9921875 0.07421875 0.03515625 0.03515625
0 0.208984375 0.291015625 0.03125 0.03125
0 0.125 0.8046875 0.03125 0.03125
0 0.7578125 0.73828125 0.029296875 0.029296875
0 0.884765625 0.689453125 0.029296875 0.029296875
0 0.025390625 0.0234375 0.029296875 0.029296875
0 0.560546875 0.3984375 0.02734375 0.02734375
0 0.884765625 0.412109375 0.02734375 0.02734375
0 0.513671875 0.5390625 0.02734375 0.02734375
0 0.708984375 0.37109375 0.025390625 0.025390625
