0 0.576171875 0.751953125 0.591796875 0.591796875
0 0.1640625 0.908203125 0.248046875 0.248046875
0 0.388671875 0.31640625 0.197265625 0.197265625
0 0.712890625 0.849609375 0.189453125 0.189453125
0 0.56640625 0.095703125 0.111328125 0.111328125
0 0.349609375 0.486328125 0.09765625 0.09765625
0 0.8984375 0.859375 0.09375 0.09375
0 0.80859375 0.03515625 0.072265625 0.072265625
0 0.220703125 0.703125 0.06640625 0.06640625
0 0.310546875 0.03125 0.060546875 0.060546875
0 0.583984375 0.490234375 0.048828125 0.048828125
0 0.44921875 0.1328125 0.0390625 0.0390625
0 0.5078125 0.892578125 0.037109375 0.037109375
0 0.458984375 0.37890625 0.029296875 0.029296875
0 0.2734375 0.2734375 0.02734375 0.02734375
0 0.33203125 0.943359375 0.02734375 0.02734375
0 0.611328125 0.177734375 0.02734375 0.02734375
