0 0.484375 0.572265625 0.349609375 0.349609375
0 0.21875 0.75 0.171875 0.171875
0 0.6953125 0.96484375 0.1328125 0.1328125
0 0.2265625 0.404296875 0.12890625 0.12890625
0 0.689453125 0.818359375 0.103515625 0.103515625
0 0.125 0.216796875 0.1015625 0.1015625
0 0.525390625 0.2421875 0.095703125 0.095703125
0 0.97265625 0.701171875 0.076171875 0.076171875
0 0.337890625 0.888671875 0.076171875 0.076171875
0 0.576171875 0.908203125 0.072265625 0.072265625
0 0.33203125 0.248046875 0.064453125 0.064453125
0 0.017578125 0.75 0.0625 0.0625
0 0.54296875 0.087890625 0.0625 0.0625
0 0.439453125 0.1953125 0.0625 0.0625
0 0.197265625 0.1171875 0.060546875 0.060546875
0 0.25 0.6796875 0.05859375 0.05859375
0 0.328125 0.8359375 0.0546875 0.0546875
0 0.912109375 0.51171875 0.0546875 0.0546875
0 0.57421875 0.1875 0.048828125 0.048828125
0 0.93359375 0.58984375 0.046875 0.046875
0 0.943359375 0.931640625 0.044921875 0.044921875
0 0.16796875 0.97265625 0.044921875 0.044921875
0 0.076171875 0.75390625 0.041015625 0.041015625
0 0.9296875 0.8828125 0.041015625 0.041015625
0 0.697265625 0.142578125 0.041015625 0.041015625
0 0.7109375 0.232421875 0.0390625 0.0390625
0 0.8046875 0.939453125 0.0390625 0.0390625
0 0.736328125 0.875 0.037109375 0.037109375
0 0.5546875 0.189453125 0.037109375 0.037109375
0 0.966796875 0.5625 0.03515625 0.03515625
0 0.40234375 0.306640625 0.03515625 0.03515625
0 0.42578125 0.9375 0.03125 0.03125
0 0.0703125 0.552734375 0.03125 0.03125
0 0.47265625 0.755859375 0.029296875 0.029296875
0 0.853515625 0.404296875 0.029296875 0.029296875
0 0.38671875 0.806640625 0.02734375 0.02734375
0 0.505859375 0.57421875 0.025390625 0.025390625
0 0.162109375 0.875 0.025390625 0.025390625
0 0.390625 0.140625 0.025390625 0.025390625
0 0.8984375 0.849609375 0.025390625 0.025390625
