0 0.162109375 0.982421875 0.33203125 0.33203125
0 0.822265625 0.564453125 0.197265625 0.197265625
0 0.158203125 0.755859375 0.158203125 0.158203125
0 0.6640625 0.5703125 0.140625 0.140625
0 0.35546875 0.62109375 0.107421875 0.107421875
0 0.96484375 0.431640625 0.095703125 0.095703125
0 0.474609375 0.646484375 0.09375 0.09375
0 0.310546875 0.455078125 0.091796875 0.091796875
0 0.796875 0.27734375 0.08203125 0.08203125
0 0.18359375 0.615234375 0.080078125 0.080078125
0 0.822265625 0.38671875 0.076171875 0.076171875
0 0.935546875 0.111328125 0.07421875 0.07421875
0 0.7265625 0.173828125 0.068359375 0.068359375
0 0.458984375 0.572265625 0.068359375 0.068359375
0 0.421875 0.056640625 0.068359375 0.068359375
0 0.873046875 0.001953125 0.06640625 0.06640625
0 0.921875 0.490234375 0.064453125 0.064453125
0 0.455078125 0.068359375 0.0625 0.0625
0 0.259765625 0.5078125 0.0625 0.0625
0 0.056640625 0.25 0.060546875 0.060546875
0 0.94921875 0.22265625 0.05859375 0.05859375
0 0.65234375 0.96875 0.05078125 0.05078125
0 0.626953125 0.484375 0.05078125 0.05078125
0 0.3984375 0.64453125 0.048828125 0.048828125
0 0.341796875 0.736328125 0.046875 0.046875
0 0.341796875 0.3984375 0.046875 0.046875
0 0.267578125 0.21484375 0.041015625 0.041015625
0 0.75 0.275390625 0.041015625 0.041015625
0 0.81640625 0.3046875 0.0390625 0.0390625
0 0.392578125 0.244140625 0.0390625 0.0390625
0 0.173828125 0.6484375 0.037109375 0.037109375
0 0.705078125 0.798828125 0.033203125 0.033203125
0 0.986328125 0.080078125 0.033203125 0.033203125
0 0.966796875 0.935546875 0.02734375 0.02734375
0 0.794921875 0.458984375 0.02734375 0.02734375
0 0.294921875 0.16796875 0.02734375 0.02734375
