0 0.8125 0.982421875 0.201171875 0.201171875
0 0.25390625 0.69140625 0.189453125 0.189453125
0 0.037109375 0.080078125 0.185546875 0.185546875
0 0.90625 0.8125 0.17578125 0.17578125
0 0.564453125 0.44921875 0.162109375 0.162109375
0 0.3828125 0.021484375 0.142578125 0.142578125
0 0.9375 0.17578125 0.12890625 0.12890625
0 0.583984375 0.72265625 0.119140625 0.119140625
0 0.015625 0.21875 0.115234375 0.115234375
0 0.888671875 0.6796875 0.115234375 0.115234375
0 0.53125 0.5078125 0.115234375 0.115234375
0 0.1484375 0.38671875 0.103515625 0.103515625
0 0.005859375 0.115234375 0.1015625 0.1015625
0 0.01171875 0.392578125 0.1015625 0.1015625
0 0.498046875 0.240234375 0.095703125 0.095703125
0 0.357421875 0.802734375 0.095703125 0.095703125
0 0.611328125 0.021484375 0.095703125 0.095703125
0 0.029296875 0.9453125 0.08984375 0.08984375
0 0.787109375 0.314453125 0.087890625 0.087890625
0 0.869140625 0.5546875 0.08203125 0.08203125
0 0.5234375 0.150390625 0.080078125 0.080078125
0 0.3828125 0.326171875 0.078125 0.078125
0 0.48828125 0.87890625 0.078125 0.078125
0 0.341796875 0.65625 0.076171875 0.076171875
0 0.02734375 0.826171875 0.076171875 0.076171875
0 0.10546875 0.59375 0.068359375 0.068359375
0 0.505859375 0.078125 0.06640625 0.06640625
0 0.578125 0.53515625 0.064453125 0.064453125
0 0.296875 0.7890625 0.064453125 0.064453125
0 0.65234375 0.69140625 0.0625 0.0625
0 0.865234375 0.91015625 0.05859375 0.05859375
0 0.43359375 0.390625 0.05859375 0.05859375
0 0.84765625 0.19921875 0.05859375 0.05859375
0 0.271484375 0.619140625 0.0546875 0.0546875
0 0.478515625 0.783203125 0.052734375 0.052734375
0 0.6640625 0.087890625 0.05078125 0.05078125
0 0.38671875 0.29296875 0.044921875 0.044921875
0 0.966796875 0.3125 0.044921875 0.044921875
0 0.115234375 0.287109375 0.044921875 0.044921875
0 0.580078125 0.876953125 0.041015625 0.041015625
0 0.23828125 0.2109375 0.041015625 0.041015625
0 0.4296875 0.505859375 0.041015625 0.041015625
0 0.2578125 0.48046875 0.041015625 0.041015625
0 0.75 0.49609375 0.0390625 0.0390625
0 0.484375 0.3203125 0.0390625 0.0390625
0 0.26171875 0.37109375 0.037109375 0.037109375
0 0.23828125 0.33203125 0.037109375 0.037109375
0 0.78125 0.8046875 0.03515625 0.03515625
0 0.515625 0.966796875 0.033203125 0.033203125
0 0.95703125 0.072265625 0.033203125 0.033203125
0 0.04296875 0.298828125 0.033203125 0.033203125
0 0.982421875 0.548828125 0.03125 0.03125
0 0.39453125 0.443359375 0.03125 0.03125
0 0.984375 0.40625 0.029296875 0.029296875
0 0.46484375 0.060546875 0.029296875 0.029296875
0 0.404296875 0.78515625 0.029296875 0.029296875
0 0.599609375 0.84765625 0.029296875 0.029296875
0 0.92578125 0.421875 0.029296875 0.029296875
0 0.11328125 0.193359375 0.02734375 0.02734375
0 0.26953125 0.51171875 0.025390625 0.025390625
0 0.912109375 0.7890625 0.025390625 0.025390625
0 0.0 0.2578125 0.025390625 0.025390625
0 0.05078125 0.794921875 0.025390625 0.025390625
