0 0.412109375 0.603515625 0.140625 0.140625
0 0.654296875 0.267578125 0.12890625 0.12890625
0 0.42578125 0.65234375 0.095703125 0.095703125
0 0.265625 0.96875 0.068359375 0.068359375
0 0.24609375 0.771484375 0.06640625 0.06640625
0 0.916015625 0.623046875 0.0546875 0.0546875
0 0.70703125 0.611328125 0.05078125 0.05078125
0 0.640625 0.177734375 0.048828125 0.048828125
0 0.158203125 0.9921875 0.048828125 0.048828125
0 0.923828125 0.96875 0.04296875 0.04296875
0 0.888671875 0.25 0.041015625 0.041015625
0 0.0546875 0.369140625 0.041015625 0.041015625
0 0.845703125 0.875 0.041015625 0.041015625
0 0.013671875 0.4375 0.033203125 0.033203125
0 0.04296875 0.0 0.033203125 0.033203125
0 0.236328125 0.052734375 0.033203125 0.033203125
0 0.857421875 0.736328125 0.029296875 0.029296875
0 0.505859375 0.107421875 0.029296875 0.029296875
0 0.654296875 0.267578125 0.029296875 0.029296875
0 0.1328125 0.037109375 0.02734375 0.02734375
