0 0.02734375 0.44921875 0.26953125 0.26953125
0 0.318359375 0.357421875 0.2421875 0.2421875
0 0.564453125 0.83203125 0.1328125 0.1328125
0 0.330078125 0.474609375 0.103515625 0.103515625
0 0.546875 0.45703125 0.09765625 0.09765625
0 0.466796875 0.29296875 0.0859375 0.0859375
0 0.1171875 0.203125 0.064453125 0.064453125
0 0.822265625 0.76171875 0.0625 0.0625
0 0.470703125 0.318359375 0.0625 0.0625
0 0.13671875 0.732421875 0.060546875 0.060546875
0 0.25 0.330078125 0.05859375 0.05859375
0 0.322265625 0.658203125 0.05859375 0.05859375
0 0.40625 0.154296875 0.0546875 0.0546875
0 0.62109375 0.361328125 0.046875 0.046875
0 0.294921875 0.392578125 0.046875 0.046875
0 0.91015625 0.37890625 0.044921875 0.044921875
0 0.126953125 0.13671875 0.044921875 0.044921875
0 0.47265625 0.513671875 0.04296875 0.04296875
0 0.51953125 0.529296875 0.04296875 0.04296875
0 0.8828125 0.330078125 0.04296875 0.04296875
0 0.142578125 0.244140625 0.041015625 0.041015625
0 0.947265625 0.75390625 0.0390625 0.0390625
0 0.861328125 0.8671875 0.0390625 0.0390625
0 0.27734375 0.279296875 0.037109375 0.037109375
0 0.095703125 0.357421875 0.037109375 0.037109375
0 0.060546875 0.30078125 0.03515625 0.03515625
0 0.55859375 0.857421875 0.033203125 0.033203125
0 0.091796875 0.830078125 0.03125 0.03125
0 0.11328125 0.89453125 0.03125 0.03125
0 0.525390625 0.068359375 0.03125 0.03125
0 0.990234375 0.673828125 0.029296875 0.029296875
0 0.541015625 0.607421875 0.029296875 0.029296875
0 0.03515625 0.380859375 0.02734375 0.02734375
0 0.646484375 0.064453125 0.025390625 0.025390625
0 0.40625 0.29296875 0.025390625 0.025390625
