0 0.736328125 0.794921875 0.234375 0.234375
0 0.27734375 0.025390625 0.158203125 0.158203125
0 0.064453125 0.58984375 0.123046875 0.123046875
0 0.912109375 0.310546875 0.11328125 0.11328125
0 0.66015625 0.19921875 0.076171875 0.076171875
0 0.630859375 0.962890625 0.07421875 0.07421875
0 0.841796875 0.990234375 0.06640625 0.06640625
0 0.4375 0.27734375 0.044921875 0.044921875
0 0.673828125 0.3671875 0.044921875 0.044921875
0 0.234375 0.703125 0.041015625 0.041015625
0 0.298828125 0.615234375 0.037109375 0.037109375
0 0.3046875 0.74609375 0.03515625 0.03515625
0 0.29296875 0.130859375 0.033203125 0.033203125
0 0.552734375 0.517578125 0.033203125 0.033203125
0 0.7109375 0.298828125 0.03125 0.03125
0 0.421875 0.666015625 0.03125 0.03125
0 0.6953125 0.9140625 0.03125 0.03125
0 0.52734375 0.080078125 0.02734375 0.02734375
0 0.48828125 0.08984375 0.02734375 0.02734375
0 0.7421875 0.21875 0.025390625 0.025390625
