0 0.841796875 0.75 0.306640625 0.306640625
0 0.181640625 0.8359375 0.26953125 0.26953125
0 0.58203125 0.5703125 0.169921875 0.169921875
0 0.59375 0.095703125 0.1484375 0.1484375
0 0.345703125 0.693359375 0.146484375 0.146484375
0 0.3046875 0.279296875 0.146484375 0.146484375
0 0.427734375 0.271484375 0.140625 0.140625
0 0.83984375 0.849609375 0.1328125 0.1328125
0 0.94140625 0.513671875 0.111328125 0.111328125
0 0.267578125 0.404296875 0.103515625 0.103515625
0 0.587890625 0.474609375 0.09765625 0.09765625
0 0.365234375 0.431640625 0.083984375 0.083984375
0 0.349609375 0.341796875 0.078125 0.078125
0 0.33984375 0.6171875 0.07421875 0.07421875
0 0.142578125 0.724609375 0.060546875 0.060546875
0 0.845703125 0.2421875 0.05859375 0.05859375
0 0.224609375 0.509765625 0.05859375 0.05859375
0 0.67578125 0.20703125 0.05859375 0.05859375
0 0.5 0.333984375 0.05078125 0.05078125
0 0.099609375 0.380859375 0.05078125 0.05078125
0 0.494140625 0.28125 0.05078125 0.05078125
0 0.283203125 0.578125 0.046875 0.046875
0 0.28515625 0.375 0.046875 0.046875
0 0.1484375 0.244140625 0.044921875 0.044921875
0 0.244140625 0.634765625 0.044921875 0.044921875
0 0.724609375 0.45703125 0.04296875 0.04296875
0 0.12109375 0.111328125 0.03515625 0.03515625
0 0.66796875 0.25390625 0.033203125 0.033203125
0 0.5 0.97265625 0.033203125 0.033203125
0 0.623046875 0.255859375 0.033203125 0.033203125
0 0.90234375 0.431640625 0.03125 0.03125
0 0.673828125 0.845703125 0.03125 0.03125
0 0.185546875 0.9765625 0.029296875 0.029296875
0 0.783203125 0.4375 0.029296875 0.029296875
0 0.095703125 0.990234375 0.029296875 0.029296875
0 0.650390625 0.51953125 0.029296875 0.029296875
0 0.591796875 0.115234375 0.02734375 0.02734375
0 0.908203125 0.5078125 0.02734375 0.02734375
0 0.412109375 0.357421875 0.02734375 0.02734375
0 0.845703125 0.19921875 0.02734375 0.02734375
0 0.693359375 0.494140625 0.02734375 0.02734375
0 0.259765625 0.966796875 0.02734375 0.02734375
0 0.744140625 0.833984375 0.025390625 0.025390625
0 0.669921875 0.4296875 0.025390625 0.025390625
