0 0.484375 0.65234375 0.267578125 0.267578125
0 0.6484375 0.619140625 0.16796875 0.16796875
0 0.00390625 0.314453125 0.16015625 0.16015625
0 0.83203125 0.365234375 0.140625 0.140625
0 0.7578125 0.677734375 0.126953125 0.126953125
0 0.44140625 0.32421875 0.111328125 0.111328125
0 0.34765625 0.564453125 0.109375 0.109375
0 0.986328125 0.970703125 0.109375 0.109375
0 0.89453125 0.611328125 0.10546875 0.10546875
0 0.658203125 0.025390625 0.10546875 0.10546875
0 0.63671875 0.486328125 0.103515625 0.103515625
0 0.9765625 0.248046875 0.09765625 0.09765625
0 0.337890625 0.30078125 0.091796875 0.091796875
0 0.09765625 0.6171875 0.091796875 0.091796875
0 0.732421875 0.03125 0.083984375 0.083984375
0 0.671875 0.767578125 0.083984375 0.083984375
0 0.91015625 0.384765625 0.080078125 0.080078125
0 0.673828125 0.333984375 0.080078125 0.080078125
0 0.37109375 0.04296875 0.078125 0.078125
0 0.982421875 0.12109375 0.076171875 0.076171875
0 0.126953125 0.71484375 0.064453125 0.064453125
0 0.826171875 0.755859375 0.064453125 0.064453125
0 0.837890625 0.125 0.064453125 0.064453125
0 0.78125 0.947265625 0.05859375 0.05859375
0 0.240234375 0.71484375 0.052734375 0.052734375
0 0.109375 0.515625 0.052734375 0.052734375
0 0.689453125 0.466796875 0.052734375 0.052734375
0 0.646484375 0.169921875 0.044921875 0.044921875
0 0.19921875 0.740234375 0.04296875 0.04296875
0 0.76953125 0.630859375 0.04296875 0.04296875
0 0.421875 0.73828125 0.041015625 0.041015625
0 0.373046875 0.986328125 0.0390625 0.0390625
0 0.728515625 0.103515625 0.0390625 0.0390625
0 0.939453125 0.7421875 0.03515625 0.03515625
0 0.86328125 0.8046875 0.03515625 0.03515625
0 0.513671875 0.119140625 0.033203125 0.033203125
0 0.978515625 0.75390625 0.033203125 0.033203125
0 0.814453125 0.447265625 0.03125 0.03125
0 0.25390625 0.1796875 0.03125 0.03125
0 0.791015625 0.22265625 0.03125 0.03125
0 0.828125 0.607421875 0.029296875 0.029296875
0 0.9140625 0.06640625 0.029296875 0.029296875
0 0.767578125 0.6875 0.029296875 0.029296875
0 0.017578125 0.1015625 0.029296875 0.029296875
0 0.84765625 0.990234375 0.029296875 0.029296875
0 0.89453125 0.7578125 0.02734375 0.02734375
0 0.681640625 0.904296875 0.02734375 0.02734375
0 0.412109375 0.916015625 0.025390625 0.025390625
0 0.94140625 0.6015625 0.025390625 0.025390625
