0 0.931640625 0.357421875 0.193359375 0.193359375
0 0.11328125 0.146484375 0.1875 0.1875
0 0.783203125 0.630859375 0.16796875 0.16796875
0 0.064453125 0.986328125 0.15234375 0.15234375
0 0.537109375 0.8203125 0.146484375 0.146484375
0 0.857421875 0.138671875 0.146484375 0.146484375
0 0.2890625 0.205078125 0.13671875 0.13671875
0 0.28125 0.533203125 0.130859375 0.130859375
0 0.958984375 0.609375 0.12109375 0.12109375
0 0.58984375 0.63671875 0.0859375 0.0859375
0 0.8984375 0.646484375 0.076171875 0.076171875
0 0.94921875 0.884765625 0.06640625 0.06640625
0 0.533203125 0.642578125 0.05859375 0.05859375
0 0.7421875 0.529296875 0.05859375 0.05859375
0 0.46875 0.68359375 0.0546875 0.0546875
0 0.630859375 0.287109375 0.05078125 0.05078125
0 0.703125 0.12109375 0.048828125 0.048828125
0 0.8359375 0.365234375 0.04296875 0.04296875
0 0.65625 0.57421875 0.04296875 0.04296875
0 0.9609375 0.125 0.0390625 0.0390625
0 0.669921875 0.650390625 0.03515625 0.03515625
0 0.048828125 0.326171875 0.03515625 0.03515625
0 0.091796875 0.279296875 0.03515625 0.03515625
0 0.728515625 0.20703125 0.033203125 0.033203125
0 0.443359375 0.802734375 0.033203125 0.033203125
0 0.943359375 0.08984375 0.029296875 0.029296875
0 0.40234375 0.251953125 0.029296875 0.029296875
0 0.97265625 0.45703125 0.029296875 0.029296875
0 0.345703125 0.50390625 0.02734375 0.02734375
0 0.796875 0.1875 0.02734375 0.02734375
0 0.98046875 0.8984375 0.02734375 0.02734375
0 0.810546875 0.248046875 0.025390625 0.025390625
0 0.642578125 0.806640625 0.025390625 0.025390625
0 0.818359375 0.421875 0.025390625 0.025390625
0 0.888671875 0.015625 0.025390625 0.025390625
