0 0.169921875 0.439453125 0.177734375 0.177734375
0 0.345703125 0.716796875 0.119140625 0.119140625
0 0.814453125 0.5 0.099609375 0.099609375
0 0.2890625 0.791015625 0.076171875 0.076171875
0 0.04296875 0.779296875 0.07421875 0.07421875
0 0.533203125 0.501953125 0.064453125 0.064453125
0 0.578125 0.310546875 0.060546875 0.060546875
0 0.6875 0.009765625 0.060546875 0.060546875
0 0.26953125 0.544921875 0.060546875 0.060546875
0 0.720703125 0.330078125 0.05859375 0.05859375
0 0.45703125 0.3515625 0.056640625 0.056640625
0 0.873046875 0.1640625 0.0546875 0.0546875
0 0.748046875 0.486328125 0.0546875 0.0546875
0 0.650390625 0.326171875 0.0546875 0.0546875
0 0.41015625 0.96484375 0.052734375 0.052734375
0 0.654296875 0.791015625 0.05078125 0.05078125
0 0.322265625 0.18359375 0.05078125 0.05078125
0 0.953125 0.931640625 0.048828125 0.048828125
0 0.435546875 0.240234375 0.044921875 0.044921875
0 0.6796875 0.11328125 0.04296875 0.04296875
0 0.109375 0.8359375 0.041015625 0.041015625
0 0.900390625 0.3984375 0.0390625 0.0390625
0 0.642578125 0.740234375 0.037109375 0.037109375
0 0.65625 0.7890625 0.03515625 0.03515625
0 0.923828125 0.30859375 0.03515625 0.03515625
0 0.6015625 0.546875 0.03125 0.03125
0 0.478515625 0.68359375 0.03125 0.03125
0 0.884765625 0.498046875 0.03125 0.03125
0 0.755859375 0.044921875 0.03125 0.03125
0 0.779296875 0.263671875 0.03125 0.03125
0 0.20703125 0.7578125 0.03125 0.03125
0 0.44140625 0.49609375 0.029296875 0.029296875
0 0.69921875 0.638671875 0.029296875 0.029296875
0 0.4765625 0.65234375 0.029296875 0.029296875
0 0.9375 0.642578125 0.029296875 0.029296875
0 0.326171875 0.080078125 0.029296875 0.029296875
0 0.55078125 0.39453125 0.02734375 0.02734375
0 0.658203125 0.501953125 0.025390625 0.025390625
0 0.365234375 0.25 0.025390625 0.025390625
0 0.849609375 0.126953125 0.025390625 0.025390625
