0 0.916015625 0.326171875 0.08984375 0.08984375
0 0.65234375 0.001953125 0.046875 0.046875
0 0.76953125 0.015625 0.046875 0.046875
0 0.521484375 0.23046875 0.046875 0.046875
0 0.3984375 0.0390625 0.03125 0.03125
0 0.1328125 0.015625 0.025390625 0.025390625
0 0.529296875 0.7421875 0.1640625 0.1640625
0 0.828125 0.98828125 0.08203125 0.08203125
0 0.90625 0.908203125 0.080078125 0.080078125
0 0.447265625 0.388671875 0.0703125 0.0703125
0 0.345703125 0.80078125 0.060546875 0.060546875
0 0.875 0.640625 0.052734375 0.052734375
0 0.39453125 0.94921875 0.048828125 0.048828125
0 0.794921875 0.6328125 0.04296875 0.04296875
0 0.755859375 0.4453125 0.029296875 0.029296875
0 0.953125 0.994140625 0.025390625 0.025390625
