0 0.216796875 0.609375 0.61328125 0.61328125
0 0.896484375 0.173828125 0.21875 0.21875
0 0.53125 0.859375 0.18359375 0.18359375
0 0.001953125 0.37890625 0.16015625 0.16015625
0 0.8046875 0.3515625 0.130859375 0.130859375
0 0.501953125 0.37890625 0.126953125 0.126953125
0 0.6953125 0.537109375 0.10546875 0.10546875
0 0.08984375 0.123046875 0.09375 0.09375
0 0.689453125 0.095703125 0.087890625 0.087890625
0 0.072265625 0.53515625 0.083984375 0.083984375
0 0.634765625 0.259765625 0.083984375 0.083984375
0 0.673828125 0.95703125 0.08203125 0.08203125
0 0.89453125 0.349609375 0.08203125 0.08203125
0 0.474609375 0.546875 0.07421875 0.07421875
0 0.322265625 0.736328125 0.06640625 0.06640625
0 0.662109375 0.16015625 0.064453125 0.064453125
0 0.359375 0.1328125 0.060546875 0.060546875
0 0.220703125 0.056640625 0.05859375 0.05859375
0 0.189453125 0.595703125 0.05859375 0.05859375
0 0.53125 0.6796875 0.05859375 0.05859375
0 0.203125 0.9375 0.0546875 0.0546875
0 0.119140625 0.46875 0.05078125 0.05078125
0 0.373046875 0.236328125 0.046875 0.046875
0 0.328125 0.005859375 0.046875 0.046875
0 0.369140625 0.84375 0.04296875 0.04296875
0 0.3828125 0.62890625 0.041015625 0.041015625
0 0.84375 0.51953125 0.0390625 0.0390625
0 0.037109375 0.28125 0.0390625 0.0390625
0 0.576171875 0.45703125 0.037109375 0.037109375
0 0.3359375 0.0625 0.037109375 0.037109375
0 0.77734375 0.255859375 0.03515625 0.03515625
0 0.630859375 0.89453125 0.03515625 0.03515625
0 0.552734375 0.642578125 0.03515625 0.03515625
0 0.0703125 0.337890625 0.033203125 0.033203125
0 0.53125 0.298828125 0.033203125 0.033203125
0 0.08203125 0.439453125 0.03125 0.03125
0 0.580078125 0.16796875 0.03125 0.03125
0 0.90625 0.2421875 0.03125 0.03125
0 0.029296875 0.044921875 0.02734375 0.02734375
0 0.619140625 0.501953125 0.02734375 0.02734375
0 0.962890625 0.228515625 0.02734375 0.02734375
0 0.818359375 0.390625 0.02734375 0.02734375
0 0.130859375 0.916015625 0.025390625 0.025390625
