0 0.189453125 0.7421875 0.23828125 0.23828125
0 0.34765625 0.484375 0.236328125 0.236328125
0 0.5625 0.80078125 0.21484375 0.21484375
0 0.671875 0.48046875 0.189453125 0.189453125
0 0.638671875 0.7421875 0.158203125 0.158203125
0 0.28125 0.392578125 0.14453125 0.14453125
0 0.046875 0.130859375 0.119140625 0.119140625
0 0.244140625 0.84375 0.099609375 0.099609375
0 0.48046875 0.693359375 0.09765625 0.09765625
0 0.607421875 0.087890625 0.091796875 0.091796875
0 0.271484375 0.51171875 0.087890625 0.087890625
0 0.44140625 0.849609375 0.087890625 0.087890625
0 0.990234375 0.3359375 0.087890625 0.087890625
0 0.416015625 0.10546875 0.083984375 0.083984375
0 0.177734375 0.166015625 0.08203125 0.08203125
0 0.736328125 0.79296875 0.076171875 0.076171875
0 0.671875 0.564453125 0.07421875 0.07421875
0 0.03515625 0.20703125 0.056640625 0.056640625
0 0.71875 0.212890625 0.0546875 0.0546875
0 0.44921875 0.052734375 0.048828125 0.048828125
0 0.4140625 0.306640625 0.046875 0.046875
0 0.21484375 0.6015625 0.044921875 0.044921875
0 0.365234375 0.25390625 0.04296875 0.04296875
0 0.05859375 0.79296875 0.04296875 0.04296875
0 0.859375 0.892578125 0.04296875 0.04296875
0 0.255859375 0.751953125 0.041015625 0.041015625
0 0.482421875 0.30859375 0.0390625 0.0390625
0 0.583984375 0.13671875 0.0390625 0.0390625
0 0.953125 0.857421875 0.037109375 0.037109375
0 0.130859375 0.20703125 0.037109375 0.037109375
0 0.75390625 0.162109375 0.03515625 0.03515625
0 0.75390625 0.232421875 0.033203125 0.033203125
0 0.15234375 0.990234375 0.033203125 0.033203125
0 0.505859375 0.466796875 0.033203125 0.033203125
0 0.078125 0.322265625 0.03125 0.03125
0 0.45703125 0.369140625 0.03125 0.03125
0 0.224609375 0.111328125 0.03125 0.03125
0 0.814453125 0.544921875 0.03125 0.03125
0 0.71875 0.60546875 0.029296875 0.029296875
0 0.765625 0.634765625 0.029296875 0.029296875
0 0.810546875 0.6328125 0.029296875 0.029296875
0 0.94140625 0.912109375 0.02734375 0.02734375
0 0.494140625 0.294921875 0.02734375 0.02734375
0 0.62109375 0.53125 0.02734375 0.02734375
0 0.109375 0.591796875 0.02734375 0.02734375
0 0.841796875 0.109375 0.02734375 0.02734375
0 0.763671875 0.025390625 0.02734375 0.02734375
0 0.533203125 0.884765625 0.02734375 0.02734375
0 0.806640625 0.1171875 0.025390625 0.025390625
0 0.0 0.2734375 0.025390625 0.025390625
