0 0.251953125 0.826171875 0.0703125 0.0703125
0 0.15625 0.71484375 0.056640625 0.056640625
0 0.53125 0.44921875 0.048828125 0.048828125
0 0.810546875 0.837890625 0.046875 0.046875
0 0.189453125 0.939453125 0.046875 0.046875
0 0.859375 0.37109375 0.04296875 0.04296875
0 0.71484375 0.826171875 0.0390625 0.0390625
0 0.904296875 0.224609375 0.03515625 0.03515625
0 0.3515625 0.40625 0.029296875 0.029296875
0 0.951171875 0.873046875 0.02734375 0.02734375
0 0.142578125 0.1484375 0.025390625 0.025390625
