0 0.56640625 0.630859375 0.2265625 0.2265625
0 0.0546875 0.78125 0.212890625 0.212890625
0 0.775390625 0.69140625 0.1484375 0.1484375
0 0.22265625 0.125 0.123046875 0.123046875
0 0.462890625 0.1328125 0.11328125 0.11328125
0 0.607421875 0.041015625 0.111328125 0.111328125
0 0.4765625 0.5859375 0.095703125 0.095703125
0 0.3828125 0.6015625 0.09375 0.09375
0 0.640625 0.26953125 0.09375 0.09375
0 0.052734375 0.060546875 0.087890625 0.087890625
0 0.75390625 0.37109375 0.080078125 0.080078125
0 0.103515625 0.009765625 0.078125 0.078125
0 0.513671875 0.525390625 0.076171875 0.076171875
0 0.716796875 0.259765625 0.068359375 0.068359375
0 0.306640625 0.771484375 0.068359375 0.068359375
0 0.4453125 0.9375 0.060546875 0.060546875
0 0.009765625 0.51171875 0.060546875 0.060546875
0 0.0234375 0.890625 0.060546875 0.060546875
0 0.779296875 0.115234375 0.05859375 0.05859375
0 0.140625 0.576171875 0.056640625 0.056640625
0 0.712890625 0.0078125 0.0546875 0.0546875
0 0.880859375 0.833984375 0.0546875 0.0546875
0 0.30078125 0.541015625 0.0546875 0.0546875
0 0.83984375 0.00390625 0.05078125 0.05078125
0 0.26171875 0.857421875 0.05078125 0.05078125
0 0.8984375 0.96875 0.044921875 0.044921875
0 0.755859375 0.0390625 0.041015625 0.041015625
0 0.810546875 0.529296875 0.041015625 0.041015625
0 0.66015625 0.13671875 0.041015625 0.041015625
0 0.341796875 0.498046875 0.041015625 0.041015625
0 0.6015625 0.818359375 0.0390625 0.0390625
0 0.794921875 0.046875 0.037109375 0.037109375
0 0.888671875 0.697265625 0.037109375 0.037109375
0 0.728515625 0.85546875 0.03515625 0.03515625
0 0.8203125 0.740234375 0.03515625 0.03515625
0 0.5859375 0.470703125 0.03515625 0.03515625
0 0.55078125 0.078125 0.033203125 0.033203125
0 0.666015625 0.095703125 0.03125 0.03125
0 0.330078125 0.162109375 0.03125 0.03125
0 0.53125 0.591796875 0.029296875 0.029296875
0 0.80859375 0.4453125 0.02734375 0.02734375
0 0.79296875 0.740234375 0.02734375 0.02734375
0 0.24609375 0.833984375 0.02734375 0.02734375
0 0.94140625 0.666015625 0.025390625 0.025390625
