0 0.009765625 0.4453125 0.267578125 0.267578125
0 0.193359375 0.419921875 0.1875 0.1875
0 0.029296875 0.37109375 0.177734375 0.177734375
0 0.1484375 0.173828125 0.162109375 0.162109375
0 0.42578125 0.966796875 0.16015625 0.16015625
0 0.552734375 0.36328125 0.13671875 0.13671875
0 0.138671875 0.974609375 0.1171875 0.1171875
0 0.392578125 0.162109375 0.099609375 0.099609375
0 0.83203125 0.328125 0.095703125 0.095703125
0 0.09375 0.0390625 0.08984375 0.08984375
0 0.8515625 0.896484375 0.083984375 0.083984375
0 0.0859375 0.12890625 0.076171875 0.076171875
0 0.44140625 0.908203125 0.0703125 0.0703125
0 0.447265625 0.146484375 0.068359375 0.068359375
0 0.5234375 0.87109375 0.06640625 0.06640625
0 0.921875 0.060546875 0.0625 0.0625
0 0.197265625 0.724609375 0.060546875 0.060546875
0 0.3984375 0.033203125 0.056640625 0.056640625
0 0.81640625 0.26171875 0.056640625 0.056640625
0 0.712890625 0.10546875 0.052734375 0.052734375
0 0.9453125 0.720703125 0.05078125 0.05078125
0 0.03515625 0.166015625 0.048828125 0.048828125
0 0.970703125 0.59765625 0.044921875 0.044921875
0 0.060546875 0.314453125 0.044921875 0.044921875
0 0.47265625 0.826171875 0.044921875 0.044921875
0 0.525390625 0.544921875 0.04296875 0.04296875
0 0.451171875 0.5234375 0.04296875 0.04296875
0 0.93359375 0.341796875 0.041015625 0.041015625
0 0.869140625 0.3984375 0.041015625 0.041015625
0 0.853515625 0.841796875 0.041015625 0.041015625
0 0.134765625 0.470703125 0.0390625 0.0390625
0 0.177734375 0.548828125 0.0390625 0.0390625
0 0.6875 0.470703125 0.037109375 0.037109375
0 0.3203125 0.625 0.037109375 0.037109375
0 0.857421875 0.009765625 0.03515625 0.03515625
0 0.890625 0.16796875 0.03515625 0.03515625
0 0.4140625 0.44140625 0.03515625 0.03515625
0 0.150390625 0.494140625 0.033203125 0.033203125
0 0.79296875 0.10546875 0.033203125 0.033203125
0 0.896484375 0.798828125 0.03125 0.03125
0 0.861328125 0.806640625 0.03125 0.03125
0 0.072265625 0.44140625 0.03125 0.03125
0 0.326171875 0.287109375 0.03125 0.03125
0 0.861328125 0.248046875 0.029296875 0.029296875
0 0.3515625 0.4296875 0.02734375 0.02734375
0 0.724609375 0.68359375 0.02734375 0.02734375
0 0.130859375 0.416015625 0.025390625 0.025390625
0 0.517578125 0.6796875 0.025390625 0.025390625
0 0.30859375 0.4453125 0.025390625 0.025390625
