0 0.142578125 0.873046875 0.28125 0.28125
0 0.1015625 0.232421875 0.171875 0.171875
0 0.45703125 0.103515625 0.146484375 0.146484375
0 0.841796875 0.427734375 0.126953125 0.126953125
0 0.583984375 0.583984375 0.125 0.125
0 0.279296875 0.044921875 0.123046875 0.123046875
0 0.21875 0.17578125 0.11328125 0.11328125
0 0.03125 0.755859375 0.10546875 0.10546875
0 0.830078125 0.646484375 0.095703125 0.095703125
0 0.5625 0.798828125 0.095703125 0.095703125
0 0.353515625 0.548828125 0.095703125 0.095703125
0 0.966796875 0.658203125 0.09375 0.09375
0 0.57421875 0.26953125 0.091796875 0.091796875
0 0.123046875 0.857421875 0.08984375 0.08984375
0 0.224609375 0.59765625 0.08984375 0.08984375
0 0.505859375 0.869140625 0.087890625 0.087890625
0 0.30859375 0.068359375 0.0859375 0.0859375
0 0.16796875 0.529296875 0.080078125 0.080078125
0 0.626953125 0.48828125 0.078125 0.078125
0 0.36328125 0.95703125 0.076171875 0.076171875
0 0.078125 0.90234375 0.0703125 0.0703125
0 0.404296875 0.361328125 0.0703125 0.0703125
0 0.28515625 0.298828125 0.0625 0.0625
0 0.376953125 0.486328125 0.0625 0.0625
0 0.2890625 0.994140625 0.0625 0.0625
0 0.0703125 0.142578125 0.060546875 0.060546875
0 0.33984375 0.15625 0.05859375 0.05859375
0 0.087890625 0.984375 0.0546875 0.0546875
0 0.439453125 0.4140625 0.052734375 0.052734375
0 0.720703125 0.1015625 0.052734375 0.052734375
0 0.578125 0.392578125 0.052734375 0.052734375
0 0.146484375 0.138671875 0.048828125 0.048828125
0 0.73046875 0.880859375 0.048828125 0.048828125
0 0.9140625 0.947265625 0.046875 0.046875
0 0.6875 0.857421875 0.046875 0.046875
0 0.521484375 0.46484375 0.044921875 0.044921875
0 0.759765625 0.6328125 0.044921875 0.044921875
0 0.23828125 0.73046875 0.044921875 0.044921875
0 0.994140625 0.423828125 0.04296875 0.04296875
0 0.83203125 0.72265625 0.04296875 0.04296875
0 0.48046875 0.40625 0.04296875 0.04296875
0 0.27734375 0.806640625 0.041015625 0.041015625
0 0.814453125 0.904296875 0.041015625 0.041015625
0 0.548828125 0.40625 0.041015625 0.041015625
0 0.828125 0.89453125 0.041015625 0.041015625
0 0.9140625 0.0703125 0.041015625 0.041015625
0 0.767578125 0.31640625 0.0390625 0.0390625
0 0.435546875 0.185546875 0.037109375 0.037109375
0 0.76953125 0.27734375 0.03515625 0.03515625
0 0.9140625 0.826171875 0.03515625 0.03515625
0 0.052734375 0.548828125 0.03515625 0.03515625
0 0.98046875 0.029296875 0.03515625 0.03515625
0 0.748046875 0.849609375 0.03515625 0.03515625
0 0.41796875 0.68359375 0.03515625 0.03515625
0 0.87109375 0.142578125 0.033203125 0.033203125
0 0.912109375 0.458984375 0.03125 0.03125
0 0.029296875 0.673828125 0.03125 0.03125
0 0.1484375 0.650390625 0.03125 0.03125
0 0.109375 0.51171875 0.03125 0.03125
0 0.568359375 0.419921875 0.03125 0.03125
0 0.91796875 0.884765625 0.029296875 0.029296875
0 0.421875 0.501953125 0.029296875 0.029296875
0 0.630859375 0.2421875 0.029296875 0.029296875
0 0.412109375 0.736328125 0.02734375 0.02734375
0 0.74609375 0.13671875 0.02734375 0.02734375
0 0.193359375 0.912109375 0.02734375 0.02734375
0 0.771484375 0.2421875 0.02734375 0.02734375
0 0.173828125 0.365234375 0.02734375 0.02734375
0 0.662109375 0.84375 0.025390625 0.025390625
0 0.767578125 0.810546875 0.025390625 0.025390625
0 0.744140625 0.517578125 0.025390625 0.025390625
0 0.955078125 0.203125 0.025390625 0.025390625
0 0.623046875 0.10546875 0.025390625 0.025390625
