0 0.552734375 0.619140625 0.22265625 0.22265625
0 0.158203125 0.94921875 0.16796875 0.16796875
0 0.1796875 0.302734375 0.103515625 0.103515625
0 0.478515625 0.978515625 0.07421875 0.07421875
0 0.912109375 0.14453125 0.0703125 0.0703125
0 0.767578125 0.26953125 0.064453125 0.064453125
0 0.34375 0.306640625 0.060546875 0.060546875
0 0.03125 0.92578125 0.056640625 0.056640625
0 0.4921875 0.87890625 0.0546875 0.0546875
0 0.6328125 0.279296875 0.046875 0.046875
0 0.716796875 0.728515625 0.046875 0.046875
0 0.65625 0.751953125 0.04296875 0.04296875
0 0.30078125 0.62890625 0.041015625 0.041015625
0 0.71875 0.66015625 0.041015625 0.041015625
0 0.619140625 0.251953125 0.0390625 0.0390625
0 0.623046875 0.3046875 0.0390625 0.0390625
0 0.576171875 0.9921875 0.03515625 0.03515625
0 0.896484375 0.873046875 0.033203125 0.033203125
0 0.33203125 0.1328125 0.03125 0.03125
0 0.068359375 0.62109375 0.029296875 0.029296875
0 0.892578125 0.919921875 0.029296875 0.029296875
0 0.955078125 0.20703125 0.029296875 0.029296875
0 0.7890625 0.15625 0.02734375 0.02734375
0 0.427734375 0.142578125 0.02734375 0.02734375
0 0.65234375 0.859375 0.025390625 0.025390625
0 0.83984375 0.568359375 0.025390625 0.025390625
0 0.47265625 0.234375 0.025390625 0.025390625
0 0.33984375 0.611328125 0.025390625 0.025390625
