0 0.513671875 0.07421875 0.287109375 0.287109375
0 0.990234375 0.109375 0.23046875 0.23046875
0 0.203125 0.494140625 0.216796875 0.216796875
0 0.619140625 0.267578125 0.181640625 0.181640625
0 0.650390625 0.83984375 0.15625 0.15625
0 0.52734375 0.759765625 0.12890625 0.12890625
0 0.98828125 0.3359375 0.126953125 0.126953125
0 0.041015625 0.181640625 0.125 0.125
0 0.42578125 0.005859375 0.08984375 0.08984375
0 0.94921875 0.783203125 0.0859375 0.0859375
0 0.26953125 0.69140625 0.080078125 0.080078125
0 0.87109375 0.876953125 0.0703125 0.0703125
0 0.822265625 0.55078125 0.068359375 0.068359375
0 0.318359375 0.400390625 0.064453125 0.064453125
0 0.54296875 0.57421875 0.0625 0.0625
0 0.654296875 0.830078125 0.05859375 0.05859375
0 0.134765625 0.626953125 0.052734375 0.052734375
0 0.27734375 0.208984375 0.05078125 0.05078125
0 0.552734375 0.697265625 0.048828125 0.048828125
0 0.80859375 0.611328125 0.046875 0.046875
0 0.431640625 0.794921875 0.04296875 0.04296875
0 0.37890625 0.70703125 0.041015625 0.041015625
0 0.15234375 0.888671875 0.0390625 0.0390625
0 0.662109375 0.453125 0.03515625 0.03515625
0 0.392578125 0.4765625 0.03515625 0.03515625
0 0.724609375 0.814453125 0.033203125 0.033203125
0 0.798828125 0.62109375 0.033203125 0.033203125
0 0.865234375 0.8203125 0.03125 0.03125
0 0.8515625 0.0234375 0.029296875 0.029296875
0 0.517578125 0.669921875 0.02734375 0.02734375
0 0.166015625 0.9453125 0.02734375 0.02734375
0 0.91015625 0.5546875 0.02734375 0.02734375
0 0.216796875 0.49609375 0.02734375 0.02734375
