0 0.888671875 0.0 0.134765625 0.134765625
0 0.01171875 0.4609375 0.130859375 0.130859375
0 0.326171875 0.79296875 0.126953125 0.126953125
0 0.810546875 0.9765625 0.1171875 0.1171875
0 0.5078125 0.822265625 0.109375 0.109375
0 0.90625 0.1484375 0.095703125 0.095703125
0 0.5625 0.583984375 0.076171875 0.076171875
0 0.412109375 0.982421875 0.0703125 0.0703125
0 0.408203125 0.15625 0.0625 0.0625
0 0.56640625 0.228515625 0.0625 0.0625
0 0.130859375 0.732421875 0.0546875 0.0546875
0 0.8203125 0.912109375 0.052734375 0.052734375
0 0.103515625 0.68359375 0.052734375 0.052734375
0 0.119140625 0.009765625 0.052734375 0.052734375
0 0.705078125 0.083984375 0.05078125 0.05078125
0 0.06640625 0.009765625 0.05078125 0.05078125
0 0.560546875 0.787109375 0.048828125 0.048828125
0 0.658203125 0.533203125 0.046875 0.046875
0 0.984375 0.828125 0.04296875 0.04296875
0 0.232421875 0.908203125 0.041015625 0.041015625
0 0.837890625 0.12109375 0.041015625 0.041015625
0 0.04296875 0.02734375 0.0390625 0.0390625
0 0.658203125 0.513671875 0.037109375 0.037109375
0 0.294921875 0.578125 0.037109375 0.037109375
0 0.396484375 0.662109375 0.029296875 0.029296875
0 0.728515625 0.99609375 0.029296875 0.029296875
0 0.28125 0.2109375 0.029296875 0.029296875
0 0.646484375 0.103515625 0.029296875 0.029296875
0 0.189453125 0.423828125 0.029296875 0.029296875
0 0.396484375 0.55859375 0.02734375 0.02734375
0 0.751953125 0.80078125 0.02734375 0.02734375
0 0.228515625 0.41796875 0.02734375 0.02734375
0 0.744140625 0.142578125 0.025390625 0.025390625
0 0.05859375 0.384765625 0.025390625 0.025390625
