0 0.39453125 0.0078125 0.138671875 0.138671875
0 0.771484375 0.447265625 0.130859375 0.130859375
0 0.466796875 0.646484375 0.0859375 0.0859375
0 0.951171875 0.755859375 0.068359375 0.068359375
0 0.978515625 0.662109375 0.060546875 0.060546875
0 0.814453125 0.337890625 0.056640625 0.056640625
0 0.109375 0.380859375 0.05078125 0.05078125
0 0.76171875 0.802734375 0.048828125 0.048828125
0 0.01171875 0.677734375 0.041015625 0.041015625
0 0.568359375 0.66015625 0.0390625 0.0390625
0 0.89453125 0.345703125 0.03515625 0.03515625
0 0.478515625 0.0703125 0.033203125 0.033203125
0 0.55078125 0.09765625 0.033203125 0.033203125
0 0.47265625 0.392578125 0.033203125 0.033203125
0 0.751953125 0.8203125 0.033203125 0.033203125
0 0.669921875 0.169921875 0.033203125 0.033203125
0 0.98046875 0.80859375 0.029296875 0.029296875
0 0.26171875 0.251953125 0.02734375 0.02734375
