0 0.29296875 0.2890625 0.244140625 0.244140625
0 0.56640625 0.36328125 0.103515625 0.103515625
0 0.193359375 0.541015625 0.080078125 0.080078125
0 0.9765625 0.35546875 0.04296875 0.04296875
0 0.427734375 0.29296875 0.037109375 0.037109375
0 0.251953125 0.1484375 0.03125 0.03125
0 0.716796875 0.642578125 0.03125 0.03125
0 0.80859375 0.5546875 0.029296875 0.029296875
0 0.779296875 0.3203125 0.02734375 0.02734375
0 0.73828125 0.390625 0.025390625 0.025390625
0 0.322265625 0.9453125 0.251953125 0.251953125
0 0.65625 0.705078125 0.052734375 0.052734375
0 0.119140625 0.798828125 0.037109375 0.037109375
