0 0.291015625 0.0 0.08984375 0.08984375
0 0.373046875 0.75390625 0.087890625 0.087890625
0 0.658203125 0.08203125 0.0625 0.0625
0 0.513671875 0.68359375 0.0625 0.0625
0 0.41015625 0.015625 0.056640625 0.056640625
0 0.294921875 0.8046875 0.052734375 0.052734375
0 0.376953125 0.857421875 0.046875 0.046875
0 0.49609375 0.7421875 0.041015625 0.041015625
0 0.923828125 0.640625 0.033203125 0.033203125
0 0.2734375 0.908203125 0.02734375 0.02734375
0 0.81640625 0.71484375 0.025390625 0.025390625
0 0.203125 0.47265625 0.025390625 0.025390625
