0 0.828125 0.130859375 0.1328125 0.1328125
0 0.015625 0.275390625 0.107421875 0.107421875
0 0.240234375 0.2421875 0.10546875 0.10546875
0 0.3046875 0.0 0.080078125 0.080078125
0 0.32421875 0.18359375 0.078125 0.078125
0 0.255859375 0.048828125 0.052734375 0.052734375
0 0.42578125 0.15625 0.048828125 0.048828125
0 0.3671875 0.203125 0.048828125 0.048828125
0 0.158203125 0.080078125 0.04296875 0.04296875
0 0.126953125 0.0703125 0.04296875 0.04296875
0 0.513671875 0.2734375 0.0390625 0.0390625
0 0.1953125 0.091796875 0.03515625 0.03515625
0 0.501953125 0.248046875 0.033203125 0.033203125
0 0.458984375 0.22265625 0.029296875 0.029296875
0 0.904296875 0.32421875 0.02734375 0.02734375
0 0.224609375 0.03515625 0.025390625 0.025390625
0 0.90625 0.564453125 0.201171875 0.201171875
0 0.33203125 0.390625 0.16015625 0.16015625
0 0.140625 0.97265625 0.1484375 0.1484375
0 0.361328125 0.9375 0.13671875 0.13671875
0 0.064453125 0.5859375 0.11328125 0.11328125
0 0.728515625 0.9296875 0.10546875 0.10546875
0 0.041015625 0.544921875 0.087890625 0.087890625
0 0.314453125 0.341796875 0.064453125 0.064453125
0 0.1328125 0.599609375 0.064453125 0.064453125
0 0.21484375 0.478515625 0.05859375 0.05859375
0 0.775390625 0.625 0.05859375 0.05859375
0 0.939453125 0.73046875 0.056640625 0.056640625
0 0.056640625 0.9296875 0.044921875 0.044921875
0 0.59765625 0.412109375 0.044921875 0.044921875
0 0.18359375 0.359375 0.044921875 0.044921875
0 0.515625 0.416015625 0.04296875 0.04296875
0 0.26171875 0.544921875 0.0390625 0.0390625
0 0.587890625 0.509765625 0.0390625 0.0390625
0 0.50390625 0.728515625 0.037109375 0.037109375
0 0.7578125 0.43359375 0.037109375 0.037109375
0 0.181640625 0.642578125 0.03515625 0.03515625
0 0.685546875 0.720703125 0.03515625 0.03515625
0 0.10546875 0.7578125 0.03515625 0.03515625
0 0.7890625 0.705078125 0.033203125 0.033203125
0 0.951171875 0.958984375 0.033203125 0.033203125
0 0.25390625 0.572265625 0.033203125 0.033203125
0 0.61328125 0.7890625 0.03125 0.03125
0 0.861328125 0.666015625 0.03125 0.03125
0 0.009765625 0.5 0.03125 0.03125
0 0.80859375 0.7734375 0.029296875 0.029296875
0 0.546875 0.75 0.029296875 0.029296875
0 0.046875 0.365234375 0.02734375 0.02734375
0 0.826171875 0.796875 0.02734375 0.02734375
0 0.556640625 0.513671875 0.025390625 0.025390625
0 0.76171875 0.66796875 0.025390625 0.025390625
