0 0.08203125 0.296875 0.333984375 0.333984375
0 0.642578125 0.314453125 0.19921875 0.19921875
0 0.64453125 0.099609375 0.18359375 0.18359375
0 0.94921875 0.740234375 0.15234375 0.15234375
0 0.287109375 0.962890625 0.15234375 0.15234375
0 0.125 0.73828125 0.115234375 0.115234375
0 0.36328125 0.77734375 0.0859375 0.0859375
0 0.904296875 0.0859375 0.08203125 0.08203125
0 0.55859375 0.890625 0.080078125 0.080078125
0 0.53515625 0.685546875 0.07421875 0.07421875
0 0.939453125 0.216796875 0.0703125 0.0703125
0 0.896484375 0.42578125 0.0625 0.0625
0 0.30859375 0.064453125 0.05859375 0.05859375
0 0.181640625 0.064453125 0.05078125 0.05078125
0 0.650390625 0.55859375 0.04296875 0.04296875
0 0.056640625 0.892578125 0.041015625 0.041015625
0 0.55078125 0.876953125 0.0390625 0.0390625
0 0.494140625 0.94921875 0.0390625 0.0390625
0 0.380859375 0.544921875 0.037109375 0.037109375
0 0.765625 0.84375 0.037109375 0.037109375
0 0.703125 0.966796875 0.037109375 0.037109375
0 0.0859375 0.0546875 0.03515625 0.03515625
0 0.07421875 0.685546875 0.03515625 0.03515625
0 0.74609375 0.865234375 0.033203125 0.033203125
0 0.234375 0.544921875 0.033203125 0.033203125
0 0.634765625 0.798828125 0.033203125 0.033203125
0 0.29296875 0.021484375 0.03125 0.03125
0 0.0234375 0.779296875 0.03125 0.03125
0 0.560546875 0.57421875 0.03125 0.03125
0 0.916015625 0.513671875 0.03125 0.03125
0 0.630859375 0.34765625 0.029296875 0.029296875
0 0.197265625 0.646484375 0.029296875 0.029296875
0 0.17578125 0.689453125 0.02734375 0.02734375
0 0.4609375 0.083984375 0.02734375 0.02734375
0 0.25390625 0.267578125 0.02734375 0.02734375
0 0.453125 0.1484375 0.02734375 0.02734375
