0 0.587890625 0.130859375 0.38671875 0.38671875
0 0.095703125 0.919921875 0.17578125 0.17578125
0 0.17578125 0.736328125 0.150390625 0.150390625
0 0.642578125 0.677734375 0.13671875 0.13671875
0 0.861328125 0.326171875 0.130859375 0.130859375
0 0.365234375 0.5078125 0.119140625 0.119140625
0 0.146484375 0.80859375 0.1171875 0.1171875
0 0.21875 0.6171875 0.1171875 0.1171875
0 0.44140625 0.552734375 0.099609375 0.099609375
0 0.109375 0.908203125 0.09765625 0.09765625
0 0.474609375 0.462890625 0.09375 0.09375
0 0.548828125 0.818359375 0.09375 0.09375
0 0.673828125 0.830078125 0.08984375 0.08984375
0 0.69921875 0.486328125 0.0859375 0.0859375
0 0.861328125 0.052734375 0.08203125 0.08203125
0 0.939453125 0.90234375 0.076171875 0.076171875
0 0.9453125 0.81640625 0.07421875 0.07421875
0 0.6640625 0.90625 0.072265625 0.072265625
0 0.92578125 0.55859375 0.068359375 0.068359375
0 0.8359375 0.8203125 0.0625 0.0625
0 0.486328125 0.609375 0.060546875 0.060546875
0 0.009765625 0.8671875 0.05859375 0.05859375
0 0.181640625 0.970703125 0.056640625 0.056640625
0 0.296875 0.4765625 0.056640625 0.056640625
0 0.923828125 0.041015625 0.048828125 0.048828125
0 0.953125 0.400390625 0.04296875 0.04296875
0 0.72265625 0.58203125 0.041015625 0.041015625
0 0.62109375 0.4765625 0.041015625 0.041015625
0 0.724609375 0.662109375 0.041015625 0.041015625
0 0.162109375 0.466796875 0.041015625 0.041015625
0 0.318359375 0.80078125 0.0390625 0.0390625
0 0.119140625 0.40234375 0.0390625 0.0390625
0 0.96875 0.1640625 0.037109375 0.037109375
0 0.966796875 0.36328125 0.03515625 0.03515625
0 0.927734375 0.140625 0.03515625 0.03515625
0 0.337890625 0.748046875 0.033203125 0.033203125
0 0.625 0.716796875 0.033203125 0.033203125
0 0.798828125 0.638671875 0.033203125 0.033203125
0 0.29296875 0.123046875 0.03125 0.03125
0 0.32421875 0.994140625 0.03125 0.03125
0 0.6640625 0.765625 0.03125 0.03125
0 0.970703125 0.958984375 0.03125 0.03125
0 0.048828125 0.767578125 0.029296875 0.029296875
0 0.294921875 0.7890625 0.029296875 0.029296875
0 0.51171875 0.734375 0.029296875 0.029296875
0 0.619140625 0.482421875 0.025390625 0.025390625
0 0.361328125 0.5234375 0.025390625 0.025390625
0 0.552734375 0.373046875 0.025390625 0.025390625
