0 0.279296875 0.326171875 0.173828125 0.173828125
0 0.009765625 0.02734375 0.12890625 0.12890625
0 0.240234375 0.45703125 0.126953125 0.126953125
0 0.03125 0.89453125 0.126953125 0.126953125
0 0.212890625 0.51953125 0.099609375 0.099609375
0 0.83203125 0.451171875 0.09375 0.09375
0 0.203125 0.318359375 0.08984375 0.08984375
0 0.134765625 0.166015625 0.08984375 0.08984375
0 0.296875 0.544921875 0.08984375 0.08984375
0 0.61328125 0.353515625 0.08203125 0.08203125
0 0.974609375 0.865234375 0.080078125 0.080078125
0 0.44140625 0.7578125 0.076171875 0.076171875
0 0.353515625 0.068359375 0.06640625 0.06640625
0 0.1953125 0.095703125 0.064453125 0.064453125
0 0.50390625 0.2265625 0.0625 0.0625
0 0.71484375 0.703125 0.060546875 0.060546875
0 0.951171875 0.287109375 0.05859375 0.05859375
0 0.73828125 0.734375 0.05859375 0.05859375
0 0.083984375 0.18359375 0.05859375 0.05859375
0 0.2734375 0.873046875 0.056640625 0.056640625
0 0.19140625 0.423828125 0.048828125 0.048828125
0 0.310546875 0.904296875 0.044921875 0.044921875
0 0.484375 0.36328125 0.044921875 0.044921875
0 0.38671875 0.041015625 0.044921875 0.044921875
0 0.525390625 0.638671875 0.04296875 0.04296875
0 0.447265625 0.177734375 0.04296875 0.04296875
0 0.14453125 0.759765625 0.04296875 0.04296875
0 0.5078125 0.13671875 0.041015625 0.041015625
0 0.166015625 0.919921875 0.0390625 0.0390625
0 0.232421875 0.6171875 0.0390625 0.0390625
0 0.865234375 0.328125 0.037109375 0.037109375
0 0.7578125 0.70703125 0.037109375 0.037109375
0 0.9921875 0.94140625 0.037109375 0.037109375
0 0.7734375 0.220703125 0.03515625 0.03515625
0 0.232421875 0.13671875 0.03125 0.03125
0 0.474609375 0.119140625 0.03125 0.03125
0 0.544921875 0.1640625 0.03125 0.03125
0 0.3671875 0.697265625 0.03125 0.03125
0 0.919921875 0.65625 0.029296875 0.029296875
0 0.20703125 0.056640625 0.029296875 0.029296875
0 0.0390625 0.537109375 0.029296875 0.029296875
0 0.3046875 0.16796875 0.029296875 0.029296875
0 0.13671875 0.4921875 0.029296875 0.029296875
0 0.34765625 0.103515625 0.029296875 0.029296875
0 0.455078125 0.48828125 0.025390625 0.025390625
0 0.50390625 0.505859375 0.025390625 0.025390625
0 0.361328125 0.296875 0.025390625 0.025390625
0 0.736328125 0.40625 0.025390625 0.025390625
