0 0.8515625 0.23046875 0.17578125 0.17578125
0 0.134765625 0.150390625 0.07421875 0.07421875
0 0.8984375 0.169921875 0.0546875 0.0546875
0 0.15234375 0.021484375 0.048828125 0.048828125
0 0.83203125 0.134765625 0.037109375 0.037109375
0 0.470703125 0.0546875 0.037109375 0.037109375
0 0.892578125 0.009765625 0.03515625 0.03515625
0 0.818359375 0.169921875 0.03125 0.03125
0 0.060546875 0.28125 0.029296875 0.029296875
0 0.146484375 0.08984375 0.029296875 0.029296875
0 0.970703125 0.033203125 0.02734375 0.02734375
0 0.98046875 0.076171875 0.02734375 0.02734375
0 0.447265625 0.28515625 0.025390625 0.025390625
0 0.541015625 0.482421875 0.171875 0.171875
0 0.84375 0.8125 0.140625 0.140625
0 0.982421875 0.556640625 0.1171875 0.1171875
0 0.96484375 0.78125 0.111328125 0.111328125
0 0.666015625 0.708984375 0.087890625 0.087890625
0 0.259765625 0.47265625 0.078125 0.078125
0 0.86328125 0.6171875 0.076171875 0.076171875
0 0.724609375 0.55859375 0.068359375 0.068359375
0 0.046875 0.689453125 0.06640625 0.06640625
0 0.73828125 0.71875 0.064453125 0.064453125
0 0.892578125 0.732421875 0.0625 0.0625
0 0.173828125 0.751953125 0.060546875 0.060546875
0 0.30078125 0.669921875 0.060546875 0.060546875
0 0.388671875 0.591796875 0.056640625 0.056640625
0 0.10546875 0.59765625 0.04296875 0.04296875
0 0.5546875 0.849609375 0.04296875 0.04296875
0 0.939453125 0.896484375 0.041015625 0.041015625
0 0.3203125 0.498046875 0.041015625 0.041015625
0 0.953125 0.37890625 0.03515625 0.03515625
0 0.109375 0.919921875 0.03515625 0.03515625
0 0.494140625 0.96875 0.029296875 0.029296875
0 0.919921875 0.580078125 0.02734375 0.02734375
