0 0.3203125 0.015625 0.140625 0.140625
0 0.89453125 0.220703125 0.109375 0.109375
0 0.162109375 0.09765625 0.083984375 0.083984375
0 0.1875 0.21484375 0.076171875 0.076171875
0 0.80078125 0.025390625 0.076171875 0.076171875
0 0.857421875 0.068359375 0.0703125 0.0703125
0 0.517578125 0.00390625 0.068359375 0.068359375
0 0.46484375 0.177734375 0.04296875 0.04296875
0 0.974609375 0.267578125 0.0390625 0.0390625
0 0.228515625 0.0546875 0.0390625 0.0390625
0 0.08984375 0.193359375 0.037109375 0.037109375
0 0.96484375 0.0 0.033203125 0.033203125
0 0.7578125 0.005859375 0.033203125 0.033203125
0 0.95703125 0.189453125 0.033203125 0.033203125
0 0.720703125 0.30859375 0.03125 0.03125
0 0.05078125 0.234375 0.029296875 0.029296875
0 0.134765625 0.078125 0.029296875 0.029296875
0 0.84375 0.080078125 0.025390625 0.025390625
0 0.974609375 0.552734375 0.392578125 0.392578125
0 0.6328125 0.701171875 0.1875 0.1875
0 0.650390625 0.640625 0.1875 0.1875
0 0.009765625 0.38671875 0.17578125 0.17578125
0 0.67578125 0.373046875 0.15625 0.15625
0 0.36328125 0.625 0.13671875 0.13671875
0 0.619140625 0.966796875 0.1328125 0.1328125
0 0.1875 0.412109375 0.1015625 0.1015625
0 0.578125 0.34375 0.0859375 0.0859375
0 0.447265625 0.53125 0.08203125 0.08203125
0 0.49609375 0.8828125 0.0625 0.0625
0 0.1875 0.736328125 0.056640625 0.056640625
0 0.46484375 0.359375 0.052734375 0.052734375
0 0.51953125 0.990234375 0.052734375 0.052734375
0 0.556640625 0.6875 0.048828125 0.048828125
0 0.94140625 0.5703125 0.048828125 0.048828125
0 0.412109375 0.890625 0.046875 0.046875
0 0.900390625 0.626953125 0.033203125 0.033203125
0 0.21875 0.388671875 0.033203125 0.033203125
0 0.3046875 0.974609375 0.03125 0.03125
0 0.66796875 0.908203125 0.03125 0.03125
0 0.474609375 0.685546875 0.03125 0.03125
0 0.458984375 0.96875 0.029296875 0.029296875
0 0.3671875 0.619140625 0.02734375 0.02734375
0 0.47265625 0.78515625 0.025390625 0.025390625
0 0.5625 0.84765625 0.025390625 0.025390625
