0 0.525390625 0.27734375 0.19921875 0.19921875
0 0.748046875 0.572265625 0.19921875 0.19921875
0 0.005859375 0.6484375 0.123046875 0.123046875
0 0.931640625 0.24609375 0.119140625 0.119140625
0 0.787109375 0.373046875 0.11328125 0.11328125
0 0.796875 0.78125 0.111328125 0.111328125
0 0.384765625 0.412109375 0.099609375 0.099609375
0 0.677734375 0.87890625 0.0859375 0.0859375
0 0.38671875 0.005859375 0.080078125 0.080078125
0 0.498046875 0.03515625 0.078125 0.078125
0 0.294921875 0.4609375 0.0625 0.0625
0 0.9375 0.05859375 0.060546875 0.060546875
0 0.607421875 0.53125 0.05859375 0.05859375
0 0.224609375 0.740234375 0.0546875 0.0546875
0 0.080078125 0.279296875 0.05078125 0.05078125
0 0.701171875 0.587890625 0.048828125 0.048828125
0 0.673828125 0.11328125 0.048828125 0.048828125
0 0.76953125 0.619140625 0.044921875 0.044921875
0 0.078125 0.96875 0.041015625 0.041015625
0 0.451171875 0.263671875 0.037109375 0.037109375
0 0.453125 0.189453125 0.033203125 0.033203125
0 0.865234375 0.3984375 0.03125 0.03125
0 0.353515625 0.05859375 0.03125 0.03125
0 0.759765625 0.9765625 0.029296875 0.029296875
0 0.45703125 0.482421875 0.02734375 0.02734375
0 0.943359375 0.326171875 0.02734375 0.02734375
0 0.345703125 0.8203125 0.02734375 0.02734375
0 0.189453125 0.740234375 0.025390625 0.025390625
