0 0.19140625 0.111328125 0.208984375 0.208984375
0 0.794921875 0.140625 0.103515625 0.103515625
0 0.333984375 0.232421875 0.087890625 0.087890625
0 0.80859375 0.001953125 0.078125 0.078125
0 0.966796875 0.0078125 0.068359375 0.068359375
0 0.42578125 0.02734375 0.068359375 0.068359375
0 0.625 0.16015625 0.064453125 0.064453125
0 0.130859375 0.248046875 0.033203125 0.033203125
0 0.970703125 0.54296875 0.125 0.125
0 0.576171875 0.91796875 0.107421875 0.107421875
0 0.71484375 0.95703125 0.1015625 0.1015625
0 0.779296875 0.607421875 0.078125 0.078125
0 0.474609375 0.462890625 0.064453125 0.064453125
0 0.533203125 0.96875 0.05859375 0.05859375
0 0.53125 0.466796875 0.056640625 0.056640625
0 0.01171875 0.6484375 0.0546875 0.0546875
0 0.1796875 0.490234375 0.046875 0.046875
0 0.00390625 0.49609375 0.044921875 0.044921875
0 0.396484375 0.9140625 0.04296875 0.04296875
