0 0.66015625 0.32421875 0.23046875 0.23046875
0 0.078125 0.904296875 0.20703125 0.20703125
0 0.64453125 0.802734375 0.166015625 0.166015625
0 0.73046875 0.943359375 0.12109375 0.12109375
0 0.904296875 0.125 0.119140625 0.119140625
0 0.7890625 0.908203125 0.119140625 0.119140625
0 0.630859375 0.044921875 0.115234375 0.115234375
0 0.40625 0.51953125 0.11328125 0.11328125
0 0.734375 0.53515625 0.103515625 0.103515625
0 0.3515625 0.66796875 0.103515625 0.103515625
0 0.08984375 0.240234375 0.083984375 0.083984375
0 0.634765625 0.158203125 0.0703125 0.0703125
0 0.84375 0.64453125 0.06640625 0.06640625
0 0.82421875 0.357421875 0.06640625 0.06640625
0 0.513671875 0.4921875 0.060546875 0.060546875
0 0.294921875 0.591796875 0.060546875 0.060546875
0 0.564453125 0.435546875 0.0546875 0.0546875
0 0.89453125 0.59765625 0.0546875 0.0546875
0 0.330078125 0.71484375 0.05078125 0.05078125
0 0.185546875 0.82421875 0.046875 0.046875
0 0.94921875 0.876953125 0.046875 0.046875
0 0.787109375 0.283203125 0.044921875 0.044921875
0 0.505859375 0.12109375 0.041015625 0.041015625
0 0.583984375 0.453125 0.0390625 0.0390625
0 0.794921875 0.259765625 0.0390625 0.0390625
0 0.66015625 0.10546875 0.037109375 0.037109375
0 0.013671875 0.533203125 0.037109375 0.037109375
0 0.689453125 0.466796875 0.037109375 0.037109375
0 0.994140625 0.666015625 0.037109375 0.037109375
0 0.8046875 0.09375 0.03515625 0.03515625
0 0.228515625 0.587890625 0.033203125 0.033203125
0 0.455078125 0.572265625 0.033203125 0.033203125
0 0.146484375 0.685546875 0.03125 0.03125
0 0.37109375 0.45703125 0.03125 0.03125
0 0.0234375 0.26171875 0.029296875 0.029296875
0 0.482421875 0.310546875 0.029296875 0.029296875
0 0.921875 0.439453125 0.02734375 0.02734375
0 0.966796875 0.9765625 0.02734375 0.02734375
0 0.091796875 0.462890625 0.02734375 0.02734375
0 0.86328125 0.935546875 0.025390625 0.025390625
0 0.119140625 0.365234375 0.025390625 0.025390625
