0 0.490234375 0.890625 0.375 0.375
0 0.2109375 0.666015625 0.25 0.25
0 0.4375 0.291015625 0.130859375 0.130859375
0 0.5390625 0.458984375 0.125 0.125
0 0.171875 0.333984375 0.08984375 0.08984375
0 0.09765625 0.984375 0.08984375 0.08984375
0 0.9765625 0.203125 0.087890625 0.087890625
0 0.826171875 0.46875 0.0859375 0.0859375
0 0.84375 0.78515625 0.0859375 0.0859375
0 0.107421875 0.578125 0.083984375 0.083984375
0 0.171875 0.037109375 0.07421875 0.07421875
0 0.873046875 0.04296875 0.068359375 0.068359375
0 0.04296875 0.16015625 0.064453125 0.064453125
0 0.33203125 0.740234375 0.05859375 0.05859375
0 0.970703125 0.6875 0.0546875 0.0546875
0 0.525390625 0.103515625 0.052734375 0.052734375
0 0.546875 0.845703125 0.05078125 0.05078125
0 0.1484375 0.82421875 0.048828125 0.048828125
0 0.458984375 0.408203125 0.046875 0.046875
0 0.583984375 0.16015625 0.046875 0.046875
0 0.9921875 0.806640625 0.046875 0.046875
0 0.587890625 0.154296875 0.044921875 0.044921875
0 0.68359375 0.251953125 0.0390625 0.0390625
0 0.541015625 0.333984375 0.0390625 0.0390625
0 0.068359375 0.201171875 0.037109375 0.037109375
0 0.677734375 0.087890625 0.037109375 0.037109375
0 0.33984375 0.65234375 0.03515625 0.03515625
0 0.6328125 0.49609375 0.03515625 0.03515625
0 0.791015625 0.865234375 0.033203125 0.033203125
0 0.755859375 0.541015625 0.029296875 0.029296875
0 0.3203125 0.662109375 0.029296875 0.029296875
0 0.240234375 0.15234375 0.029296875 0.029296875
0 0.646484375 0.212890625 0.025390625 0.025390625
0 0.986328125 0.291015625 0.025390625 0.025390625
0 0.05078125 0.978515625 0.025390625 0.025390625
