0 0.818359375 0.91015625 0.296875 0.296875
0 0.12109375 0.900390625 0.28515625 0.28515625
0 0.466796875 0.396484375 0.2265625 0.2265625
0 0.447265625 0.755859375 0.158203125 0.158203125
0 0.703125 0.728515625 0.12890625 0.12890625
0 0.669921875 0.625 0.126953125 0.126953125
0 0.8125 0.4375 0.12109375 0.12109375
0 0.806640625 0.322265625 0.1171875 0.1171875
0 0.466796875 0.048828125 0.09375 0.09375
0 0.224609375 0.548828125 0.080078125 0.080078125
0 0.248046875 0.013671875 0.064453125 0.064453125
0 0.384765625 0.916015625 0.064453125 0.064453125
0 0.3671875 0.02734375 0.05859375 0.05859375
0 0.16796875 0.390625 0.056640625 0.056640625
0 0.87109375 0.568359375 0.056640625 0.056640625
0 0.07421875 0.4453125 0.052734375 0.052734375
0 0.83984375 0.48828125 0.048828125 0.048828125
0 0.17578125 0.541015625 0.046875 0.046875
0 0.626953125 0.23828125 0.046875 0.046875
0 0.16796875 0.69921875 0.044921875 0.044921875
0 0.0546875 0.69921875 0.044921875 0.044921875
0 0.8125 0.0703125 0.044921875 0.044921875
0 0.380859375 0.681640625 0.04296875 0.04296875
0 0.298828125 0.783203125 0.041015625 0.041015625
0 0.732421875 0.166015625 0.041015625 0.041015625
0 0.265625 0.46484375 0.041015625 0.041015625
0 0.8203125 0.685546875 0.0390625 0.0390625
0 0.09375 0.34765625 0.0390625 0.0390625
0 0.849609375 0.828125 0.0390625 0.0390625
0 0.30859375 0.89453125 0.0390625 0.0390625
0 0.728515625 0.08203125 0.0390625 0.0390625
0 0.951171875 0.17578125 0.0390625 0.0390625
0 0.509765625 0.208984375 0.03515625 0.03515625
0 0.833984375 0.03125 0.033203125 0.033203125
0 0.65234375 0.587890625 0.033203125 0.033203125
0 0.890625 0.240234375 0.02734375 0.02734375
0 0.384765625 0.423828125 0.02734375 0.02734375
0 0.478515625 0.322265625 0.02734375 0.02734375
0 0.310546875 0.5 0.025390625 0.025390625
