0 0.74609375 0.234375 0.25 0.25
0 0.259765625 0.361328125 0.21875 0.21875
0 0.0234375 0.599609375 0.16015625 0.16015625
0 0.134765625 0.966796875 0.138671875 0.138671875
0 0.720703125 0.0390625 0.119140625 0.119140625
0 0.76953125 0.87890625 0.119140625 0.119140625
0 0.08984375 0.509765625 0.080078125 0.080078125
0 0.53125 0.537109375 0.080078125 0.080078125
0 0.42578125 0.080078125 0.078125 0.078125
0 0.435546875 0.560546875 0.078125 0.078125
0 0.359375 0.796875 0.076171875 0.076171875
0 0.44140625 0.189453125 0.0703125 0.0703125
0 0.291015625 0.12109375 0.06640625 0.06640625
0 0.015625 0.41796875 0.052734375 0.052734375
0 0.375 0.41015625 0.052734375 0.052734375
0 0.90625 0.1640625 0.05078125 0.05078125
0 0.783203125 0.359375 0.046875 0.046875
0 0.046875 0.21484375 0.0390625 0.0390625
0 0.638671875 0.896484375 0.037109375 0.037109375
0 0.03125 0.939453125 0.037109375 0.037109375
0 0.66796875 0.41796875 0.03515625 0.03515625
0 0.634765625 0.021484375 0.03125 0.03125
0 0.244140625 0.650390625 0.029296875 0.029296875
0 0.537109375 0.318359375 0.029296875 0.029296875
0 0.40234375 0.220703125 0.02734375 0.02734375
0 0.705078125 0.30078125 0.02734375 0.02734375
