0 0.412109375 0.02734375 0.23828125 0.23828125
0 0.982421875 0.142578125 0.21484375 0.21484375
0 0.185546875 0.712890625 0.177734375 0.177734375
0 0.19140625 0.76171875 0.169921875 0.169921875
0 0.58203125 0.177734375 0.162109375 0.162109375
0 0.822265625 0.603515625 0.134765625 0.134765625
0 0.267578125 0.4140625 0.130859375 0.130859375
0 0.494140625 0.763671875 0.130859375 0.130859375
0 0.041015625 0.697265625 0.12890625 0.12890625
0 0.83984375 0.041015625 0.125 0.125
0 0.48828125 0.8046875 0.119140625 0.119140625
0 0.125 0.37109375 0.107421875 0.107421875
0 0.94921875 0.2890625 0.091796875 0.091796875
0 0.15625 0.083984375 0.08984375 0.08984375
0 0.947265625 0.423828125 0.08203125 0.08203125
0 0.359375 0.34375 0.080078125 0.080078125
0 0.50390625 0.931640625 0.078125 0.078125
0 0.646484375 0.08984375 0.068359375 0.068359375
0 0.025390625 0.203125 0.06640625 0.06640625
0 0.7265625 0.96484375 0.060546875 0.060546875
0 0.794921875 0.359375 0.060546875 0.060546875
0 0.70703125 0.509765625 0.05859375 0.05859375
0 0.71484375 0.759765625 0.0546875 0.0546875
0 0.5078125 0.68359375 0.0546875 0.0546875
0 0.19140625 0.154296875 0.052734375 0.052734375
0 0.287109375 0.23828125 0.052734375 0.052734375
0 0.732421875 0.7109375 0.05078125 0.05078125
0 0.1953125 0.658203125 0.044921875 0.044921875
0 0.1484375 0.025390625 0.04296875 0.04296875
0 0.154296875 0.16015625 0.041015625 0.041015625
0 0.310546875 0.791015625 0.0390625 0.0390625
0 0.287109375 0.201171875 0.0390625 0.0390625
0 0.673828125 0.10546875 0.03515625 0.03515625
0 0.103515625 0.482421875 0.03515625 0.03515625
0 0.06640625 0.490234375 0.03515625 0.03515625
0 0.318359375 0.74609375 0.033203125 0.033203125
0 0.875 0.408203125 0.03125 0.03125
0 0.353515625 0.759765625 0.03125 0.03125
0 0.478515625 0.556640625 0.03125 0.03125
0 0.46484375 0.962890625 0.029296875 0.029296875
0 0.1796875 0.373046875 0.029296875 0.029296875
0 0.056640625 0.27734375 0.02734375 0.02734375
0 0.041015625 0.44921875 0.02734375 0.02734375
0 0.896484375 0.470703125 0.025390625 0.025390625
0 0.58984375 0.7734375 0.025390625 0.025390625
0 0.330078125 0.306640625 0.025390625 0.025390625
0 0.16796875 0.939453125 0.025390625 0.025390625
