0 0.158203125 0.65625 0.267578125 0.267578125
0 0.177734375 0.86328125 0.150390625 0.150390625
0 0.9296875 0.21484375 0.083984375 0.083984375
0 0.18359375 0.990234375 0.078125 0.078125
0 0.509765625 0.275390625 0.068359375 0.068359375
0 0.220703125 0.35546875 0.068359375 0.068359375
0 0.9609375 0.82421875 0.068359375 0.068359375
0 0.93359375 0.2890625 0.064453125 0.064453125
0 0.529296875 0.736328125 0.064453125 0.064453125
0 0.95703125 0.16796875 0.064453125 0.064453125
0 0.17578125 0.71875 0.064453125 0.064453125
0 0.814453125 0.921875 0.0625 0.0625
0 0.853515625 0.556640625 0.05859375 0.05859375
0 0.48828125 0.4921875 0.0546875 0.0546875
0 0.240234375 0.4375 0.052734375 0.052734375
0 0.873046875 0.845703125 0.05078125 0.05078125
0 0.806640625 0.857421875 0.048828125 0.048828125
0 0.62109375 0.263671875 0.048828125 0.048828125
0 0.041015625 0.666015625 0.048828125 0.048828125
0 0.525390625 0.578125 0.046875 0.046875
0 0.66015625 0.4921875 0.046875 0.046875
0 0.79296875 0.4375 0.044921875 0.044921875
0 0.396484375 0.490234375 0.04296875 0.04296875
0 0.990234375 0.78125 0.04296875 0.04296875
0 0.318359375 0.908203125 0.041015625 0.041015625
0 0.58984375 0.591796875 0.041015625 0.041015625
0 0.783203125 0.7890625 0.041015625 0.041015625
0 0.171875 0.19921875 0.041015625 0.041015625
0 0.26171875 0.361328125 0.03515625 0.03515625
0 0.052734375 0.341796875 0.033203125 0.033203125
0 0.392578125 0.623046875 0.033203125 0.033203125
0 0.177734375 0.48828125 0.033203125 0.033203125
0 0.14453125 0.16015625 0.03125 0.03125
0 0.158203125 0.326171875 0.029296875 0.029296875
0 0.126953125 0.689453125 0.02734375 0.02734375
0 0.794921875 0.55859375 0.02734375 0.02734375
0 0.10546875 0.302734375 0.02734375 0.02734375
0 0.353515625 0.572265625 0.02734375 0.02734375
0 0.375 0.53515625 0.02734375 0.02734375
0 0.87890625 0.302734375 0.025390625 0.025390625
