0 0.931640625 0.396484375 0.1484375 0.1484375
0 0.783203125 0.60546875 0.14453125 0.14453125
0 0.908203125 0.916015625 0.125 0.125
0 0.4609375 0.55859375 0.087890625 0.087890625
0 0.65625 0.470703125 0.08203125 0.08203125
0 0.263671875 0.16796875 0.078125 0.078125
0 0.638671875 0.1484375 0.064453125 0.064453125
0 0.208984375 0.900390625 0.060546875 0.060546875
0 0.60546875 0.05859375 0.052734375 0.052734375
0 0.228515625 0.080078125 0.048828125 0.048828125
0 0.78125 0.0546875 0.0390625 0.0390625
0 0.958984375 0.14453125 0.037109375 0.037109375
0 0.59765625 0.935546875 0.03125 0.03125
0 0.763671875 0.328125 0.029296875 0.029296875
0 0.923828125 0.326171875 0.02734375 0.02734375
0 0.39453125 0.96875 0.025390625 0.025390625
