0 0.525390625 0.001953125 0.17578125 0.17578125
0 0.88671875 0.6171875 0.1640625 0.1640625
0 0.029296875 0.064453125 0.13671875 0.13671875
0 0.5703125 0.697265625 0.134765625 0.134765625
0 0.353515625 0.880859375 0.12890625 0.12890625
0 0.66015625 0.291015625 0.125 0.125
0 0.962890625 0.8359375 0.123046875 0.123046875
0 0.455078125 0.208984375 0.11328125 0.11328125
0 0.783203125 0.7578125 0.1015625 0.1015625
0 0.67578125 0.1796875 0.099609375 0.099609375
0 0.0078125 0.5234375 0.091796875 0.091796875
0 0.7109375 0.345703125 0.080078125 0.080078125
0 0.90625 0.2578125 0.07421875 0.07421875
0 0.80859375 0.3515625 0.06640625 0.06640625
0 0.5859375 0.080078125 0.06640625 0.06640625
0 0.720703125 0.7890625 0.064453125 0.064453125
0 0.09765625 0.8828125 0.0625 0.0625
0 0.462890625 0.88671875 0.0625 0.0625
0 0.4921875 0.701171875 0.056640625 0.056640625
0 0.375 0.24609375 0.0546875 0.0546875
0 0.822265625 0.21875 0.05078125 0.05078125
0 0.646484375 0.91796875 0.05078125 0.05078125
0 0.650390625 0.6640625 0.05078125 0.05078125
0 0.974609375 0.62890625 0.048828125 0.048828125
0 0.203125 0.638671875 0.046875 0.046875
0 0.2109375 0.287109375 0.044921875 0.044921875
0 0.18359375 0.93359375 0.0390625 0.0390625
0 0.77734375 0.828125 0.03515625 0.03515625
0 0.328125 0.1875 0.03515625 0.03515625
0 0.28125 0.1640625 0.033203125 0.033203125
0 0.65625 0.716796875 0.033203125 0.033203125
0 0.4140625 0.888671875 0.03125 0.03125
0 0.603515625 0.12109375 0.029296875 0.029296875
0 0.845703125 0.451171875 0.029296875 0.029296875
0 0.419921875 0.361328125 0.02734375 0.02734375
