0 0.958984375 0.001953125 0.259765625 0.259765625
0 0.5625 0.50390625 0.103515625 0.103515625
0 0.087890625 0.62890625 0.103515625 0.103515625
0 0.671875 0.28515625 0.1015625 0.1015625
0 0.43359375 0.451171875 0.0859375 0.0859375
0 0.099609375 0.83984375 0.0859375 0.0859375
0 0.0 0.318359375 0.08203125 0.08203125
0 0.275390625 0.34375 0.07421875 0.07421875
0 0.134765625 0.376953125 0.064453125 0.064453125
0 0.146484375 0.009765625 0.0625 0.0625
0 0.1640625 0.830078125 0.0625 0.0625
0 0.962890625 0.189453125 0.060546875 0.060546875
0 0.15234375 0.10546875 0.0546875 0.0546875
0 0.056640625 0.30078125 0.0546875 0.0546875
0 0.65625 0.203125 0.052734375 0.052734375
0 0.712890625 0.48046875 0.052734375 0.052734375
0 0.05859375 0.689453125 0.05078125 0.05078125
0 0.046875 0.943359375 0.048828125 0.048828125
0 0.189453125 0.55078125 0.044921875 0.044921875
0 0.572265625 0.35546875 0.04296875 0.04296875
0 0.736328125 0.037109375 0.04296875 0.04296875
0 0.712890625 0.560546875 0.041015625 0.041015625
0 0.568359375 0.423828125 0.041015625 0.041015625
0 0.576171875 0.865234375 0.041015625 0.041015625
0 0.759765625 0.455078125 0.0390625 0.0390625
0 0.484375 0.05859375 0.037109375 0.037109375
0 0.333984375 0.876953125 0.03515625 0.03515625
0 0.400390625 0.033203125 0.03515625 0.03515625
0 0.52734375 0.228515625 0.03515625 0.03515625
0 0.8359375 0.650390625 0.033203125 0.033203125
0 0.328125 0.0625 0.033203125 0.033203125
0 0.1796875 0.884765625 0.03125 0.03125
0 0.033203125 0.193359375 0.029296875 0.029296875
0 0.453125 0.38671875 0.029296875 0.029296875
0 0.9765625 0.546875 0.02734375 0.02734375
0 0.986328125 0.453125 0.02734375 0.02734375
0 0.826171875 0.892578125 0.02734375 0.02734375
0 0.23046875 0.359375 0.025390625 0.025390625
0 0.591796875 0.328125 0.025390625 0.025390625
