0 0.4609375 0.681640625 0.17578125 0.17578125
0 0.109375 0.25390625 0.162109375 0.162109375
0 0.013671875 0.970703125 0.1015625 0.1015625
0 0.880859375 0.470703125 0.09375 0.09375
0 0.435546875 0.48828125 0.08984375 0.08984375
0 0.2734375 0.21875 0.0859375 0.0859375
0 0.9921875 0.73828125 0.08203125 0.08203125
0 0.974609375 0.4140625 0.076171875 0.076171875
0 0.7265625 0.783203125 0.076171875 0.076171875
0 0.1953125 0.453125 0.0703125 0.0703125
0 0.748046875 0.259765625 0.0703125 0.0703125
0 0.265625 0.44140625 0.068359375 0.068359375
0 0.11328125 0.626953125 0.064453125 0.064453125
0 0.349609375 0.1796875 0.0625 0.0625
0 0.029296875 0.396484375 0.056640625 0.056640625
0 0.40234375 0.9296875 0.056640625 0.056640625
0 0.458984375 0.55859375 0.0546875 0.0546875
0 0.3515625 0.751953125 0.0546875 0.0546875
0 0.138671875 0.150390625 0.0546875 0.0546875
0 0.048828125 0.609375 0.05078125 0.05078125
0 0.669921875 0.349609375 0.05078125 0.05078125
0 0.712890625 0.197265625 0.048828125 0.048828125
0 0.97265625 0.30078125 0.046875 0.046875
0 0.615234375 0.052734375 0.046875 0.046875
0 0.42578125 0.55078125 0.044921875 0.044921875
0 0.654296875 0.33984375 0.04296875 0.04296875
0 0.169921875 0.390625 0.04296875 0.04296875
0 0.916015625 0.25390625 0.0390625 0.0390625
0 0.203125 0.609375 0.037109375 0.037109375
0 0.314453125 0.333984375 0.037109375 0.037109375
0 0.802734375 0.2890625 0.03515625 0.03515625
0 0.037109375 0.587890625 0.03515625 0.03515625
0 0.65625 0.00390625 0.03515625 0.03515625
0 0.28125 0.80078125 0.033203125 0.033203125
0 0.48046875 0.013671875 0.03125 0.03125
0 0.322265625 0.234375 0.03125 0.03125
0 0.193359375 0.1171875 0.03125 0.03125
0 0.015625 0.236328125 0.03125 0.03125
0 0.4609375 0.888671875 0.029296875 0.029296875
0 0.693359375 0.935546875 0.029296875 0.029296875
0 0.03125 0.576171875 0.029296875 0.029296875
0 0.7578125 0.830078125 0.029296875 0.029296875
0 0.84375 0.216796875 0.02734375 0.02734375
0 0.34765625 0.6484375 0.02734375 0.02734375
0 0.724609375 0.65234375 0.02734375 0.02734375
0 0.17578125 0.15625 0.025390625 0.025390625
0 0.857421875 0.3359375 0.025390625 0.025390625
