0 0.4296875 0.6875 0.189453125 0.189453125
0 0.75 0.390625 0.185546875 0.185546875
0 0.048828125 0.595703125 0.150390625 0.150390625
0 0.85546875 0.75390625 0.142578125 0.142578125
0 0.251953125 0.71875 0.1171875 0.1171875
0 0.11328125 0.431640625 0.11328125 0.11328125
0 0.591796875 0.078125 0.111328125 0.111328125
0 0.521484375 0.373046875 0.091796875 0.091796875
0 0.314453125 0.380859375 0.091796875 0.091796875
0 0.138671875 0.708984375 0.08203125 0.08203125
0 0.267578125 0.8125 0.072265625 0.072265625
0 0.10546875 0.296875 0.072265625 0.072265625
0 0.056640625 0.408203125 0.0703125 0.0703125
0 0.296875 0.982421875 0.0703125 0.0703125
0 0.609375 0.29296875 0.06640625 0.06640625
0 0.666015625 0.66796875 0.0625 0.0625
0 0.322265625 0.158203125 0.060546875 0.060546875
0 0.12890625 0.0 0.0546875 0.0546875
0 0.955078125 0.20703125 0.0546875 0.0546875
0 0.591796875 0.544921875 0.052734375 0.052734375
0 0.3125 0.865234375 0.05078125 0.05078125
0 0.294921875 0.34375 0.05078125 0.05078125
0 0.92578125 0.138671875 0.04296875 0.04296875
0 0.103515625 0.169921875 0.04296875 0.04296875
0 0.90625 0.603515625 0.041015625 0.041015625
0 0.376953125 0.572265625 0.0390625 0.0390625
0 0.07421875 0.509765625 0.0390625 0.0390625
0 0.16796875 0.138671875 0.0390625 0.0390625
0 0.662109375 0.630859375 0.0390625 0.0390625
0 0.232421875 0.935546875 0.037109375 0.037109375
0 0.814453125 0.623046875 0.03515625 0.03515625
0 0.138671875 0.447265625 0.03515625 0.03515625
0 0.681640625 0.833984375 0.03125 0.03125
0 0.9375 0.248046875 0.029296875 0.029296875
0 0.90234375 0.2421875 0.02734375 0.02734375
0 0.115234375 0.775390625 0.02734375 0.02734375
0 0.830078125 0.892578125 0.02734375 0.02734375
0 0.236328125 0.27734375 0.025390625 0.025390625
