0 0.017578125 0.19140625 0.224609375 0.224609375
0 0.021484375 0.537109375 0.0625 0.0625
0 0.43359375 0.171875 0.060546875 0.060546875
0 0.4296875 0.544921875 0.048828125 0.048828125
0 0.033203125 0.7734375 0.04296875 0.04296875
0 0.1015625 0.92578125 0.0390625 0.0390625
0 0.98046875 0.271484375 0.033203125 0.033203125
0 0.0859375 0.68359375 0.033203125 0.033203125
0 0.251953125 0.62109375 0.029296875 0.029296875
0 0.80859375 0.552734375 0.02734375 0.02734375
0 0.15625 0.802734375 0.025390625 0.025390625
