0 0.439453125 0.125 0.27734375 0.27734375
0 0.11328125 0.814453125 0.2421875 0.2421875
0 0.150390625 0.396484375 0.23046875 0.23046875
0 0.70703125 0.251953125 0.2109375 0.2109375
0 0.54296875 0.826171875 0.208984375 0.208984375
0 0.193359375 0.048828125 0.19921875 0.19921875
0 0.21484375 0.3515625 0.166015625 0.166015625
0 0.7734375 0.22265625 0.1484375 0.1484375
0 0.779296875 0.044921875 0.125 0.125
0 0.203125 0.388671875 0.119140625 0.119140625
0 0.841796875 0.546875 0.1171875 0.1171875
0 0.94140625 0.587890625 0.08984375 0.08984375
0 0.6171875 0.962890625 0.0859375 0.0859375
0 0.953125 0.9453125 0.080078125 0.080078125
0 0.9140625 0.15234375 0.07421875 0.07421875
0 0.740234375 0.88671875 0.05859375 0.05859375
0 0.134765625 0.93359375 0.0546875 0.0546875
0 0.658203125 0.345703125 0.048828125 0.048828125
0 0.9140625 0.236328125 0.046875 0.046875
0 0.599609375 0.935546875 0.041015625 0.041015625
0 0.609375 0.625 0.041015625 0.041015625
0 0.90625 0.556640625 0.037109375 0.037109375
0 0.85546875 0.310546875 0.037109375 0.037109375
0 0.052734375 0.498046875 0.037109375 0.037109375
0 0.41015625 0.90625 0.037109375 0.037109375
0 0.796875 0.30859375 0.037109375 0.037109375
0 0.673828125 0.580078125 0.03515625 0.03515625
0 0.80859375 0.4453125 0.03515625 0.03515625
0 0.126953125 0.712890625 0.03515625 0.03515625
0 0.5625 0.3671875 0.033203125 0.033203125
0 0.126953125 0.09375 0.033203125 0.033203125
0 0.28125 0.76171875 0.03125 0.03125
0 0.091796875 0.1171875 0.03125 0.03125
0 0.8984375 0.94140625 0.03125 0.03125
0 0.080078125 0.939453125 0.03125 0.03125
0 0.169921875 0.4453125 0.029296875 0.029296875
0 0.78125 0.27734375 0.029296875 0.029296875
0 0.6640625 0.353515625 0.029296875 0.029296875
0 0.125 0.16015625 0.029296875 0.029296875
0 0.439453125 0.298828125 0.029296875 0.029296875
