0 0.427734375 0.048828125 0.15234375 0.15234375
0 0.328125 0.00390625 0.13671875 0.13671875
0 0.80859375 0.779296875 0.130859375 0.130859375
0 0.458984375 0.322265625 0.0859375 0.0859375
0 0.78125 0.509765625 0.0703125 0.0703125
0 0.6875 0.134765625 0.0390625 0.0390625
0 0.478515625 0.662109375 0.03515625 0.03515625
0 0.28515625 0.802734375 0.03515625 0.03515625
0 0.892578125 0.025390625 0.03515625 0.03515625
0 0.615234375 0.82421875 0.03515625 0.03515625
0 0.892578125 0.08203125 0.033203125 0.033203125
0 0.955078125 0.318359375 0.029296875 0.029296875
0 0.810546875 0.125 0.02734375 0.02734375
0 0.97265625 0.16796875 0.02734375 0.02734375
0 0.353515625 0.06640625 0.02734375 0.02734375
