0 0.494140625 0.912109375 0.169921875 0.169921875
0 0.5703125 0.60546875 0.158203125 0.158203125
0 0.435546875 0.576171875 0.134765625 0.134765625
0 0.330078125 0.603515625 0.12890625 0.12890625
0 0.271484375 0.068359375 0.107421875 0.107421875
0 0.205078125 0.078125 0.107421875 0.107421875
0 0.69921875 0.880859375 0.10546875 0.10546875
0 0.626953125 0.279296875 0.087890625 0.087890625
0 0.98828125 0.921875 0.076171875 0.076171875
0 0.71484375 0.564453125 0.0625 0.0625
0 0.353515625 0.79296875 0.060546875 0.060546875
0 0.51171875 0.24609375 0.056640625 0.056640625
0 0.494140625 0.408203125 0.056640625 0.056640625
0 0.90234375 0.099609375 0.0546875 0.0546875
0 0.505859375 0.771484375 0.05078125 0.05078125
0 0.255859375 0.150390625 0.04296875 0.04296875
0 0.75390625 0.98046875 0.041015625 0.041015625
0 0.583984375 0.9921875 0.037109375 0.037109375
0 0.83203125 0.134765625 0.03515625 0.03515625
0 0.5859375 0.248046875 0.03515625 0.03515625
0 0.736328125 0.443359375 0.033203125 0.033203125
0 0.498046875 0.30078125 0.033203125 0.033203125
0 0.763671875 0.890625 0.033203125 0.033203125
0 0.923828125 0.416015625 0.03125 0.03125
0 0.4453125 0.251953125 0.03125 0.03125
0 0.564453125 0.138671875 0.029296875 0.029296875
0 0.65625 0.962890625 0.02734375 0.02734375
0 0.5078125 0.04296875 0.025390625 0.025390625
