0 0.5859375 0.107421875 0.498046875 0.498046875
0 0.119140625 0.615234375 0.322265625 0.322265625
0 0.451171875 0.45703125 0.26953125 0.26953125
0 0.833984375 0.29296875 0.1796875 0.1796875
0 0.53515625 0.072265625 0.158203125 0.158203125
0 0.830078125 0.4609375 0.15234375 0.15234375
0 0.55078125 0.85546875 0.107421875 0.107421875
0 0.947265625 0.640625 0.1015625 0.1015625
0 0.51171875 0.783203125 0.08203125 0.08203125
0 0.892578125 0.458984375 0.08203125 0.08203125
0 0.255859375 0.81640625 0.06640625 0.06640625
0 0.666015625 0.505859375 0.046875 0.046875
0 0.306640625 0.140625 0.046875 0.046875
0 0.53125 0.7578125 0.044921875 0.044921875
0 0.6171875 0.43359375 0.04296875 0.04296875
0 0.39453125 0.4296875 0.041015625 0.041015625
0 0.681640625 0.875 0.0390625 0.0390625
0 0.376953125 0.33984375 0.037109375 0.037109375
0 0.765625 0.14453125 0.037109375 0.037109375
0 0.931640625 0.3203125 0.03515625 0.03515625
0 0.013671875 0.1171875 0.033203125 0.033203125
0 0.447265625 0.498046875 0.033203125 0.033203125
0 0.142578125 0.3984375 0.029296875 0.029296875
0 0.69921875 0.171875 0.029296875 0.029296875
0 0.1640625 0.681640625 0.029296875 0.029296875
0 0.0234375 0.146484375 0.02734375 0.02734375
0 0.205078125 0.849609375 0.02734375 0.02734375
0 0.681640625 0.62890625 0.025390625 0.025390625
