0 0.767578125 0.19140625 0.181640625 0.181640625
0 0.916015625 0.36328125 0.171875 0.171875
0 0.150390625 0.419921875 0.15625 0.15625
0 0.45703125 0.0625 0.123046875 0.123046875
0 0.107421875 0.142578125 0.119140625 0.119140625
0 0.90234375 0.556640625 0.119140625 0.119140625
0 0.33984375 0.419921875 0.11328125 0.11328125
0 0.98046875 0.619140625 0.083984375 0.083984375
0 0.515625 0.970703125 0.072265625 0.072265625
0 0.69921875 0.669921875 0.06640625 0.06640625
0 0.0625 0.98046875 0.060546875 0.060546875
0 0.970703125 0.185546875 0.05859375 0.05859375
0 0.8515625 0.099609375 0.05078125 0.05078125
0 0.126953125 0.30078125 0.046875 0.046875
0 0.994140625 0.06640625 0.044921875 0.044921875
0 0.66796875 0.4765625 0.044921875 0.044921875
0 0.58203125 0.302734375 0.04296875 0.04296875
0 0.421875 0.55859375 0.0390625 0.0390625
0 0.26953125 0.609375 0.0390625 0.0390625
0 0.607421875 0.677734375 0.037109375 0.037109375
0 0.103515625 0.015625 0.03515625 0.03515625
0 0.42578125 0.689453125 0.03125 0.03125
0 0.767578125 0.544921875 0.029296875 0.029296875
0 0.712890625 0.466796875 0.02734375 0.02734375
0 0.37890625 0.310546875 0.02734375 0.02734375
0 0.037109375 0.89453125 0.025390625 0.025390625
0 0.287109375 0.01953125 0.025390625 0.025390625
0 0.947265625 0.095703125 0.025390625 0.025390625
