0 0.587890625 0.3828125 0.275390625 0.275390625
0 0.703125 0.3359375 0.142578125 0.142578125
0 0.166015625 0.19921875 0.12890625 0.12890625
0 0.67578125 0.126953125 0.126953125 0.126953125
0 0.36328125 0.05859375 0.107421875 0.107421875
0 0.23828125 0.2265625 0.091796875 0.091796875
0 0.490234375 0.86328125 0.076171875 0.076171875
0 0.77734375 0.9453125 0.076171875 0.076171875
0 0.3984375 0.837890625 0.0703125 0.0703125
0 0.859375 0.6640625 0.06640625 0.06640625
0 0.90234375 0.630859375 0.0625 0.0625
0 0.314453125 0.966796875 0.0625 0.0625
0 0.146484375 0.328125 0.056640625 0.056640625
0 0.083984375 0.12109375 0.052734375 0.052734375
0 0.650390625 0.853515625 0.048828125 0.048828125
0 0.736328125 0.7421875 0.046875 0.046875
0 0.91015625 0.640625 0.04296875 0.04296875
0 0.177734375 0.330078125 0.04296875 0.04296875
0 0.951171875 0.9296875 0.04296875 0.04296875
0 0.931640625 0.455078125 0.04296875 0.04296875
0 0.287109375 0.970703125 0.0390625 0.0390625
0 0.166015625 0.06640625 0.03515625 0.03515625
0 0.95703125 0.708984375 0.03515625 0.03515625
0 0.12890625 0.548828125 0.03125 0.03125
0 0.3203125 0.26953125 0.03125 0.03125
0 0.76171875 0.779296875 0.029296875 0.029296875
0 0.01171875 0.07421875 0.029296875 0.029296875
0 0.490234375 0.111328125 0.029296875 0.029296875
0 0.19140625 0.259765625 0.029296875 0.029296875
0 0.6796875 0.908203125 0.029296875 0.029296875
0 0.314453125 0.373046875 0.029296875 0.029296875
0 0.42578125 0.478515625 0.025390625 0.025390625
0 0.8203125 0.634765625 0.025390625 0.025390625
0 0.0 0.419921875 0.025390625 0.025390625
