0 0.89453125 0.072265625 0.15234375 0.15234375
0 0.962890625 0.779296875 0.1015625 0.1015625
0 0.802734375 0.228515625 0.044921875 0.044921875
0 0.783203125 0.70703125 0.044921875 0.044921875
0 0.29296875 0.396484375 0.0390625 0.0390625
0 0.30078125 0.693359375 0.033203125 0.033203125
0 0.888671875 0.138671875 0.033203125 0.033203125
0 0.919921875 0.244140625 0.033203125 0.033203125
0 0.884765625 0.5625 0.033203125 0.033203125
0 0.19140625 0.994140625 0.029296875 0.029296875
0 0.716796875 0.53515625 0.025390625 0.025390625
0 0.556640625 0.908203125 0.025390625 0.025390625
