0 0.248046875 0.572265625 0.357421875 0.357421875
0 0.05859375 0.60546875 0.193359375 0.193359375
0 0.708984375 0.5078125 0.083984375 0.083984375
0 0.24609375 0.646484375 0.08203125 0.08203125
0 0.03515625 0.427734375 0.0625 0.0625
0 0.013671875 0.466796875 0.056640625 0.056640625
0 0.935546875 0.59765625 0.0546875 0.0546875
0 0.822265625 0.630859375 0.052734375 0.052734375
0 0.94140625 0.478515625 0.052734375 0.052734375
0 0.015625 0.041015625 0.052734375 0.052734375
0 0.99609375 0.580078125 0.041015625 0.041015625
0 0.02734375 0.345703125 0.041015625 0.041015625
0 0.701171875 0.6328125 0.03515625 0.03515625
0 0.9609375 0.2578125 0.03515625 0.03515625
0 0.47265625 0.546875 0.03515625 0.03515625
0 0.962890625 0.029296875 0.02734375 0.02734375
0 0.0 0.3515625 0.02734375 0.02734375
0 0.923828125 0.25 0.025390625 0.025390625
0 0.427734375 0.548828125 0.025390625 0.025390625
0 0.69921875 0.46875 0.025390625 0.025390625
0 0.923828125 0.271484375 0.025390625 0.025390625
0 0.3671875 0.244140625 0.025390625 0.025390625
0 0.0234375 0.849609375 0.126953125 0.126953125
0 0.251953125 0.759765625 0.111328125 0.111328125
0 0.5703125 0.87109375 0.091796875 0.091796875
0 0.3359375 0.818359375 0.060546875 0.060546875
0 0.04296875 0.78125 0.05078125 0.05078125
0 0.75390625 0.865234375 0.046875 0.046875
0 0.724609375 0.69921875 0.041015625 0.041015625
0 0.90625 0.82421875 0.03515625 0.03515625
0 0.224609375 0.9296875 0.03515625 0.03515625
0 0.845703125 0.720703125 0.03515625 0.03515625
0 0.611328125 0.748046875 0.029296875 0.029296875
0 0.19921875 0.748046875 0.025390625 0.025390625
