0 0.8125 0.197265625 1.205078125 1.205078125
0 0.330078125 0.1875 0.2109375 0.2109375
0 0.333984375 0.689453125 0.111328125 0.111328125
0 0.251953125 0.056640625 0.1015625 0.1015625
0 0.888671875 0.05859375 0.0859375 0.0859375
0 0.447265625 0.734375 0.072265625 0.072265625
0 0.419921875 0.716796875 0.068359375 0.068359375
0 0.05859375 0.673828125 0.0625 0.0625
0 0.337890625 0.482421875 0.05859375 0.05859375
0 0.900390625 0.650390625 0.052734375 0.052734375
0 0.34375 0.751953125 0.052734375 0.052734375
0 0.552734375 0.296875 0.048828125 0.048828125
0 0.419921875 0.45703125 0.048828125 0.048828125
0 0.529296875 0.7734375 0.041015625 0.041015625
0 0.271484375 0.9296875 0.0390625 0.0390625
0 0.59375 0.51171875 0.037109375 0.037109375
0 0.03515625 0.732421875 0.037109375 0.037109375
0 0.73828125 0.474609375 0.03125 0.03125
0 0.224609375 0.681640625 0.03125 0.03125
0 0.51171875 0.880859375 0.029296875 0.029296875
0 0.46484375 0.6640625 0.029296875 0.029296875
0 0.70703125 0.416015625 0.02734375 0.02734375
0 0.435546875 0.0703125 0.02734375 0.02734375
0 0.724609375 0.57421875 0.025390625 0.025390625
