0 0.109375 0.26953125 0.166015625 0.166015625
0 0.5546875 0.470703125 0.162109375 0.162109375
0 0.654296875 0.671875 0.126953125 0.126953125
0 0.69140625 0.302734375 0.091796875 0.091796875
0 0.783203125 0.91796875 0.091796875 0.091796875
0 0.27734375 0.234375 0.0859375 0.0859375
0 0.89453125 0.431640625 0.083984375 0.083984375
0 0.16796875 0.8046875 0.08203125 0.08203125
0 0.765625 0.28515625 0.068359375 0.068359375
0 0.1484375 0.75 0.05078125 0.05078125
0 0.666015625 0.994140625 0.048828125 0.048828125
0 0.8984375 0.740234375 0.033203125 0.033203125
0 0.521484375 0.001953125 0.025390625 0.025390625
