0 0.9765625 0.8671875 0.228515625 0.228515625
0 0.80078125 0.8515625 0.185546875 0.185546875
0 0.373046875 0.037109375 0.18359375 0.18359375
0 0.453125 0.65234375 0.126953125 0.126953125
0 0.734375 0.498046875 0.109375 0.109375
0 0.333984375 0.724609375 0.099609375 0.099609375
0 0.779296875 0.205078125 0.083984375 0.083984375
0 0.6328125 0.9140625 0.078125 0.078125
0 0.86328125 0.8984375 0.078125 0.078125
0 0.55078125 0.75390625 0.0546875 0.0546875
0 0.03515625 0.8515625 0.044921875 0.044921875
0 0.7265625 0.841796875 0.041015625 0.041015625
0 0.7109375 0.888671875 0.041015625 0.041015625
0 0.984375 0.5546875 0.03515625 0.03515625
0 0.87890625 0.115234375 0.033203125 0.033203125
0 0.34765625 0.9296875 0.02734375 0.02734375
