0 0.18359375 0.03125 0.203125 0.203125
0 0.046875 0.703125 0.142578125 0.142578125
0 0.951171875 0.119140625 0.123046875 0.123046875
0 0.90625 0.388671875 0.119140625 0.119140625
0 0.685546875 0.828125 0.11328125 0.11328125
0 0.146484375 0.16015625 0.111328125 0.111328125
0 0.798828125 0.884765625 0.10546875 0.10546875
0 0.666015625 0.146484375 0.103515625 0.103515625
0 0.61328125 0.77734375 0.095703125 0.095703125
0 0.599609375 0.69921875 0.09375 0.09375
0 0.7265625 0.73046875 0.0859375 0.0859375
0 0.994140625 0.05859375 0.078125 0.078125
0 0.0 0.033203125 0.078125 0.078125
0 0.158203125 0.3359375 0.07421875 0.07421875
0 0.65234375 0.505859375 0.056640625 0.056640625
0 0.1171875 0.771484375 0.056640625 0.056640625
0 0.708984375 0.841796875 0.0546875 0.0546875
0 0.818359375 0.0 0.05078125 0.05078125
0 0.228515625 0.26953125 0.048828125 0.048828125
0 0.6328125 0.576171875 0.046875 0.046875
0 0.41015625 0.44921875 0.046875 0.046875
0 0.298828125 0.591796875 0.04296875 0.04296875
0 0.30078125 0.546875 0.03515625 0.03515625
0 0.1640625 0.14453125 0.03125 0.03125
0 0.498046875 0.328125 0.029296875 0.029296875
0 0.90625 0.759765625 0.025390625 0.025390625
