0 0.64453125 0.263671875 0.1640625 0.1640625
0 0.7890625 0.96484375 0.158203125 0.158203125
0 0.9921875 0.166015625 0.15234375 0.15234375
0 0.01953125 0.205078125 0.12109375 0.12109375
0 0.13671875 0.861328125 0.115234375 0.115234375
0 0.248046875 0.935546875 0.09765625 0.09765625
0 0.701171875 0.869140625 0.08984375 0.08984375
0 0.77734375 0.51953125 0.078125 0.078125
0 0.740234375 0.580078125 0.07421875 0.07421875
0 0.02734375 0.84375 0.0625 0.0625
0 0.75390625 0.17578125 0.052734375 0.052734375
0 0.908203125 0.60546875 0.052734375 0.052734375
0 0.396484375 0.001953125 0.048828125 0.048828125
0 0.619140625 0.900390625 0.033203125 0.033203125
0 0.177734375 0.396484375 0.029296875 0.029296875
0 0.4453125 0.439453125 0.02734375 0.02734375
0 0.912109375 0.84765625 0.02734375 0.02734375
0 0.06640625 0.40625 0.025390625 0.025390625
