0 0.359375 0.056640625 0.21875 0.21875
0 0.037109375 0.744140625 0.150390625 0.150390625
0 0.134765625 0.70703125 0.142578125 0.142578125
0 0.916015625 0.49609375 0.123046875 0.123046875
0 0.583984375 0.36328125 0.12109375 0.12109375
0 0.51953125 0.619140625 0.10546875 0.10546875
0 0.99609375 0.521484375 0.1015625 0.1015625
0 0.02734375 0.02734375 0.087890625 0.087890625
0 0.814453125 0.009765625 0.08203125 0.08203125
0 0.390625 0.828125 0.078125 0.078125
0 0.890625 0.07421875 0.07421875 0.07421875
0 0.48828125 0.53125 0.07421875 0.07421875
0 0.923828125 0.068359375 0.064453125 0.064453125
0 0.552734375 0.0625 0.064453125 0.064453125
0 0.73046875 0.390625 0.0625 0.0625
0 0.62890625 0.337890625 0.060546875 0.060546875
0 0.375 0.21875 0.060546875 0.060546875
0 0.1015625 0.375 0.05859375 0.05859375
0 0.361328125 0.982421875 0.05859375 0.05859375
0 0.423828125 0.3125 0.0546875 0.0546875
0 0.66796875 0.6953125 0.0546875 0.0546875
0 0.470703125 0.96875 0.052734375 0.052734375
0 0.185546875 0.453125 0.048828125 0.048828125
0 0.388671875 0.16015625 0.048828125 0.048828125
0 0.318359375 0.775390625 0.048828125 0.048828125
0 0.01171875 0.306640625 0.046875 0.046875
0 0.322265625 0.291015625 0.04296875 0.04296875
0 0.0234375 0.095703125 0.04296875 0.04296875
0 0.244140625 0.853515625 0.04296875 0.04296875
0 0.22265625 0.67578125 0.04296875 0.04296875
0 0.501953125 0.00390625 0.04296875 0.04296875
0 0.05859375 0.625 0.041015625 0.041015625
0 0.05078125 0.158203125 0.041015625 0.041015625
0 0.5234375 0.427734375 0.041015625 0.041015625
0 0.98046875 0.611328125 0.0390625 0.0390625
0 0.529296875 0.46484375 0.037109375 0.037109375
0 0.6953125 0.140625 0.03515625 0.03515625
0 0.177734375 0.705078125 0.033203125 0.033203125
0 0.03515625 0.669921875 0.033203125 0.033203125
0 0.451171875 0.06640625 0.033203125 0.033203125
0 0.708984375 0.91796875 0.03125 0.03125
0 0.359375 0.55859375 0.03125 0.03125
0 0.646484375 0.271484375 0.029296875 0.029296875
0 0.59765625 0.595703125 0.02734375 0.02734375
0 0.921875 0.42578125 0.02734375 0.02734375
0 0.890625 0.9921875 0.02734375 0.02734375
0 0.46484375 0.419921875 0.02734375 0.02734375
0 0.623046875 0.69140625 0.02734375 0.02734375
0 0.884765625 0.12109375 0.02734375 0.02734375
0 0.052734375 0.3046875 0.025390625 0.025390625
0 0.9453125 0.994140625 0.025390625 0.025390625
0 0.26171875 0.359375 0.025390625 0.025390625
