0 0.77734375 0.501953125 0.28515625 0.28515625
0 0.21484375 0.517578125 0.13671875 0.13671875
0 0.412109375 0.876953125 0.1015625 0.1015625
0 0.17578125 0.76953125 0.1015625 0.1015625
0 0.4609375 0.357421875 0.080078125 0.080078125
0 0.5859375 0.28125 0.076171875 0.076171875
0 0.3125 0.490234375 0.060546875 0.060546875
0 0.341796875 0.646484375 0.060546875 0.060546875
0 0.32421875 0.552734375 0.060546875 0.060546875
0 0.203125 0.69921875 0.0546875 0.0546875
0 0.556640625 0.70703125 0.05078125 0.05078125
0 0.234375 0.666015625 0.05078125 0.05078125
0 0.583984375 0.232421875 0.048828125 0.048828125
0 0.4296875 0.197265625 0.046875 0.046875
0 0.521484375 0.365234375 0.046875 0.046875
0 0.484375 0.779296875 0.04296875 0.04296875
0 0.814453125 0.6796875 0.04296875 0.04296875
0 0.205078125 0.611328125 0.041015625 0.041015625
0 0.62109375 0.162109375 0.0390625 0.0390625
0 0.357421875 0.041015625 0.0390625 0.0390625
0 0.552734375 0.251953125 0.0390625 0.0390625
0 0.234375 0.88671875 0.0390625 0.0390625
0 0.68359375 0.482421875 0.03515625 0.03515625
0 0.453125 0.068359375 0.03515625 0.03515625
0 0.51171875 0.966796875 0.03515625 0.03515625
0 0.2265625 0.427734375 0.033203125 0.033203125
0 0.392578125 0.291015625 0.029296875 0.029296875
0 0.150390625 0.013671875 0.029296875 0.029296875
0 0.646484375 0.7578125 0.025390625 0.025390625
0 0.70703125 0.421875 0.025390625 0.025390625
