0 0.291015625 0.240234375 0.5 0.5
0 0.521484375 0.822265625 0.345703125 0.345703125
0 0.33984375 0.83984375 0.18359375 0.18359375
0 0.171875 0.67578125 0.140625 0.140625
0 0.18359375 0.30859375 0.107421875 0.107421875
0 0.982421875 0.720703125 0.09375 0.09375
0 0.7734375 0.31640625 0.091796875 0.091796875
0 0.57421875 0.61328125 0.08984375 0.08984375
0 0.9296875 0.818359375 0.080078125 0.080078125
0 0.22265625 0.1953125 0.076171875 0.076171875
0 0.71875 0.8125 0.072265625 0.072265625
0 0.8984375 0.4609375 0.072265625 0.072265625
0 0.208984375 0.55859375 0.068359375 0.068359375
0 0.94921875 0.396484375 0.064453125 0.064453125
0 0.9921875 0.001953125 0.0625 0.0625
0 0.1796875 0.8671875 0.0625 0.0625
0 0.314453125 0.431640625 0.060546875 0.060546875
0 0.0859375 0.220703125 0.0546875 0.0546875
0 0.21875 0.740234375 0.048828125 0.048828125
0 0.896484375 0.72265625 0.048828125 0.048828125
0 0.802734375 0.123046875 0.046875 0.046875
0 0.16015625 0.736328125 0.046875 0.046875
0 0.462890625 0.416015625 0.044921875 0.044921875
0 0.4765625 0.064453125 0.044921875 0.044921875
0 0.10546875 0.3671875 0.044921875 0.044921875
0 0.654296875 0.673828125 0.041015625 0.041015625
0 0.310546875 0.3828125 0.0390625 0.0390625
0 0.892578125 0.169921875 0.037109375 0.037109375
0 0.7578125 0.919921875 0.037109375 0.037109375
0 0.685546875 0.201171875 0.037109375 0.037109375
0 0.375 0.2734375 0.03515625 0.03515625
0 0.287109375 0.2109375 0.033203125 0.033203125
0 0.556640625 0.73828125 0.033203125 0.033203125
0 0.900390625 0.93359375 0.033203125 0.033203125
0 0.462890625 0.890625 0.033203125 0.033203125
0 0.39453125 0.22265625 0.03125 0.03125
0 0.87890625 0.388671875 0.029296875 0.029296875
0 0.685546875 0.333984375 0.029296875 0.029296875
0 0.486328125 0.5859375 0.029296875 0.029296875
0 0.142578125 0.169921875 0.029296875 0.029296875
0 0.185546875 0.94921875 0.029296875 0.029296875
0 0.03515625 0.302734375 0.02734375 0.02734375
0 0.685546875 0.763671875 0.025390625 0.025390625
0 0.328125 0.599609375 0.025390625 0.025390625
