0 0.19921875 0.38671875 0.201171875 0.201171875
0 0.916015625 0.015625 0.193359375 0.193359375
0 0.822265625 0.908203125 0.19140625 0.19140625
0 0.25390625 0.125 0.16015625 0.16015625
0 0.0546875 0.984375 0.140625 0.140625
0 0.03125 0.265625 0.11328125 0.11328125
0 0.365234375 0.412109375 0.11328125 0.11328125
0 0.056640625 0.08984375 0.099609375 0.099609375
0 0.142578125 0.037109375 0.078125 0.078125
0 0.04296875 0.849609375 0.076171875 0.076171875
0 0.8671875 0.54296875 0.076171875 0.076171875
0 0.5546875 0.98046875 0.07421875 0.07421875
0 0.197265625 0.921875 0.0703125 0.0703125
0 0.078125 0.73046875 0.0625 0.0625
0 0.64453125 0.759765625 0.060546875 0.060546875
0 0.365234375 0.5703125 0.056640625 0.056640625
0 0.447265625 0.94140625 0.048828125 0.048828125
0 0.44921875 0.537109375 0.048828125 0.048828125
0 0.099609375 0.70703125 0.046875 0.046875
0 0.9375 0.7734375 0.044921875 0.044921875
0 0.623046875 0.12109375 0.04296875 0.04296875
0 0.458984375 0.751953125 0.04296875 0.04296875
0 0.07421875 0.30859375 0.041015625 0.041015625
0 0.876953125 0.150390625 0.0390625 0.0390625
0 0.73046875 0.953125 0.0390625 0.0390625
0 0.43359375 0.814453125 0.0390625 0.0390625
0 0.583984375 0.9296875 0.0390625 0.0390625
0 0.716796875 0.408203125 0.037109375 0.037109375
0 0.955078125 0.400390625 0.03515625 0.03515625
0 0.47265625 0.671875 0.033203125 0.033203125
0 0.685546875 0.47265625 0.03125 0.03125
0 0.78125 0.091796875 0.02734375 0.02734375
0 0.14453125 0.943359375 0.02734375 0.02734375
0 0.62109375 0.166015625 0.02734375 0.02734375
0 0.369140625 0.57421875 0.02734375 0.02734375
0 0.119140625 0.60546875 0.025390625 0.025390625
0 0.591796875 0.353515625 0.025390625 0.025390625
