0 0.408203125 0.51953125 0.26171875 0.26171875
0 0.248046875 0.73046875 0.193359375 0.193359375
0 0.947265625 0.015625 0.107421875 0.107421875
0 0.740234375 0.50390625 0.099609375 0.099609375
0 0.728515625 0.146484375 0.08984375 0.08984375
0 0.806640625 0.58984375 0.080078125 0.080078125
0 0.705078125 0.291015625 0.060546875 0.060546875
0 0.291015625 0.314453125 0.044921875 0.044921875
0 0.66796875 0.30078125 0.044921875 0.044921875
0 0.9609375 0.35546875 0.04296875 0.04296875
0 0.314453125 0.234375 0.033203125 0.033203125
0 0.38671875 0.005859375 0.033203125 0.033203125
0 0.091796875 0.517578125 0.03125 0.03125
0 0.294921875 0.654296875 0.029296875 0.029296875
0 0.125 0.615234375 0.029296875 0.029296875
0 0.9296875 0.03515625 0.025390625 0.025390625
