0 0.75 0.912109375 0.189453125 0.189453125
0 0.943359375 0.732421875 0.169921875 0.169921875
0 0.115234375 0.396484375 0.1640625 0.1640625
0 0.43359375 0.43359375 0.16015625 0.16015625
0 0.2421875 0.74609375 0.107421875 0.107421875
0 0.189453125 0.537109375 0.10546875 0.10546875
0 0.185546875 0.947265625 0.10546875 0.10546875
0 0.94140625 0.06640625 0.08984375 0.08984375
0 0.767578125 0.53515625 0.087890625 0.087890625
0 0.068359375 0.783203125 0.08203125 0.08203125
0 0.646484375 0.3828125 0.080078125 0.080078125
0 0.611328125 0.86328125 0.078125 0.078125
0 0.55078125 0.205078125 0.078125 0.078125
0 0.37109375 0.78125 0.072265625 0.072265625
0 0.771484375 0.861328125 0.068359375 0.068359375
0 0.208984375 0.640625 0.06640625 0.06640625
0 0.310546875 0.814453125 0.05859375 0.05859375
0 0.759765625 0.212890625 0.056640625 0.056640625
0 0.9453125 0.41796875 0.0546875 0.0546875
0 0.333984375 0.576171875 0.05078125 0.05078125
0 0.111328125 0.76171875 0.05078125 0.05078125
0 0.283203125 0.939453125 0.048828125 0.048828125
0 0.5234375 0.7578125 0.046875 0.046875
0 0.47265625 0.849609375 0.04296875 0.04296875
0 0.541015625 0.9296875 0.04296875 0.04296875
0 0.615234375 0.96484375 0.04296875 0.04296875
0 0.31640625 0.943359375 0.037109375 0.037109375
0 0.859375 0.400390625 0.03515625 0.03515625
0 0.36328125 0.66796875 0.033203125 0.033203125
0 0.41796875 0.31640625 0.029296875 0.029296875
0 0.828125 0.830078125 0.029296875 0.029296875
0 0.775390625 0.28125 0.025390625 0.025390625
0 0.82421875 0.52734375 0.025390625 0.025390625
0 0.486328125 0.6015625 0.025390625 0.025390625
0 0.9375 0.705078125 0.025390625 0.025390625
0 0.853515625 0.13671875 0.025390625 0.025390625
