0 0.0859375 0.48828125 0.1796875 0.1796875
0 0.806640625 0.158203125 0.162109375 0.162109375
0 0.71875 0.203125 0.146484375 0.146484375
0 0.556640625 0.765625 0.140625 0.140625
0 0.724609375 0.59375 0.138671875 0.138671875
0 0.990234375 0.06640625 0.107421875 0.107421875
0 0.626953125 0.255859375 0.10546875 0.10546875
0 0.05078125 0.482421875 0.095703125 0.095703125
0 0.935546875 0.857421875 0.08984375 0.08984375
0 0.171875 0.646484375 0.08984375 0.08984375
0 0.55859375 0.66015625 0.087890625 0.087890625
0 0.16796875 0.4140625 0.0859375 0.0859375
0 0.09375 0.74609375 0.08203125 0.08203125
0 0.0859375 0.419921875 0.07421875 0.07421875
0 0.16015625 0.015625 0.064453125 0.064453125
0 0.140625 0.966796875 0.0625 0.0625
0 0.783203125 0.40234375 0.060546875 0.060546875
0 0.740234375 0.80078125 0.056640625 0.056640625
0 0.16015625 0.857421875 0.052734375 0.052734375
0 0.50390625 0.638671875 0.05078125 0.05078125
0 0.38671875 0.005859375 0.048828125 0.048828125
0 0.60546875 0.4453125 0.048828125 0.048828125
0 0.376953125 0.328125 0.046875 0.046875
0 0.423828125 0.283203125 0.04296875 0.04296875
0 0.626953125 0.904296875 0.04296875 0.04296875
0 0.755859375 0.78125 0.041015625 0.041015625
0 0.861328125 0.662109375 0.037109375 0.037109375
0 0.134765625 0.21484375 0.037109375 0.037109375
0 0.830078125 0.6953125 0.037109375 0.037109375
0 0.146484375 0.044921875 0.03515625 0.03515625
0 0.443359375 0.666015625 0.033203125 0.033203125
0 0.302734375 0.9609375 0.033203125 0.033203125
0 0.20703125 0.640625 0.033203125 0.033203125
0 0.87890625 0.94140625 0.033203125 0.033203125
0 0.515625 0.013671875 0.033203125 0.033203125
0 0.080078125 0.21875 0.033203125 0.033203125
0 0.833984375 0.8671875 0.03125 0.03125
0 0.91796875 0.45703125 0.03125 0.03125
0 0.50390625 0.109375 0.03125 0.03125
0 0.021484375 0.71875 0.029296875 0.029296875
0 0.23046875 0.328125 0.029296875 0.029296875
0 0.595703125 0.82421875 0.02734375 0.02734375
0 0.388671875 0.158203125 0.02734375 0.02734375
0 0.5625 0.09765625 0.02734375 0.02734375
0 0.548828125 0.919921875 0.025390625 0.025390625
0 0.4140625 0.95703125 0.025390625 0.025390625
0 0.0390625 0.96875 0.025390625 0.025390625
0 0.34375 0.3046875 0.025390625 0.025390625
