0 0.634765625 0.416015625 0.314453125 0.314453125
0 0.318359375 0.04296875 0.189453125 0.189453125
0 0.09765625 0.669921875 0.16796875 0.16796875
0 0.271484375 0.59765625 0.162109375 0.162109375
0 0.18359375 0.30078125 0.146484375 0.146484375
0 0.197265625 0.974609375 0.126953125 0.126953125
0 0.435546875 0.3359375 0.119140625 0.119140625
0 0.203125 0.568359375 0.1171875 0.1171875
0 0.951171875 0.97265625 0.107421875 0.107421875
0 0.154296875 0.75390625 0.1015625 0.1015625
0 0.359375 0.373046875 0.1015625 0.1015625
0 0.75 0.02734375 0.083984375 0.083984375
0 0.525390625 0.3984375 0.080078125 0.080078125
0 0.314453125 0.73828125 0.080078125 0.080078125
0 0.25 0.14453125 0.078125 0.078125
0 0.443359375 0.201171875 0.07421875 0.07421875
0 0.80078125 0.861328125 0.072265625 0.072265625
0 0.63671875 0.255859375 0.0703125 0.0703125
0 0.09375 0.14453125 0.068359375 0.068359375
0 0.09375 0.193359375 0.06640625 0.06640625
0 0.220703125 0.013671875 0.064453125 0.064453125
0 0.453125 0.53125 0.064453125 0.064453125
0 0.673828125 0.478515625 0.0625 0.0625
0 0.166015625 0.361328125 0.060546875 0.060546875
0 0.3359375 0.431640625 0.060546875 0.060546875
0 0.41796875 0.880859375 0.060546875 0.060546875
0 0.794921875 0.755859375 0.0546875 0.0546875
0 0.3125 0.39453125 0.052734375 0.052734375
0 0.443359375 0.330078125 0.048828125 0.048828125
0 0.173828125 0.466796875 0.048828125 0.048828125
0 0.986328125 0.9765625 0.046875 0.046875
0 0.962890625 0.61328125 0.046875 0.046875
0 0.84375 0.796875 0.044921875 0.044921875
0 0.734375 0.71484375 0.044921875 0.044921875
0 0.611328125 0.97265625 0.044921875 0.044921875
0 0.755859375 0.447265625 0.04296875 0.04296875
0 0.21484375 0.806640625 0.041015625 0.041015625
0 0.82421875 0.9375 0.041015625 0.041015625
0 0.544921875 0.646484375 0.0390625 0.0390625
0 0.03515625 0.59765625 0.0390625 0.0390625
0 0.162109375 0.154296875 0.0390625 0.0390625
0 0.51953125 0.30078125 0.0390625 0.0390625
0 0.42578125 0.412109375 0.0390625 0.0390625
0 0.138671875 0.3359375 0.037109375 0.037109375
0 0.919921875 0.61328125 0.037109375 0.037109375
0 0.58203125 0.666015625 0.03515625 0.03515625
0 0.50390625 0.62109375 0.033203125 0.033203125
0 0.720703125 0.91015625 0.033203125 0.033203125
0 0.853515625 0.45703125 0.033203125 0.033203125
0 0.271484375 0.7890625 0.033203125 0.033203125
0 0.48046875 0.294921875 0.03125 0.03125
0 0.974609375 0.25390625 0.03125 0.03125
0 0.33984375 0.376953125 0.03125 0.03125
0 0.400390625 0.6953125 0.029296875 0.029296875
0 0.99609375 0.21484375 0.029296875 0.029296875
0 0.189453125 0.015625 0.02734375 0.02734375
0 0.60546875 0.76171875 0.02734375 0.02734375
0 0.8203125 0.619140625 0.02734375 0.02734375
0 0.97265625 0.04296875 0.02734375 0.02734375
0 0.775390625 0.986328125 0.02734375 0.02734375
