0 0.02734375 0.228515625 0.421875 0.421875
0 0.87109375 0.19140625 0.189453125 0.189453125
0 0.6796875 0.16015625 0.1171875 0.1171875
0 0.736328125 0.552734375 0.11328125 0.11328125
0 0.267578125 0.578125 0.109375 0.109375
0 0.6484375 0.576171875 0.1015625 0.1015625
0 0.099609375 0.189453125 0.09375 0.09375
0 0.283203125 0.42578125 0.083984375 0.083984375
0 0.26953125 0.912109375 0.080078125 0.080078125
0 0.298828125 0.83984375 0.078125 0.078125
0 0.60546875 0.26171875 0.072265625 0.072265625
0 0.78515625 0.302734375 0.064453125 0.064453125
0 0.76953125 0.287109375 0.064453125 0.064453125
0 0.994140625 0.505859375 0.0625 0.0625
0 0.150390625 0.0546875 0.0625 0.0625
0 0.81640625 0.423828125 0.060546875 0.060546875
0 0.498046875 0.595703125 0.056640625 0.056640625
0 0.62890625 0.517578125 0.048828125 0.048828125
0 0.0390625 0.42578125 0.046875 0.046875
0 0.849609375 0.548828125 0.041015625 0.041015625
0 0.681640625 0.298828125 0.0390625 0.0390625
0 0.44921875 0.119140625 0.037109375 0.037109375
0 0.763671875 0.650390625 0.03515625 0.03515625
0 0.08984375 0.70703125 0.03515625 0.03515625
0 0.744140625 0.18359375 0.033203125 0.033203125
0 0.267578125 0.2578125 0.033203125 0.033203125
0 0.287109375 0.12109375 0.033203125 0.033203125
0 0.302734375 0.359375 0.03125 0.03125
0 0.583984375 0.322265625 0.03125 0.03125
0 0.720703125 0.435546875 0.029296875 0.029296875
0 0.544921875 0.765625 0.029296875 0.029296875
0 0.615234375 0.37890625 0.029296875 0.029296875
0 0.0 0.50390625 0.025390625 0.025390625
