0 0.98046875 0.24609375 0.099609375 0.099609375
0 0.427734375 0.1875 0.087890625 0.087890625
0 0.18359375 0.57421875 0.080078125 0.080078125
0 0.703125 0.087890625 0.05859375 0.05859375
0 0.421875 0.173828125 0.048828125 0.048828125
0 0.443359375 0.5703125 0.037109375 0.037109375
0 0.130859375 0.978515625 0.03515625 0.03515625
0 0.826171875 0.181640625 0.03515625 0.03515625
0 0.14453125 0.8828125 0.029296875 0.029296875
0 0.541015625 0.732421875 0.02734375 0.02734375
0 0.779296875 0.736328125 0.02734375 0.02734375
0 0.115234375 0.439453125 0.02734375 0.02734375
0 0.0625 0.08984375 0.025390625 0.025390625
