0 0.96484375 0.134765625 0.068359375 0.068359375
0 0.626953125 0.091796875 0.0625 0.0625
0 0.759765625 0.173828125 0.060546875 0.060546875
0 0.5546875 0.1484375 0.05859375 0.05859375
0 0.5703125 0.240234375 0.044921875 0.044921875
0 0.17578125 0.111328125 0.037109375 0.037109375
0 0.46484375 0.1171875 0.03515625 0.03515625
0 0.673828125 0.00390625 0.025390625 0.025390625
0 0.86328125 0.158203125 0.025390625 0.025390625
0 0.14453125 0.677734375 0.1640625 0.1640625
0 0.958984375 0.341796875 0.154296875 0.154296875
0 0.189453125 0.83203125 0.154296875 0.154296875
0 0.708984375 0.4609375 0.15234375 0.15234375
0 0.26953125 0.794921875 0.150390625 0.150390625
0 0.5703125 0.896484375 0.1484375 0.1484375
0 0.35546875 0.748046875 0.11328125 0.11328125
0 0.72265625 0.650390625 0.11328125 0.11328125
0 0.69921875 0.955078125 0.10546875 0.10546875
0 0.439453125 0.736328125 0.08984375 0.08984375
0 0.794921875 0.712890625 0.068359375 0.068359375
0 0.1640625 0.95703125 0.06640625 0.06640625
0 0.072265625 0.8671875 0.056640625 0.056640625
0 0.23046875 0.48828125 0.052734375 0.052734375
0 0.55078125 0.955078125 0.052734375 0.052734375
0 0.46875 0.802734375 0.052734375 0.052734375
0 0.951171875 0.732421875 0.05078125 0.05078125
0 0.0390625 0.40234375 0.044921875 0.044921875
0 0.8515625 0.80859375 0.0390625 0.0390625
0 0.421875 0.76171875 0.0390625 0.0390625
0 0.115234375 0.591796875 0.03515625 0.03515625
0 0.419921875 0.5703125 0.033203125 0.033203125
0 0.0 0.462890625 0.033203125 0.033203125
0 0.9375 0.7890625 0.03125 0.03125
0 0.587890625 0.380859375 0.029296875 0.029296875
0 0.453125 0.96875 0.02734375 0.02734375
0 0.912109375 0.904296875 0.025390625 0.025390625
