0 0.15625 0.021484375 0.232421875 0.232421875
0 0.947265625 0.201171875 0.11328125 0.11328125
0 0.61328125 0.1328125 0.08203125 0.08203125
0 0.9921875 0.107421875 0.078125 0.078125
0 0.193359375 0.2265625 0.0625 0.0625
0 0.7421875 0.12890625 0.0625 0.0625
0 0.767578125 0.25390625 0.056640625 0.056640625
0 0.43359375 0.0703125 0.052734375 0.052734375
0 0.861328125 0.083984375 0.05078125 0.05078125
0 0.44140625 0.197265625 0.046875 0.046875
0 0.0703125 0.279296875 0.044921875 0.044921875
0 0.88671875 0.068359375 0.03515625 0.03515625
0 0.123046875 0.228515625 0.03515625 0.03515625
0 0.232421875 0.24609375 0.033203125 0.033203125
0 0.755859375 0.076171875 0.02734375 0.02734375
0 0.279296875 0.634765625 0.30859375 0.30859375
0 0.796875 0.951171875 0.171875 0.171875
0 0.884765625 0.353515625 0.142578125 0.142578125
0 0.875 0.896484375 0.095703125 0.095703125
0 0.8203125 0.826171875 0.091796875 0.091796875
0 0.6953125 0.482421875 0.072265625 0.072265625
0 0.107421875 0.736328125 0.072265625 0.072265625
0 0.669921875 0.681640625 0.0703125 0.0703125
0 0.130859375 0.7265625 0.060546875 0.060546875
0 0.748046875 0.78125 0.05859375 0.05859375
0 0.755859375 0.482421875 0.05859375 0.05859375
0 0.140625 0.40625 0.05859375 0.05859375
0 0.46875 0.53515625 0.0546875 0.0546875
0 0.216796875 0.681640625 0.052734375 0.052734375
0 0.759765625 0.69921875 0.044921875 0.044921875
0 0.53125 0.791015625 0.041015625 0.041015625
0 0.154296875 0.833984375 0.0390625 0.0390625
0 0.927734375 0.875 0.0390625 0.0390625
0 0.86328125 0.6171875 0.03515625 0.03515625
0 0.38671875 0.466796875 0.033203125 0.033203125
0 0.0390625 0.83203125 0.033203125 0.033203125
0 0.583984375 0.826171875 0.03125 0.03125
0 0.794921875 0.689453125 0.03125 0.03125
0 0.498046875 0.97265625 0.03125 0.03125
0 0.498046875 0.6171875 0.029296875 0.029296875
0 0.498046875 0.501953125 0.029296875 0.029296875
0 0.24609375 0.84375 0.025390625 0.025390625
0 0.853515625 0.625 0.025390625 0.025390625
