0 0.123046875 0.158203125 0.138671875 0.138671875
0 0.216796875 0.671875 0.064453125 0.064453125
0 0.17578125 0.595703125 0.056640625 0.056640625
0 0.171875 0.265625 0.048828125 0.048828125
0 0.826171875 0.744140625 0.048828125 0.048828125
0 0.970703125 0.75390625 0.046875 0.046875
0 0.96484375 0.94140625 0.037109375 0.037109375
0 0.423828125 0.38671875 0.037109375 0.037109375
0 0.5546875 0.982421875 0.033203125 0.033203125
0 0.625 0.658203125 0.029296875 0.029296875
0 0.724609375 0.21875 0.02734375 0.02734375
