0 0.328125 0.986328125 0.19921875 0.19921875
0 0.58203125 0.49609375 0.189453125 0.189453125
0 0.583984375 0.083984375 0.1484375 0.1484375
0 0.31640625 0.77734375 0.111328125 0.111328125
0 0.537109375 0.11328125 0.107421875 0.107421875
0 0.974609375 0.677734375 0.06640625 0.06640625
0 0.24609375 0.126953125 0.06640625 0.06640625
0 0.91796875 0.748046875 0.064453125 0.064453125
0 0.470703125 0.51953125 0.060546875 0.060546875
0 0.2265625 0.55078125 0.0546875 0.0546875
0 0.439453125 0.251953125 0.052734375 0.052734375
0 0.029296875 0.759765625 0.05078125 0.05078125
0 0.3203125 0.6328125 0.048828125 0.048828125
0 0.236328125 0.228515625 0.044921875 0.044921875
0 0.2265625 0.609375 0.04296875 0.04296875
0 0.08203125 0.900390625 0.0390625 0.0390625
0 0.19140625 0.87890625 0.037109375 0.037109375
0 0.962890625 0.880859375 0.03515625 0.03515625
0 0.921875 0.5703125 0.03515625 0.03515625
0 0.142578125 0.94921875 0.03515625 0.03515625
0 0.6015625 0.375 0.03515625 0.03515625
0 0.076171875 0.875 0.029296875 0.029296875
