0 0.484375 0.400390625 0.22265625 0.22265625
0 0.634765625 0.298828125 0.203125 0.203125
0 0.45703125 0.5234375 0.095703125 0.095703125
0 0.25390625 0.970703125 0.068359375 0.068359375
0 0.08984375 0.43359375 0.0625 0.0625
0 0.728515625 0.853515625 0.048828125 0.048828125
0 0.908203125 0.625 0.048828125 0.048828125
0 0.662109375 0.56640625 0.046875 0.046875
0 0.205078125 0.84375 0.04296875 0.04296875
0 0.365234375 0.244140625 0.03515625 0.03515625
0 0.7421875 0.24609375 0.033203125 0.033203125
0 0.951171875 0.4921875 0.03125 0.03125
0 0.53515625 0.931640625 0.03125 0.03125
0 0.80078125 0.681640625 0.03125 0.03125
0 0.9921875 0.546875 0.03125 0.03125
0 0.974609375 0.84765625 0.029296875 0.029296875
0 0.115234375 0.6953125 0.029296875 0.029296875
0 0.03515625 0.734375 0.02734375 0.02734375
0 0.814453125 0.666015625 0.025390625 0.025390625
