0 0.02734375 0.107421875 0.205078125 0.205078125
0 0.78125 0.0859375 0.083984375 0.083984375
0 0.587890625 0.2890625 0.05078125 0.05078125
0 0.765625 0.24609375 0.048828125 0.048828125
0 0.08984375 0.240234375 0.044921875 0.044921875
0 0.69140625 0.240234375 0.03515625 0.03515625
0 0.560546875 0.0546875 0.033203125 0.033203125
0 0.935546875 0.029296875 0.03125 0.03125
0 0.599609375 0.107421875 0.029296875 0.029296875
0 0.615234375 0.703125 0.224609375 0.224609375
0 0.697265625 0.40625 0.12109375 0.12109375
0 0.7265625 0.98828125 0.064453125 0.064453125
0 0.4453125 0.498046875 0.052734375 0.052734375
0 0.880859375 0.796875 0.04296875 0.04296875
0 0.923828125 0.626953125 0.03125 0.03125
0 0.14453125 0.591796875 0.03125 0.03125
0 0.716796875 0.341796875 0.03125 0.03125
0 0.453125 0.697265625 0.03125 0.03125
0 0.697265625 0.564453125 0.029296875 0.029296875
0 0.1015625 0.623046875 0.029296875 0.029296875
0 0.392578125 0.380859375 0.029296875 0.029296875
0 0.744140625 0.341796875 0.029296875 0.029296875
0 0.55859375 0.4453125 0.02734375 0.02734375
0 0.62109375 0.365234375 0.025390625 0.025390625
