0 0.544921875 0.533203125 0.263671875 0.263671875
0 0.830078125 0.203125 0.17578125 0.17578125
0 0.748046875 0.576171875 0.173828125 0.173828125
0 0.689453125 0.35546875 0.166015625 0.166015625
0 0.75390625 0.08984375 0.15625 0.15625
0 0.25390625 0.2265625 0.142578125 0.142578125
0 0.5546875 0.505859375 0.1171875 0.1171875
0 0.3984375 0.900390625 0.10546875 0.10546875
0 0.939453125 0.1640625 0.099609375 0.099609375
0 0.9609375 0.953125 0.09765625 0.09765625
0 0.6875 0.6796875 0.087890625 0.087890625
0 0.662109375 0.240234375 0.08203125 0.08203125
0 0.68359375 0.650390625 0.08203125 0.08203125
0 0.427734375 0.146484375 0.068359375 0.068359375
0 0.328125 0.75 0.064453125 0.064453125
0 0.333984375 0.04296875 0.0625 0.0625
0 0.35546875 0.49609375 0.060546875 0.060546875
0 0.890625 0.7734375 0.052734375 0.052734375
0 0.85546875 0.349609375 0.05078125 0.05078125
0 0.474609375 0.58203125 0.048828125 0.048828125
0 0.494140625 0.705078125 0.048828125 0.048828125
0 0.384765625 0.783203125 0.048828125 0.048828125
0 0.25390625 0.333984375 0.048828125 0.048828125
0 0.974609375 0.275390625 0.046875 0.046875
0 0.24609375 0.12890625 0.046875 0.046875
0 0.095703125 0.0859375 0.041015625 0.041015625
0 0.8125 0.705078125 0.041015625 0.041015625
0 0.396484375 0.498046875 0.0390625 0.0390625
0 0.876953125 0.498046875 0.037109375 0.037109375
0 0.623046875 0.904296875 0.03515625 0.03515625
0 0.638671875 0.828125 0.033203125 0.033203125
0 0.8671875 0.419921875 0.033203125 0.033203125
0 0.80859375 0.40625 0.03125 0.03125
0 0.109375 0.462890625 0.03125 0.03125
0 0.720703125 0.728515625 0.03125 0.03125
0 0.2734375 0.955078125 0.029296875 0.029296875
0 0.0625 0.080078125 0.029296875 0.029296875
0 0.009765625 0.794921875 0.02734375 0.02734375
