0 0.220703125 0.037109375 0.43359375 0.43359375
0 0.03515625 0.486328125 0.24609375 0.24609375
0 0.56640625 0.42578125 0.0859375 0.0859375
0 0.345703125 0.46875 0.052734375 0.052734375
0 0.62890625 0.423828125 0.05078125 0.05078125
0 0.416015625 0.541015625 0.048828125 0.048828125
0 0.373046875 0.390625 0.037109375 0.037109375
0 0.158203125 0.841796875 0.03125 0.03125
0 0.482421875 0.73828125 0.02734375 0.02734375
0 0.052734375 0.826171875 0.02734375 0.02734375
0 0.318359375 0.767578125 0.02734375 0.02734375
0 0.861328125 0.97265625 0.072265625 0.072265625
0 0.8515625 0.740234375 0.0390625 0.0390625
0 0.76171875 0.18359375 0.037109375 0.037109375
0 0.8359375 0.19921875 0.03125 0.03125
