0 0.09375 0.275390625 0.205078125 0.205078125
0 0.744140625 0.984375 0.17578125 0.17578125
0 0.236328125 0.3515625 0.1328125 0.1328125
0 0.251953125 0.005859375 0.125 0.125
0 0.5078125 0.8359375 0.103515625 0.103515625
0 0.37890625 0.376953125 0.09375 0.09375
0 0.52734375 0.0234375 0.091796875 0.091796875
0 0.35546875 0.17578125 0.0859375 0.0859375
0 0.05859375 0.16796875 0.07421875 0.07421875
0 0.6640625 0.8203125 0.0703125 0.0703125
0 0.119140625 0.966796875 0.0703125 0.0703125
0 0.451171875 0.603515625 0.0703125 0.0703125
0 0.15234375 0.12109375 0.0703125 0.0703125
0 0.91015625 0.1171875 0.0703125 0.0703125
0 0.26953125 0.150390625 0.068359375 0.068359375
0 0.982421875 0.4140625 0.068359375 0.068359375
0 0.484375 0.3359375 0.06640625 0.06640625
0 0.208984375 0.83984375 0.064453125 0.064453125
0 0.8828125 0.130859375 0.0625 0.0625
0 0.240234375 0.216796875 0.0625 0.0625
0 0.4609375 0.466796875 0.060546875 0.060546875
0 0.0 0.10546875 0.0546875 0.0546875
0 0.75 0.197265625 0.0546875 0.0546875
0 0.599609375 0.876953125 0.048828125 0.048828125
0 0.658203125 0.056640625 0.046875 0.046875
0 0.41015625 0.853515625 0.046875 0.046875
0 0.67578125 0.318359375 0.04296875 0.04296875
0 0.95703125 0.578125 0.0390625 0.0390625
0 0.701171875 0.45703125 0.037109375 0.037109375
0 0.267578125 0.615234375 0.037109375 0.037109375
0 0.705078125 0.150390625 0.037109375 0.037109375
0 0.16796875 0.48046875 0.03515625 0.03515625
0 0.41796875 0.49609375 0.03515625 0.03515625
0 0.580078125 0.181640625 0.03515625 0.03515625
0 0.66796875 0.888671875 0.033203125 0.033203125
0 0.68359375 0.056640625 0.029296875 0.029296875
0 0.765625 0.310546875 0.029296875 0.029296875
0 0.748046875 0.125 0.029296875 0.029296875
0 0.470703125 0.259765625 0.02734375 0.02734375
0 0.0 0.869140625 0.02734375 0.02734375
0 0.9609375 0.390625 0.02734375 0.02734375
0 0.48828125 0.068359375 0.02734375 0.02734375
0 0.423828125 0.373046875 0.02734375 0.02734375
0 0.19921875 0.189453125 0.02734375 0.02734375
0 0.853515625 0.154296875 0.02734375 0.02734375
0 0.03515625 0.681640625 0.02734375 0.02734375
0 0.865234375 0.34375 0.025390625 0.025390625
0 0.927734375 0.908203125 0.025390625 0.025390625
0 0.498046875 0.29296875 0.025390625 0.025390625
