0 0.056640625 0.12890625 0.50390625 0.50390625
0 0.208984375 0.388671875 0.16015625 0.16015625
0 0.982421875 0.560546875 0.150390625 0.150390625
0 0.40625 0.255859375 0.140625 0.140625
0 0.119140625 0.34375 0.08984375 0.08984375
0 0.19140625 0.236328125 0.087890625 0.087890625
0 0.4609375 0.12890625 0.0859375 0.0859375
0 0.509765625 0.185546875 0.083984375 0.083984375
0 0.16796875 0.583984375 0.076171875 0.076171875
0 0.638671875 0.12109375 0.072265625 0.072265625
0 0.53515625 0.09375 0.06640625 0.06640625
0 0.45703125 0.060546875 0.05859375 0.05859375
0 0.279296875 0.720703125 0.0546875 0.0546875
0 0.705078125 0.466796875 0.05078125 0.05078125
0 0.1953125 0.5390625 0.048828125 0.048828125
0 0.2421875 0.853515625 0.041015625 0.041015625
0 0.197265625 0.728515625 0.029296875 0.029296875
0 0.34765625 0.1875 0.029296875 0.029296875
0 0.0390625 0.4609375 0.025390625 0.025390625
0 0.12109375 0.75 0.025390625 0.025390625
0 0.408203125 0.1875 0.025390625 0.025390625
