0 0.421875 0.80859375 0.3046875 0.3046875
0 0.109375 0.5 0.240234375 0.240234375
0 0.0546875 0.404296875 0.1171875 0.1171875
0 0.98046875 0.421875 0.115234375 0.115234375
0 0.060546875 0.763671875 0.11328125 0.11328125
0 0.94921875 0.779296875 0.109375 0.109375
0 0.150390625 0.900390625 0.08984375 0.08984375
0 0.888671875 0.14453125 0.0859375 0.0859375
0 0.185546875 0.94140625 0.083984375 0.083984375
0 0.77734375 0.28125 0.083984375 0.083984375
0 0.763671875 0.23046875 0.083984375 0.083984375
0 0.931640625 0.81640625 0.076171875 0.076171875
0 0.025390625 0.478515625 0.076171875 0.076171875
0 0.482421875 0.9453125 0.068359375 0.068359375
0 0.767578125 0.533203125 0.05859375 0.05859375
0 0.099609375 0.841796875 0.05859375 0.05859375
0 0.53515625 0.30078125 0.056640625 0.056640625
0 0.59375 0.0390625 0.052734375 0.052734375
0 0.0 0.607421875 0.052734375 0.052734375
0 0.556640625 0.24609375 0.05078125 0.05078125
0 0.392578125 0.556640625 0.048828125 0.048828125
0 0.662109375 0.828125 0.044921875 0.044921875
0 0.26171875 0.849609375 0.041015625 0.041015625
0 0.572265625 0.203125 0.037109375 0.037109375
0 0.93359375 0.638671875 0.03515625 0.03515625
0 0.984375 0.09765625 0.03515625 0.03515625
0 0.537109375 0.630859375 0.033203125 0.033203125
0 0.978515625 0.689453125 0.03125 0.03125
0 0.193359375 0.990234375 0.03125 0.03125
0 0.63671875 0.8984375 0.029296875 0.029296875
0 0.78515625 0.556640625 0.02734375 0.02734375
0 0.322265625 0.6328125 0.02734375 0.02734375
0 0.806640625 0.72265625 0.02734375 0.02734375
0 0.57421875 0.330078125 0.025390625 0.025390625
