0 0.681640625 0.787109375 0.16015625 0.16015625
0 0.46875 0.716796875 0.1484375 0.1484375
0 0.66015625 0.56640625 0.146484375 0.146484375
0 0.857421875 0.740234375 0.099609375 0.099609375
0 0.66015625 0.45703125 0.09765625 0.09765625
0 0.62890625 0.673828125 0.08203125 0.08203125
0 0.572265625 0.525390625 0.068359375 0.068359375
0 0.224609375 0.41796875 0.046875 0.046875
0 0.21484375 0.03125 0.04296875 0.04296875
0 0.73828125 0.896484375 0.0390625 0.0390625
0 0.265625 0.09375 0.037109375 0.037109375
0 0.259765625 0.310546875 0.037109375 0.037109375
0 0.919921875 0.77734375 0.03515625 0.03515625
0 0.8828125 0.291015625 0.033203125 0.033203125
0 0.7578125 0.86328125 0.03125 0.03125
0 0.00390625 0.111328125 0.029296875 0.029296875
0 0.00390625 0.958984375 0.029296875 0.029296875
