0 0.185546875 0.24609375 0.166015625 0.166015625
0 0.08984375 0.572265625 0.1484375 0.1484375
0 0.03125 0.3203125 0.138671875 0.138671875
0 0.310546875 0.79296875 0.072265625 0.072265625
0 0.21484375 0.4921875 0.068359375 0.068359375
0 0.298828125 0.232421875 0.041015625 0.041015625
0 0.302734375 0.935546875 0.037109375 0.037109375
0 0.2109375 0.908203125 0.03515625 0.03515625
0 0.09375 0.275390625 0.03515625 0.03515625
0 0.07421875 0.291015625 0.029296875 0.029296875
0 0.052734375 0.697265625 0.029296875 0.029296875
0 0.1171875 0.259765625 0.02734375 0.02734375
0 0.248046875 0.19921875 0.025390625 0.025390625
0 0.75390625 0.708984375 0.171875 0.171875
0 0.560546875 0.49609375 0.126953125 0.126953125
0 0.625 0.373046875 0.1171875 0.1171875
0 0.74609375 0.1484375 0.111328125 0.111328125
0 0.970703125 0.11328125 0.083984375 0.083984375
0 0.63671875 0.765625 0.078125 0.078125
0 0.525390625 0.2578125 0.07421875 0.07421875
0 0.921875 0.162109375 0.06640625 0.06640625
0 0.72265625 0.07421875 0.060546875 0.060546875
0 0.5546875 0.576171875 0.060546875 0.060546875
0 0.982421875 0.625 0.056640625 0.056640625
0 0.484375 0.5390625 0.05078125 0.05078125
0 0.794921875 0.853515625 0.041015625 0.041015625
0 0.39453125 0.974609375 0.03515625 0.03515625
0 0.63671875 0.3203125 0.03515625 0.03515625
0 0.85546875 0.078125 0.033203125 0.033203125
0 0.53515625 0.74609375 0.029296875 0.029296875
0 0.451171875 0.978515625 0.02734375 0.02734375
