0 0.46875 0.30859375 0.18359375 0.18359375
0 0.205078125 0.0078125 0.1640625 0.1640625
0 0.810546875 0.724609375 0.14453125 0.14453125
0 0.51953125 0.427734375 0.11328125 0.11328125
0 0.470703125 0.755859375 0.1015625 0.1015625
0 0.333984375 0.380859375 0.099609375 0.099609375
0 0.03125 0.46484375 0.09375 0.09375
0 0.90625 0.109375 0.07421875 0.07421875
0 0.15625 0.13671875 0.068359375 0.068359375
0 0.01171875 0.869140625 0.056640625 0.056640625
0 0.533203125 0.16015625 0.0546875 0.0546875
0 0.439453125 0.59375 0.05078125 0.05078125
0 0.037109375 0.71484375 0.048828125 0.048828125
0 0.67578125 0.1875 0.048828125 0.048828125
0 0.57421875 0.478515625 0.04296875 0.04296875
0 0.2265625 0.845703125 0.04296875 0.04296875
0 0.87109375 0.201171875 0.041015625 0.041015625
0 0.14453125 0.7578125 0.041015625 0.041015625
0 0.390625 0.703125 0.037109375 0.037109375
0 0.041015625 0.212890625 0.037109375 0.037109375
0 0.23828125 0.861328125 0.03515625 0.03515625
0 0.205078125 0.830078125 0.03515625 0.03515625
0 0.6328125 0.48828125 0.033203125 0.033203125
0 0.1328125 0.677734375 0.033203125 0.033203125
0 0.310546875 0.921875 0.03125 0.03125
0 0.5390625 0.091796875 0.02734375 0.02734375
0 0.474609375 0.611328125 0.02734375 0.02734375
0 0.189453125 0.67578125 0.02734375 0.02734375
0 0.212890625 0.689453125 0.02734375 0.02734375
0 0.267578125 0.333984375 0.025390625 0.025390625
