0 0.8828125 0.771484375 0.236328125 0.236328125
0 0.65234375 0.4453125 0.21875 0.21875
0 0.05859375 0.31640625 0.15234375 0.15234375
0 0.650390625 0.662109375 0.11328125 0.11328125
0 0.978515625 0.888671875 0.109375 0.109375
0 0.115234375 0.892578125 0.10546875 0.10546875
0 0.1875 0.275390625 0.09765625 0.09765625
0 0.9765625 0.27734375 0.087890625 0.087890625
0 0.30859375 0.400390625 0.080078125 0.080078125
0 0.1875 0.822265625 0.080078125 0.080078125
0 0.564453125 0.478515625 0.078125 0.078125
0 0.599609375 0.875 0.076171875 0.076171875
0 0.33203125 0.91015625 0.07421875 0.07421875
0 0.27734375 0.95703125 0.0703125 0.0703125
0 0.0390625 0.59765625 0.0703125 0.0703125
0 0.3359375 0.5 0.068359375 0.068359375
0 0.373046875 0.56640625 0.064453125 0.064453125
0 0.07421875 0.771484375 0.056640625 0.056640625
0 0.2734375 0.830078125 0.056640625 0.056640625
0 0.62890625 0.8828125 0.0546875 0.0546875
0 0.908203125 0.3828125 0.048828125 0.048828125
0 0.0390625 0.662109375 0.046875 0.046875
0 0.0703125 0.44921875 0.044921875 0.044921875
0 0.544921875 0.390625 0.04296875 0.04296875
0 0.642578125 0.564453125 0.04296875 0.04296875
0 0.9765625 0.630859375 0.04296875 0.04296875
0 0.337890625 0.9609375 0.041015625 0.041015625
0 0.185546875 0.181640625 0.0390625 0.0390625
0 0.064453125 0.6640625 0.037109375 0.037109375
0 0.748046875 0.87890625 0.033203125 0.033203125
0 0.796875 0.4765625 0.033203125 0.033203125
0 0.328125 0.974609375 0.033203125 0.033203125
0 0.681640625 0.8984375 0.029296875 0.029296875
0 0.654296875 0.755859375 0.029296875 0.029296875
0 0.25 0.55859375 0.02734375 0.02734375
0 0.462890625 0.625 0.02734375 0.02734375
0 0.51953125 0.6171875 0.02734375 0.02734375
0 0.244140625 0.841796875 0.025390625 0.025390625
0 0.2890625 0.515625 0.025390625 0.025390625
0 0.47265625 0.54296875 0.025390625 0.025390625
