0 0.05859375 0.236328125 0.322265625 0.322265625
0 0.771484375 0.400390625 0.162109375 0.162109375
0 0.607421875 0.40234375 0.14453125 0.14453125
0 0.09765625 0.2109375 0.123046875 0.123046875
0 0.568359375 0.1875 0.10546875 0.10546875
0 0.943359375 0.86328125 0.091796875 0.091796875
0 0.30859375 0.119140625 0.08984375 0.08984375
0 0.70703125 0.798828125 0.087890625 0.087890625
0 0.0390625 0.171875 0.087890625 0.087890625
0 0.0078125 0.931640625 0.08203125 0.08203125
0 0.587890625 0.53515625 0.08203125 0.08203125
0 0.5 0.4609375 0.080078125 0.080078125
0 0.529296875 0.166015625 0.080078125 0.080078125
0 0.607421875 0.09765625 0.080078125 0.080078125
0 0.607421875 0.09765625 0.078125 0.078125
0 0.935546875 0.720703125 0.0703125 0.0703125
0 0.255859375 0.373046875 0.068359375 0.068359375
0 0.0078125 0.56640625 0.068359375 0.068359375
0 0.865234375 0.560546875 0.06640625 0.06640625
0 0.9453125 0.75390625 0.06640625 0.06640625
0 0.5390625 0.9453125 0.064453125 0.064453125
0 0.00390625 0.326171875 0.0625 0.0625
0 0.708984375 0.736328125 0.05859375 0.05859375
0 0.357421875 0.234375 0.056640625 0.056640625
0 0.81640625 0.19921875 0.056640625 0.056640625
0 0.30078125 0.26953125 0.0546875 0.0546875
0 0.708984375 0.26171875 0.0546875 0.0546875
0 0.81640625 0.46875 0.0546875 0.0546875
0 0.162109375 0.521484375 0.0546875 0.0546875
0 0.1796875 0.7578125 0.0546875 0.0546875
0 0.205078125 0.873046875 0.05078125 0.05078125
0 0.18359375 0.833984375 0.048828125 0.048828125
0 0.169921875 0.865234375 0.046875 0.046875
0 0.73046875 0.134765625 0.046875 0.046875
0 0.25 0.216796875 0.044921875 0.044921875
0 0.328125 0.81640625 0.044921875 0.044921875
0 0.041015625 0.630859375 0.04296875 0.04296875
0 0.943359375 0.990234375 0.041015625 0.041015625
0 0.130859375 0.806640625 0.041015625 0.041015625
0 0.388671875 0.19140625 0.0390625 0.0390625
0 0.32421875 0.015625 0.0390625 0.0390625
0 0.6640625 0.701171875 0.0390625 0.0390625
0 0.0 0.970703125 0.037109375 0.037109375
0 0.33984375 0.7265625 0.037109375 0.037109375
0 0.5078125 0.044921875 0.03515625 0.03515625
0 0.587890625 0.49609375 0.03515625 0.03515625
0 0.763671875 0.560546875 0.03515625 0.03515625
0 0.8984375 0.1953125 0.033203125 0.033203125
0 0.482421875 0.921875 0.033203125 0.033203125
0 0.349609375 0.53125 0.03125 0.03125
0 0.6875 0.21484375 0.03125 0.03125
0 0.44921875 0.939453125 0.03125 0.03125
0 0.447265625 0.576171875 0.03125 0.03125
0 0.3984375 0.564453125 0.029296875 0.029296875
0 0.9375 0.939453125 0.029296875 0.029296875
0 0.923828125 0.9609375 0.029296875 0.029296875
0 0.24609375 0.193359375 0.029296875 0.029296875
0 0.2734375 0.193359375 0.029296875 0.029296875
0 0.74609375 0.265625 0.029296875 0.029296875
0 0.814453125 0.28515625 0.02734375 0.02734375
0 0.533203125 0.775390625 0.025390625 0.025390625
0 0.630859375 0.927734375 0.025390625 0.025390625
