0 0.162109375 0.552734375 0.287109375 0.287109375
0 0.96875 0.90234375 0.154296875 0.154296875
0 0.890625 0.3203125 0.1484375 0.1484375
0 0.4296875 0.142578125 0.134765625 0.134765625
0 0.234375 0.033203125 0.130859375 0.130859375
0 0.4765625 0.369140625 0.126953125 0.126953125
0 0.609375 0.728515625 0.115234375 0.115234375
0 0.115234375 0.2734375 0.10546875 0.10546875
0 0.677734375 0.0078125 0.09765625 0.09765625
0 0.36328125 0.6640625 0.087890625 0.087890625
0 0.990234375 0.89453125 0.08203125 0.08203125
0 0.669921875 0.736328125 0.064453125 0.064453125
0 0.8203125 0.11328125 0.0625 0.0625
0 0.203125 0.275390625 0.0625 0.0625
0 0.791015625 0.8671875 0.05859375 0.05859375
0 0.158203125 0.009765625 0.05078125 0.05078125
0 0.791015625 0.048828125 0.05078125 0.05078125
0 0.72265625 0.421875 0.048828125 0.048828125
0 0.734375 0.701171875 0.044921875 0.044921875
0 0.583984375 0.494140625 0.044921875 0.044921875
0 0.9765625 0.1015625 0.041015625 0.041015625
0 0.28515625 0.96484375 0.041015625 0.041015625
0 0.671875 0.861328125 0.041015625 0.041015625
0 0.845703125 0.412109375 0.0390625 0.0390625
0 0.3828125 0.974609375 0.037109375 0.037109375
0 0.87890625 0.791015625 0.037109375 0.037109375
0 0.466796875 0.810546875 0.03515625 0.03515625
0 0.29296875 0.001953125 0.03515625 0.03515625
0 0.40625 0.037109375 0.033203125 0.033203125
0 0.103515625 0.123046875 0.03125 0.03125
0 0.26953125 0.302734375 0.029296875 0.029296875
0 0.59375 0.578125 0.02734375 0.02734375
0 0.58203125 0.974609375 0.02734375 0.02734375
0 0.822265625 0.16796875 0.02734375 0.02734375
0 0.212890625 0.72265625 0.02734375 0.02734375
0 0.189453125 0.392578125 0.025390625 0.025390625
0 0.0703125 0.384765625 0.025390625 0.025390625
0 0.03125 0.65625 0.025390625 0.025390625
