0 0.453125 0.048828125 0.29296875 0.29296875
0 0.3203125 0.384765625 0.283203125 0.283203125
0 0.328125 0.958984375 0.203125 0.203125
0 0.53125 0.455078125 0.16015625 0.16015625
0 0.87890625 0.2890625 0.146484375 0.146484375
0 0.23828125 0.033203125 0.138671875 0.138671875
0 0.25 0.25390625 0.130859375 0.130859375
0 0.099609375 0.162109375 0.12890625 0.12890625
0 0.123046875 0.078125 0.09765625 0.09765625
0 0.0234375 0.072265625 0.09765625 0.09765625
0 0.333984375 0.5546875 0.08984375 0.08984375
0 0.912109375 0.884765625 0.08203125 0.08203125
0 0.708984375 0.255859375 0.07421875 0.07421875
0 0.341796875 0.458984375 0.07421875 0.07421875
0 0.74609375 0.216796875 0.0703125 0.0703125
0 0.37890625 0.119140625 0.068359375 0.068359375
0 0.724609375 0.91796875 0.064453125 0.064453125
0 0.00390625 0.541015625 0.064453125 0.064453125
0 0.009765625 0.83984375 0.05859375 0.05859375
0 0.169921875 0.484375 0.05078125 0.05078125
0 0.546875 0.3359375 0.048828125 0.048828125
0 0.212890625 0.55078125 0.048828125 0.048828125
0 0.904296875 0.96875 0.046875 0.046875
0 0.146484375 0.541015625 0.044921875 0.044921875
0 0.04296875 0.302734375 0.041015625 0.041015625
0 0.39453125 0.4609375 0.041015625 0.041015625
0 0.7890625 0.888671875 0.0390625 0.0390625
0 0.255859375 0.52734375 0.0390625 0.0390625
0 0.634765625 0.21875 0.037109375 0.037109375
0 0.521484375 0.458984375 0.037109375 0.037109375
0 0.1015625 0.916015625 0.037109375 0.037109375
0 0.263671875 0.509765625 0.03515625 0.03515625
0 0.5390625 0.6484375 0.033203125 0.033203125
0 0.984375 0.7734375 0.033203125 0.033203125
0 0.935546875 0.45703125 0.033203125 0.033203125
0 0.517578125 0.08203125 0.03125 0.03125
0 0.341796875 0.677734375 0.03125 0.03125
0 0.990234375 0.68359375 0.029296875 0.029296875
0 0.498046875 0.39453125 0.029296875 0.029296875
0 0.640625 0.359375 0.029296875 0.029296875
0 0.5703125 0.623046875 0.029296875 0.029296875
0 0.109375 0.251953125 0.02734375 0.02734375
0 0.923828125 0.47265625 0.025390625 0.025390625
0 0.869140625 0.478515625 0.025390625 0.025390625
0 0.072265625 0.033203125 0.025390625 0.025390625
0 0.3359375 0.16796875 0.025390625 0.025390625
