0 0.015625 0.419921875 0.201171875 0.201171875
0 0.845703125 0.06640625 0.181640625 0.181640625
0 0.77734375 0.4140625 0.138671875 0.138671875
0 0.80078125 0.654296875 0.13671875 0.13671875
0 0.681640625 0.423828125 0.11328125 0.11328125
0 0.43359375 0.7421875 0.091796875 0.091796875
0 0.853515625 0.81640625 0.087890625 0.087890625
0 0.525390625 0.912109375 0.087890625 0.087890625
0 0.447265625 0.01953125 0.087890625 0.087890625
0 0.994140625 0.18359375 0.0859375 0.0859375
0 0.966796875 0.453125 0.08203125 0.08203125
0 0.47265625 0.48046875 0.064453125 0.064453125
0 0.611328125 0.166015625 0.0625 0.0625
0 0.76953125 0.080078125 0.05859375 0.05859375
0 0.705078125 0.716796875 0.056640625 0.056640625
0 0.51953125 0.271484375 0.0546875 0.0546875
0 0.91015625 0.939453125 0.0546875 0.0546875
0 0.650390625 0.228515625 0.048828125 0.048828125
0 0.1328125 0.61328125 0.048828125 0.048828125
0 0.548828125 0.861328125 0.04296875 0.04296875
0 0.65234375 0.240234375 0.04296875 0.04296875
0 0.681640625 0.86328125 0.04296875 0.04296875
0 0.7421875 0.775390625 0.041015625 0.041015625
0 0.17578125 0.091796875 0.03515625 0.03515625
0 0.6015625 0.158203125 0.033203125 0.033203125
0 0.27734375 0.365234375 0.033203125 0.033203125
0 0.978515625 0.10546875 0.02734375 0.02734375
0 0.58203125 0.09765625 0.02734375 0.02734375
0 0.11328125 0.265625 0.025390625 0.025390625
