0 0.544921875 0.322265625 0.083984375 0.083984375
0 0.49609375 0.134765625 0.083984375 0.083984375
0 0.029296875 0.240234375 0.06640625 0.06640625
0 0.337890625 0.060546875 0.06640625 0.06640625
0 0.521484375 0.25 0.060546875 0.060546875
0 0.669921875 0.044921875 0.056640625 0.056640625
0 0.099609375 0.32421875 0.048828125 0.048828125
0 0.849609375 0.0546875 0.044921875 0.044921875
0 0.3125 0.15234375 0.03515625 0.03515625
0 0.580078125 0.080078125 0.03515625 0.03515625
0 0.416015625 0.251953125 0.033203125 0.033203125
0 0.451171875 0.154296875 0.03125 0.03125
0 0.86328125 0.328125 0.03125 0.03125
0 0.205078125 0.294921875 0.029296875 0.029296875
0 0.51953125 0.1484375 0.029296875 0.029296875
0 0.08203125 0.26171875 0.029296875 0.029296875
0 0.34765625 0.005859375 0.025390625 0.025390625
0 0.275390625 0.654296875 0.16015625 0.16015625
0 0.4609375 0.896484375 0.09375 0.09375
0 0.27734375 0.650390625 0.08984375 0.08984375
0 0.7265625 0.650390625 0.087890625 0.087890625
0 0.3125 0.53125 0.078125 0.078125
0 0.52734375 0.91796875 0.076171875 0.076171875
0 0.353515625 0.712890625 0.076171875 0.076171875
0 0.904296875 0.34375 0.07421875 0.07421875
0 0.48046875 0.578125 0.07421875 0.07421875
0 0.81640625 0.6015625 0.06640625 0.06640625
0 0.6640625 0.8203125 0.05859375 0.05859375
0 0.904296875 0.560546875 0.056640625 0.056640625
0 0.009765625 0.705078125 0.052734375 0.052734375
0 0.73046875 0.61328125 0.046875 0.046875
0 0.7265625 0.96484375 0.046875 0.046875
0 0.1484375 0.904296875 0.044921875 0.044921875
0 0.099609375 0.857421875 0.044921875 0.044921875
0 0.048828125 0.78515625 0.04296875 0.04296875
0 0.4609375 0.748046875 0.04296875 0.04296875
0 0.048828125 0.828125 0.04296875 0.04296875
0 0.58203125 0.578125 0.041015625 0.041015625
0 0.310546875 0.462890625 0.041015625 0.041015625
0 0.61328125 0.806640625 0.037109375 0.037109375
0 0.763671875 0.578125 0.03515625 0.03515625
0 0.193359375 0.482421875 0.03515625 0.03515625
0 0.765625 0.53125 0.03515625 0.03515625
0 0.4609375 0.404296875 0.033203125 0.033203125
0 0.52734375 0.61328125 0.029296875 0.029296875
0 0.67578125 0.720703125 0.02734375 0.02734375
0 0.306640625 0.720703125 0.02734375 0.02734375
0 0.30078125 0.40625 0.025390625 0.025390625
0 0.087890625 0.87890625 0.025390625 0.025390625
