0 0.380859375 0.3515625 0.22265625 0.22265625
0 0.130859375 0.732421875 0.154296875 0.154296875
0 0.666015625 0.203125 0.123046875 0.123046875
0 0.333984375 0.900390625 0.12109375 0.12109375
0 0.228515625 0.857421875 0.09765625 0.09765625
0 0.83203125 0.1640625 0.095703125 0.095703125
0 0.69921875 0.953125 0.087890625 0.087890625
0 0.181640625 0.923828125 0.0546875 0.0546875
0 0.7109375 0.787109375 0.052734375 0.052734375
0 0.826171875 0.515625 0.046875 0.046875
0 0.884765625 0.78125 0.0390625 0.0390625
0 0.96875 0.689453125 0.037109375 0.037109375
0 0.111328125 0.388671875 0.03125 0.03125
0 0.322265625 0.9453125 0.02734375 0.02734375
