0 0.658203125 0.138671875 0.263671875 0.263671875
0 0.212890625 0.26171875 0.083984375 0.083984375
0 0.4609375 0.0234375 0.0703125 0.0703125
0 0.67578125 0.14453125 0.060546875 0.060546875
0 0.7421875 0.26171875 0.052734375 0.052734375
0 0.14453125 0.322265625 0.0390625 0.0390625
0 0.32421875 0.564453125 0.21875 0.21875
0 0.955078125 0.9375 0.193359375 0.193359375
0 0.876953125 0.767578125 0.140625 0.140625
0 0.59765625 0.62890625 0.123046875 0.123046875
0 0.87890625 0.576171875 0.095703125 0.095703125
0 0.09375 0.466796875 0.080078125 0.080078125
0 0.52734375 0.8984375 0.072265625 0.072265625
0 0.33984375 0.8359375 0.0390625 0.0390625
0 0.7578125 0.541015625 0.0390625 0.0390625
0 0.720703125 0.673828125 0.03515625 0.03515625
0 0.03515625 0.462890625 0.033203125 0.033203125
