0 0.255859375 0.8515625 0.34765625 0.34765625
0 0.873046875 0.025390625 0.091796875 0.091796875
0 0.775390625 0.94921875 0.076171875 0.076171875
0 0.154296875 0.421875 0.05859375 0.05859375
0 0.650390625 0.01171875 0.05859375 0.05859375
0 0.634765625 0.89453125 0.05078125 0.05078125
0 0.244140625 0.3359375 0.04296875 0.04296875
0 0.201171875 0.525390625 0.04296875 0.04296875
0 0.3125 0.32421875 0.041015625 0.041015625
0 0.296875 0.5859375 0.037109375 0.037109375
0 0.81640625 0.068359375 0.03515625 0.03515625
0 0.830078125 0.275390625 0.03125 0.03125
0 0.55078125 0.001953125 0.03125 0.03125
0 0.3203125 0.30078125 0.02734375 0.02734375
0 0.2421875 0.61328125 0.025390625 0.025390625
