0 0.046875 0.9765625 0.310546875 0.310546875
0 0.134765625 0.27734375 0.283203125 0.283203125
0 0.5234375 0.775390625 0.203125 0.203125
0 0.384765625 0.6875 0.171875 0.171875
0 0.55859375 0.201171875 0.140625 0.140625
0 0.9609375 0.015625 0.13671875 0.13671875
0 0.376953125 0.005859375 0.125 0.125
0 0.322265625 0.09375 0.111328125 0.111328125
0 0.048828125 0.0546875 0.08984375 0.08984375
0 0.685546875 0.82421875 0.0859375 0.0859375
0 0.48828125 0.4609375 0.083984375 0.083984375
0 0.29296875 0.9921875 0.08203125 0.08203125
0 0.572265625 0.01171875 0.076171875 0.076171875
0 0.505859375 0.91796875 0.072265625 0.072265625
0 0.677734375 0.0546875 0.0703125 0.0703125
0 0.763671875 0.857421875 0.060546875 0.060546875
0 0.935546875 0.603515625 0.056640625 0.056640625
0 0.36328125 0.953125 0.0546875 0.0546875
0 0.294921875 0.689453125 0.052734375 0.052734375
0 0.099609375 0.736328125 0.05078125 0.05078125
0 0.861328125 0.908203125 0.048828125 0.048828125
0 0.921875 0.96875 0.046875 0.046875
0 0.376953125 0.412109375 0.046875 0.046875
0 0.642578125 0.861328125 0.046875 0.046875
0 0.318359375 0.4140625 0.044921875 0.044921875
0 0.66796875 0.505859375 0.044921875 0.044921875
0 0.474609375 0.966796875 0.044921875 0.044921875
0 0.6796875 0.455078125 0.041015625 0.041015625
0 0.38671875 0.326171875 0.041015625 0.041015625
0 0.6796875 0.6484375 0.037109375 0.037109375
0 0.4765625 0.361328125 0.03515625 0.03515625
0 0.693359375 0.1328125 0.03515625 0.03515625
0 0.611328125 0.98828125 0.03515625 0.03515625
0 0.7265625 0.533203125 0.03125 0.03125
0 0.517578125 0.95703125 0.03125 0.03125
0 0.04296875 0.642578125 0.029296875 0.029296875
0 0.7265625 0.701171875 0.029296875 0.029296875
0 0.396484375 0.478515625 0.029296875 0.029296875
0 0.11328125 0.978515625 0.02734375 0.02734375
