0 0.533203125 0.857421875 0.1875 0.1875
0 0.3203125 0.51171875 0.15234375 0.15234375
0 0.177734375 0.92578125 0.1171875 0.1171875
0 0.517578125 0.66796875 0.11328125 0.11328125
0 0.060546875 0.6953125 0.107421875 0.107421875
0 0.21484375 0.6015625 0.08984375 0.08984375
0 0.908203125 0.876953125 0.080078125 0.080078125
0 0.8203125 0.392578125 0.078125 0.078125
0 0.26171875 0.830078125 0.078125 0.078125
0 0.716796875 0.9140625 0.078125 0.078125
0 0.359375 0.91015625 0.05859375 0.05859375
0 0.142578125 0.93359375 0.0546875 0.0546875
0 0.37109375 0.7421875 0.046875 0.046875
0 0.34765625 0.65625 0.04296875 0.04296875
0 0.51171875 0.46484375 0.037109375 0.037109375
0 0.431640625 0.609375 0.037109375 0.037109375
0 0.1015625 0.87109375 0.037109375 0.037109375
0 0.330078125 0.708984375 0.033203125 0.033203125
0 0.830078125 0.310546875 0.03125 0.03125
0 0.986328125 0.76953125 0.03125 0.03125
0 0.8671875 0.625 0.02734375 0.02734375
0 0.095703125 0.814453125 0.02734375 0.02734375
0 0.892578125 0.080078125 0.025390625 0.025390625
