0 0.064453125 0.083984375 0.083984375 0.083984375
0 0.919921875 0.220703125 0.08203125 0.08203125
0 0.796875 0.05078125 0.072265625 0.072265625
0 0.21875 0.1953125 0.0546875 0.0546875
0 0.09765625 0.169921875 0.041015625 0.041015625
0 0.890625 0.087890625 0.0390625 0.0390625
0 0.966796875 0.322265625 0.0390625 0.0390625
0 0.822265625 0.103515625 0.033203125 0.033203125
0 0.427734375 0.18359375 0.02734375 0.02734375
0 0.109375 0.328125 0.025390625 0.025390625
0 0.53125 0.66015625 0.169921875 0.169921875
0 0.6875 0.720703125 0.08203125 0.08203125
0 0.333984375 0.64453125 0.078125 0.078125
0 0.197265625 0.865234375 0.076171875 0.076171875
0 0.5390625 0.34765625 0.072265625 0.072265625
0 0.0859375 0.853515625 0.0703125 0.0703125
0 0.80078125 0.779296875 0.0703125 0.0703125
0 0.0625 0.40625 0.0703125 0.0703125
0 0.65234375 0.935546875 0.0703125 0.0703125
0 0.6015625 0.87109375 0.068359375 0.068359375
0 0.25 0.99609375 0.068359375 0.068359375
0 0.802734375 0.462890625 0.0625 0.0625
0 0.158203125 0.994140625 0.05859375 0.05859375
0 0.42578125 0.72265625 0.0546875 0.0546875
0 0.904296875 0.88671875 0.0546875 0.0546875
0 0.857421875 0.576171875 0.052734375 0.052734375
0 0.6875 0.41796875 0.046875 0.046875
0 0.1875 0.966796875 0.044921875 0.044921875
0 0.83984375 0.689453125 0.041015625 0.041015625
0 0.48046875 0.990234375 0.03515625 0.03515625
0 0.9765625 0.6328125 0.03515625 0.03515625
0 0.90625 0.375 0.03515625 0.03515625
0 0.431640625 0.9375 0.029296875 0.029296875
0 0.1953125 0.509765625 0.02734375 0.02734375
