0 0.0078125 0.064453125 0.22265625 0.22265625
0 0.322265625 0.693359375 0.201171875 0.201171875
0 0.806640625 0.158203125 0.111328125 0.111328125
0 0.427734375 0.1796875 0.109375 0.109375
0 0.111328125 0.345703125 0.103515625 0.103515625
0 0.19921875 0.587890625 0.103515625 0.103515625
0 0.20703125 0.4375 0.087890625 0.087890625
0 0.349609375 0.60546875 0.0859375 0.0859375
0 0.353515625 0.078125 0.08203125 0.08203125
0 0.01171875 0.69140625 0.078125 0.078125
0 0.8125 0.294921875 0.072265625 0.072265625
0 0.03515625 0.158203125 0.072265625 0.072265625
0 0.33984375 0.171875 0.072265625 0.072265625
0 0.0390625 0.623046875 0.064453125 0.064453125
0 0.306640625 0.3828125 0.0625 0.0625
0 0.287109375 0.90234375 0.060546875 0.060546875
0 0.44921875 0.65625 0.060546875 0.060546875
0 0.59375 0.591796875 0.060546875 0.060546875
0 0.220703125 0.06640625 0.052734375 0.052734375
0 0.828125 0.48828125 0.052734375 0.052734375
0 0.0546875 0.72265625 0.05078125 0.05078125
0 0.298828125 0.556640625 0.05078125 0.05078125
0 0.0703125 0.419921875 0.048828125 0.048828125
0 0.822265625 0.62109375 0.046875 0.046875
0 0.640625 0.48828125 0.046875 0.046875
0 0.587890625 0.8828125 0.044921875 0.044921875
0 0.919921875 0.095703125 0.044921875 0.044921875
0 0.701171875 0.22265625 0.0390625 0.0390625
0 0.224609375 0.701171875 0.0390625 0.0390625
0 0.6796875 0.416015625 0.0390625 0.0390625
0 0.048828125 0.455078125 0.037109375 0.037109375
0 0.033203125 0.990234375 0.037109375 0.037109375
0 0.947265625 0.333984375 0.03515625 0.03515625
0 0.373046875 0.513671875 0.03515625 0.03515625
0 0.78125 0.552734375 0.03515625 0.03515625
0 0.806640625 0.587890625 0.033203125 0.033203125
0 0.0390625 0.79296875 0.033203125 0.033203125
0 0.041015625 0.234375 0.03125 0.03125
0 0.453125 0.341796875 0.03125 0.03125
0 0.63671875 0.5234375 0.03125 0.03125
0 0.51171875 0.849609375 0.03125 0.03125
0 0.39453125 0.26953125 0.029296875 0.029296875
0 0.76953125 0.6875 0.029296875 0.029296875
0 0.11328125 0.173828125 0.02734375 0.02734375
0 0.189453125 0.84375 0.025390625 0.025390625
0 0.90625 0.501953125 0.025390625 0.025390625
0 0.669921875 0.107421875 0.025390625 0.025390625
0 0.9296875 0.3203125 0.025390625 0.025390625
