0 0.142578125 0.064453125 0.98046875 0.98046875
0 0.650390625 0.59375 0.21484375 0.21484375
0 0.357421875 0.5703125 0.181640625 0.181640625
0 0.109375 0.00390625 0.177734375 0.177734375
0 0.794921875 0.37109375 0.16015625 0.16015625
0 0.55859375 0.5078125 0.140625 0.140625
0 0.701171875 0.2421875 0.12890625 0.12890625
0 0.15234375 0.13671875 0.12109375 0.12109375
0 0.005859375 0.962890625 0.115234375 0.115234375
0 0.849609375 0.751953125 0.115234375 0.115234375
0 0.755859375 0.09765625 0.09765625 0.09765625
0 0.822265625 0.83203125 0.09765625 0.09765625
0 0.099609375 0.93359375 0.095703125 0.095703125
0 0.34765625 0.8515625 0.095703125 0.095703125
0 0.158203125 0.5546875 0.09375 0.09375
0 0.958984375 0.478515625 0.091796875 0.091796875
0 0.685546875 0.759765625 0.08984375 0.08984375
0 0.76171875 0.953125 0.087890625 0.087890625
0 0.90234375 0.65625 0.0859375 0.0859375
0 0.61328125 0.505859375 0.0859375 0.0859375
0 0.0390625 0.599609375 0.078125 0.078125
0 0.107421875 0.498046875 0.076171875 0.076171875
0 0.044921875 0.45703125 0.072265625 0.072265625
0 0.642578125 0.87890625 0.0703125 0.0703125
0 0.01953125 0.224609375 0.0703125 0.0703125
0 0.35546875 0.943359375 0.056640625 0.056640625
0 0.29296875 0.833984375 0.0546875 0.0546875
0 0.521484375 0.611328125 0.052734375 0.052734375
0 0.0078125 0.275390625 0.048828125 0.048828125
0 0.892578125 0.2578125 0.048828125 0.048828125
0 0.28515625 0.99609375 0.046875 0.046875
0 0.193359375 0.1328125 0.044921875 0.044921875
0 0.279296875 0.685546875 0.044921875 0.044921875
0 0.61328125 0.822265625 0.044921875 0.044921875
0 0.2421875 0.8046875 0.041015625 0.041015625
0 0.83203125 0.92578125 0.041015625 0.041015625
0 0.70703125 0.708984375 0.041015625 0.041015625
0 0.2421875 0.115234375 0.041015625 0.041015625
0 0.322265625 0.265625 0.041015625 0.041015625
0 0.185546875 0.744140625 0.0390625 0.0390625
0 0.046875 0.900390625 0.037109375 0.037109375
0 0.357421875 0.015625 0.037109375 0.037109375
0 0.853515625 0.64453125 0.033203125 0.033203125
0 0.990234375 0.25390625 0.033203125 0.033203125
0 0.46875 0.876953125 0.03125 0.03125
0 0.916015625 0.6875 0.029296875 0.029296875
0 0.453125 0.162109375 0.02734375 0.02734375
0 0.1015625 0.771484375 0.02734375 0.02734375
0 0.080078125 0.154296875 0.02734375 0.02734375
0 0.27734375 0.31640625 0.025390625 0.025390625
