0 0.423828125 0.111328125 0.78515625 0.78515625
0 0.73828125 0.6875 0.669921875 0.669921875
0 0.53125 0.0390625 0.171875 0.171875
0 0.857421875 0.1953125 0.16015625 0.16015625
0 0.990234375 0.048828125 0.16015625 0.16015625
0 0.322265625 0.94140625 0.146484375 0.146484375
0 0.056640625 0.197265625 0.12890625 0.12890625
0 0.9765625 0.09375 0.126953125 0.126953125
0 0.234375 0.95703125 0.1171875 0.1171875
0 0.96875 0.265625 0.09375 0.09375
0 0.115234375 0.38671875 0.080078125 0.080078125
0 0.5390625 0.794921875 0.080078125 0.080078125
0 0.185546875 0.07421875 0.07421875 0.07421875
0 0.4453125 0.931640625 0.060546875 0.060546875
0 0.123046875 0.078125 0.046875 0.046875
0 0.005859375 0.1953125 0.044921875 0.044921875
0 0.130859375 0.865234375 0.041015625 0.041015625
0 0.310546875 0.908203125 0.03515625 0.03515625
0 0.21875 0.744140625 0.033203125 0.033203125
0 0.369140625 0.0546875 0.029296875 0.029296875
0 0.037109375 0.623046875 0.029296875 0.029296875
0 0.970703125 0.787109375 0.02734375 0.02734375
0 0.587890625 0.8515625 0.02734375 0.02734375
0 0.994140625 0.80078125 0.02734375 0.02734375
0 0.171875 0.029296875 0.02734375 0.02734375
0 0.166015625 0.244140625 0.02734375 0.02734375
0 0.412109375 0.900390625 0.025390625 0.025390625
0 0.3125 0.54296875 0.025390625 0.025390625
