0 0.302734375 0.806640625 0.09765625 0.09765625
0 0.373046875 0.220703125 0.0703125 0.0703125
0 0.48828125 0.484375 0.0625 0.0625
0 0.244140625 0.1484375 0.0625 0.0625
0 0.390625 0.640625 0.056640625 0.056640625
0 0.908203125 0.5234375 0.05078125 0.05078125
0 0.15234375 0.701171875 0.048828125 0.048828125
0 0.36328125 0.3359375 0.046875 0.046875
0 0.44140625 0.49609375 0.046875 0.046875
0 0.451171875 0.240234375 0.046875 0.046875
0 0.798828125 0.9140625 0.041015625 0.041015625
0 0.408203125 0.248046875 0.0390625 0.0390625
0 0.572265625 0.21484375 0.0390625 0.0390625
0 0.474609375 0.912109375 0.037109375 0.037109375
0 0.462890625 0.56640625 0.03515625 0.03515625
0 0.388671875 0.15234375 0.03125 0.03125
0 0.51953125 0.46484375 0.03125 0.03125
0 0.57421875 0.310546875 0.03125 0.03125
0 0.44921875 0.640625 0.03125 0.03125
0 0.251953125 0.923828125 0.029296875 0.029296875
0 0.001953125 0.169921875 0.02734375 0.02734375
0 0.138671875 0.724609375 0.02734375 0.02734375
0 0.4140625 0.81640625 0.025390625 0.025390625
