0 0.12890625 0.763671875 0.33984375 0.33984375
0 0.0 0.470703125 0.150390625 0.150390625
0 0.365234375 0.783203125 0.1484375 0.1484375
0 0.42578125 0.451171875 0.1328125 0.1328125
0 0.46484375 0.63671875 0.095703125 0.095703125
0 0.412109375 0.240234375 0.07421875 0.07421875
0 0.328125 0.484375 0.0703125 0.0703125
0 0.7265625 0.58203125 0.068359375 0.068359375
0 0.0078125 0.767578125 0.06640625 0.06640625
0 0.365234375 0.38671875 0.06640625 0.06640625
0 0.359375 0.845703125 0.064453125 0.064453125
0 0.955078125 0.984375 0.0546875 0.0546875
0 0.111328125 0.037109375 0.052734375 0.052734375
0 0.81640625 0.818359375 0.05078125 0.05078125
0 0.017578125 0.19921875 0.048828125 0.048828125
0 0.75 0.080078125 0.046875 0.046875
0 0.224609375 0.361328125 0.046875 0.046875
0 0.568359375 0.1171875 0.044921875 0.044921875
0 0.9453125 0.501953125 0.044921875 0.044921875
0 0.53515625 0.208984375 0.04296875 0.04296875
0 0.775390625 0.62890625 0.041015625 0.041015625
0 0.81640625 0.142578125 0.041015625 0.041015625
0 0.96875 0.337890625 0.0390625 0.0390625
0 0.478515625 0.212890625 0.0390625 0.0390625
0 0.013671875 0.99609375 0.0390625 0.0390625
0 0.65234375 0.20703125 0.0390625 0.0390625
0 0.849609375 0.138671875 0.03515625 0.03515625
0 0.076171875 0.6171875 0.033203125 0.033203125
0 0.984375 0.21875 0.033203125 0.033203125
0 0.328125 0.150390625 0.033203125 0.033203125
0 0.609375 0.232421875 0.033203125 0.033203125
0 0.5546875 0.4375 0.03125 0.03125
0 0.0078125 0.677734375 0.03125 0.03125
0 0.572265625 0.283203125 0.03125 0.03125
0 0.263671875 0.646484375 0.03125 0.03125
0 0.921875 0.916015625 0.029296875 0.029296875
0 0.166015625 0.1796875 0.029296875 0.029296875
0 0.84375 0.876953125 0.02734375 0.02734375
0 0.5546875 0.671875 0.02734375 0.02734375
0 0.8046875 0.46484375 0.025390625 0.025390625
0 0.994140625 0.841796875 0.025390625 0.025390625
0 0.701171875 0.140625 0.025390625 0.025390625
0 0.47265625 0.015625 0.025390625 0.025390625
0 0.7421875 0.3203125 0.025390625 0.025390625
0 0.3203125 0.802734375 0.025390625 0.025390625
