0 0.416015625 0.984375 0.7109375 0.7109375
0 0.95703125 0.30078125 0.208984375 0.208984375
0 0.708984375 0.326171875 0.169921875 0.169921875
0 0.810546875 0.130859375 0.15234375 0.15234375
0 0.564453125 0.36328125 0.138671875 0.138671875
0 0.154296875 0.072265625 0.119140625 0.119140625
0 0.1875 0.322265625 0.1015625 0.1015625
0 0.134765625 0.140625 0.08984375 0.08984375
0 0.763671875 0.322265625 0.08203125 0.08203125
0 0.400390625 0.3203125 0.080078125 0.080078125
0 0.64453125 0.095703125 0.080078125 0.080078125
0 0.626953125 0.7109375 0.078125 0.078125
0 0.439453125 0.048828125 0.076171875 0.076171875
0 0.47265625 0.248046875 0.0625 0.0625
0 0.865234375 0.205078125 0.05859375 0.05859375
0 0.0390625 0.125 0.05078125 0.05078125
0 0.1796875 0.66015625 0.048828125 0.048828125
0 0.0 0.818359375 0.048828125 0.048828125
0 0.037109375 0.69921875 0.04296875 0.04296875
0 0.03515625 0.986328125 0.0390625 0.0390625
0 0.177734375 0.716796875 0.037109375 0.037109375
0 0.875 0.044921875 0.037109375 0.037109375
0 0.765625 0.55859375 0.03515625 0.03515625
0 0.93359375 0.740234375 0.03515625 0.03515625
0 0.0546875 0.919921875 0.03515625 0.03515625
0 0.345703125 0.072265625 0.03125 0.03125
0 0.755859375 0.796875 0.029296875 0.029296875
0 0.734375 0.86328125 0.029296875 0.029296875
0 0.3359375 0.544921875 0.029296875 0.029296875
0 0.775390625 0.36328125 0.02734375 0.02734375
0 0.146484375 0.74609375 0.02734375 0.02734375
0 0.935546875 0.04296875 0.02734375 0.02734375
0 0.923828125 0.923828125 0.025390625 0.025390625
0 0.4375 0.55078125 0.025390625 0.025390625
