0 0.72265625 0.99609375 0.19140625 0.19140625
0 0.76171875 0.1953125 0.14453125 0.14453125
0 0.888671875 0.705078125 0.099609375 0.099609375
0 0.9375 0.078125 0.09765625 0.09765625
0 0.607421875 0.6875 0.080078125 0.080078125
0 0.984375 0.908203125 0.05859375 0.05859375
0 0.095703125 0.736328125 0.05078125 0.05078125
0 0.986328125 0.8203125 0.05078125 0.05078125
0 0.640625 0.927734375 0.048828125 0.048828125
0 0.955078125 0.529296875 0.046875 0.046875
0 0.396484375 0.271484375 0.044921875 0.044921875
0 0.435546875 0.001953125 0.04296875 0.04296875
0 0.9453125 0.03125 0.0390625 0.0390625
0 0.921875 0.94140625 0.0390625 0.0390625
0 0.509765625 0.861328125 0.03125 0.03125
0 0.97265625 0.384765625 0.03125 0.03125
0 0.556640625 0.193359375 0.02734375 0.02734375
0 0.482421875 0.09375 0.02734375 0.02734375
