0 0.517578125 0.3515625 0.185546875 0.185546875
0 0.8125 0.931640625 0.177734375 0.177734375
0 0.5078125 0.66796875 0.16015625 0.16015625
0 0.095703125 0.212890625 0.15234375 0.15234375
0 0.845703125 0.42578125 0.150390625 0.150390625
0 0.529296875 0.04296875 0.12109375 0.12109375
0 0.263671875 0.673828125 0.115234375 0.115234375
0 0.099609375 0.71875 0.10546875 0.10546875
0 0.53125 0.794921875 0.095703125 0.095703125
0 0.3125 0.87109375 0.08984375 0.08984375
0 0.482421875 0.015625 0.087890625 0.087890625
0 0.1328125 0.455078125 0.0859375 0.0859375
0 0.880859375 0.767578125 0.083984375 0.083984375
0 0.146484375 0.169921875 0.08203125 0.08203125
0 0.759765625 0.7734375 0.068359375 0.068359375
0 0.990234375 0.232421875 0.068359375 0.068359375
0 0.3828125 0.82421875 0.06640625 0.06640625
0 0.142578125 0.583984375 0.060546875 0.060546875
0 0.671875 0.716796875 0.0546875 0.0546875
0 0.16015625 0.802734375 0.052734375 0.052734375
0 0.556640625 0.931640625 0.05078125 0.05078125
0 0.25 0.7890625 0.048828125 0.048828125
0 0.396484375 0.087890625 0.048828125 0.048828125
0 0.419921875 0.669921875 0.048828125 0.048828125
0 0.0390625 0.611328125 0.046875 0.046875
0 0.625 0.212890625 0.046875 0.046875
0 0.515625 0.94921875 0.046875 0.046875
0 0.810546875 0.642578125 0.04296875 0.04296875
0 0.359375 0.30859375 0.0390625 0.0390625
0 0.75 0.23828125 0.0390625 0.0390625
0 0.689453125 0.48828125 0.0390625 0.0390625
0 0.595703125 0.31640625 0.0390625 0.0390625
0 0.58203125 0.095703125 0.037109375 0.037109375
0 0.412109375 0.966796875 0.037109375 0.037109375
0 0.28125 0.228515625 0.037109375 0.037109375
0 0.76953125 0.328125 0.03515625 0.03515625
0 0.51953125 0.181640625 0.03515625 0.03515625
0 0.974609375 0.98828125 0.033203125 0.033203125
0 0.44921875 0.064453125 0.029296875 0.029296875
0 0.259765625 0.3203125 0.02734375 0.02734375
0 0.703125 0.001953125 0.02734375 0.02734375
0 0.0 0.478515625 0.02734375 0.02734375
0 0.8359375 0.23046875 0.025390625 0.025390625
