0 0.73828125 0.576171875 0.36328125 0.36328125
0 0.923828125 0.03125 0.18359375 0.18359375
0 0.5390625 0.23046875 0.1328125 0.1328125
0 0.62890625 0.6484375 0.130859375 0.130859375
0 0.404296875 0.58984375 0.10546875 0.10546875
0 0.595703125 0.833984375 0.087890625 0.087890625
0 0.203125 0.4375 0.080078125 0.080078125
0 0.982421875 0.64453125 0.076171875 0.076171875
0 0.390625 0.146484375 0.07421875 0.07421875
0 0.6640625 0.421875 0.0703125 0.0703125
0 0.20703125 0.0078125 0.064453125 0.064453125
0 0.447265625 0.63671875 0.064453125 0.064453125
0 0.703125 0.85546875 0.0625 0.0625
0 0.03125 0.41015625 0.060546875 0.060546875
0 0.658203125 0.306640625 0.060546875 0.060546875
0 0.611328125 0.431640625 0.056640625 0.056640625
0 0.8203125 0.779296875 0.056640625 0.056640625
0 0.515625 0.908203125 0.056640625 0.056640625
0 0.37890625 0.443359375 0.0546875 0.0546875
0 0.533203125 0.8359375 0.052734375 0.052734375
0 0.1171875 0.61328125 0.05078125 0.05078125
0 0.2890625 0.177734375 0.048828125 0.048828125
0 0.32421875 0.166015625 0.048828125 0.048828125
0 0.724609375 0.609375 0.048828125 0.048828125
0 0.232421875 0.31640625 0.046875 0.046875
0 0.974609375 0.0 0.044921875 0.044921875
0 0.240234375 0.48046875 0.0390625 0.0390625
0 0.572265625 0.453125 0.033203125 0.033203125
0 0.568359375 0.619140625 0.033203125 0.033203125
0 0.41796875 0.82421875 0.033203125 0.033203125
0 0.16015625 0.375 0.033203125 0.033203125
0 0.275390625 0.849609375 0.03125 0.03125
0 0.44921875 0.158203125 0.03125 0.03125
0 0.326171875 0.421875 0.029296875 0.029296875
0 0.435546875 0.783203125 0.02734375 0.02734375
0 0.23828125 0.564453125 0.02734375 0.02734375
0 0.76953125 0.076171875 0.025390625 0.025390625
0 0.1796875 0.68359375 0.025390625 0.025390625
0 0.1328125 0.384765625 0.025390625 0.025390625
