0 0.296875 0.3984375 0.23046875 0.23046875
0 0.158203125 0.66015625 0.130859375 0.130859375
0 0.44921875 0.548828125 0.119140625 0.119140625
0 0.962890625 0.59765625 0.119140625 0.119140625
0 0.0546875 0.51171875 0.1015625 0.1015625
0 0.740234375 0.734375 0.087890625 0.087890625
0 0.5703125 0.22265625 0.078125 0.078125
0 0.669921875 0.720703125 0.072265625 0.072265625
0 0.494140625 0.677734375 0.056640625 0.056640625
0 0.83203125 0.919921875 0.0546875 0.0546875
0 0.166015625 0.779296875 0.052734375 0.052734375
0 0.263671875 0.771484375 0.05078125 0.05078125
0 0.8984375 0.3046875 0.041015625 0.041015625
0 0.6328125 0.96484375 0.0390625 0.0390625
0 0.517578125 0.845703125 0.0390625 0.0390625
0 0.765625 0.751953125 0.037109375 0.037109375
0 0.365234375 0.205078125 0.033203125 0.033203125
0 0.333984375 0.310546875 0.033203125 0.033203125
0 0.0625 0.607421875 0.033203125 0.033203125
0 0.70703125 0.775390625 0.03125 0.03125
0 0.337890625 0.376953125 0.029296875 0.029296875
0 0.119140625 0.548828125 0.029296875 0.029296875
0 0.296875 0.21875 0.029296875 0.029296875
0 0.958984375 0.685546875 0.029296875 0.029296875
0 0.470703125 0.0390625 0.02734375 0.02734375
0 0.837890625 0.771484375 0.025390625 0.025390625
0 0.130859375 0.595703125 0.025390625 0.025390625
