0 0.1953125 0.7734375 0.298828125 0.298828125
0 0.140625 0.73046875 0.109375 0.109375
0 0.12890625 0.16796875 0.07421875 0.07421875
0 0.12109375 0.5546875 0.07421875 0.07421875
0 0.24609375 0.728515625 0.060546875 0.060546875
0 0.9453125 0.966796875 0.05859375 0.05859375
0 0.91796875 0.955078125 0.05859375 0.05859375
0 0.42578125 0.556640625 0.056640625 0.056640625
0 0.689453125 0.48828125 0.052734375 0.052734375
0 0.71875 0.3359375 0.052734375 0.052734375
0 0.603515625 0.9453125 0.048828125 0.048828125
0 0.345703125 0.890625 0.046875 0.046875
0 0.064453125 0.173828125 0.04296875 0.04296875
0 0.326171875 0.583984375 0.041015625 0.041015625
0 0.03515625 0.6484375 0.037109375 0.037109375
0 0.25 0.625 0.033203125 0.033203125
0 0.376953125 0.9296875 0.033203125 0.033203125
0 0.51171875 0.705078125 0.03125 0.03125
0 0.646484375 0.06640625 0.02734375 0.02734375
0 0.185546875 0.27734375 0.02734375 0.02734375
0 0.32421875 0.4140625 0.02734375 0.02734375
0 0.09375 0.9765625 0.025390625 0.025390625
0 0.3515625 0.435546875 0.025390625 0.025390625
