0 0.6875 0.966796875 0.17578125 0.17578125
0 0.634765625 0.880859375 0.154296875 0.154296875
0 0.826171875 0.123046875 0.142578125 0.142578125
0 0.43359375 0.484375 0.134765625 0.134765625
0 0.37890625 0.98046875 0.1328125 0.1328125
0 0.29296875 0.6484375 0.111328125 0.111328125
0 0.37890625 0.11328125 0.107421875 0.107421875
0 0.109375 0.0546875 0.10546875 0.10546875
0 0.849609375 0.28125 0.095703125 0.095703125
0 0.279296875 0.220703125 0.091796875 0.091796875
0 0.20703125 0.509765625 0.087890625 0.087890625
0 0.779296875 0.619140625 0.087890625 0.087890625
0 0.8203125 0.875 0.08203125 0.08203125
0 0.517578125 0.544921875 0.076171875 0.076171875
0 0.279296875 0.892578125 0.076171875 0.076171875
0 0.544921875 0.125 0.064453125 0.064453125
0 0.107421875 0.771484375 0.064453125 0.064453125
0 0.91015625 0.27734375 0.0625 0.0625
0 0.115234375 0.10546875 0.05859375 0.05859375
0 0.451171875 0.375 0.056640625 0.056640625
0 0.494140625 0.09765625 0.056640625 0.056640625
0 0.943359375 0.666015625 0.056640625 0.056640625
0 0.556640625 0.55859375 0.052734375 0.052734375
0 0.060546875 0.16015625 0.05078125 0.05078125
0 0.0546875 0.720703125 0.046875 0.046875
0 0.400390625 0.353515625 0.044921875 0.044921875
0 0.703125 0.58203125 0.044921875 0.044921875
0 0.794921875 0.0078125 0.044921875 0.044921875
0 0.376953125 0.74609375 0.04296875 0.04296875
0 0.0390625 0.794921875 0.041015625 0.041015625
0 0.951171875 0.921875 0.0390625 0.0390625
0 0.771484375 0.365234375 0.037109375 0.037109375
0 0.064453125 0.328125 0.03515625 0.03515625
0 0.728515625 0.6484375 0.033203125 0.033203125
0 0.93359375 0.34765625 0.033203125 0.033203125
0 0.8359375 0.47265625 0.03125 0.03125
0 0.4140625 0.583984375 0.03125 0.03125
0 0.978515625 0.705078125 0.029296875 0.029296875
0 0.185546875 0.640625 0.029296875 0.029296875
0 0.392578125 0.1796875 0.02734375 0.02734375
