0 0.2890625 0.5234375 0.630859375 0.630859375
0 0.005859375 0.84375 0.251953125 0.251953125
0 0.650390625 0.67578125 0.20703125 0.20703125
0 0.279296875 0.009765625 0.15234375 0.15234375
0 0.439453125 0.005859375 0.123046875 0.123046875
0 0.42578125 0.244140625 0.11328125 0.11328125
0 0.623046875 0.1953125 0.099609375 0.099609375
0 0.552734375 0.83984375 0.08984375 0.08984375
0 0.576171875 0.392578125 0.068359375 0.068359375
0 0.076171875 0.56640625 0.064453125 0.064453125
0 0.71484375 0.568359375 0.0625 0.0625
0 0.7734375 0.0390625 0.05859375 0.05859375
0 0.486328125 0.705078125 0.056640625 0.056640625
0 0.09375 0.587890625 0.0546875 0.0546875
0 0.83984375 0.197265625 0.0546875 0.0546875
0 0.384765625 0.201171875 0.0546875 0.0546875
0 0.134765625 0.927734375 0.048828125 0.048828125
0 0.796875 0.1875 0.046875 0.046875
0 0.83984375 0.294921875 0.044921875 0.044921875
0 0.31640625 0.423828125 0.044921875 0.044921875
0 0.140625 0.505859375 0.044921875 0.044921875
0 0.859375 0.232421875 0.04296875 0.04296875
0 0.939453125 0.888671875 0.04296875 0.04296875
0 0.6875 0.8984375 0.041015625 0.041015625
0 0.982421875 0.57421875 0.0390625 0.0390625
0 0.052734375 0.396484375 0.0390625 0.0390625
0 0.32421875 0.212890625 0.03125 0.03125
0 0.283203125 0.169921875 0.03125 0.03125
0 0.87109375 0.255859375 0.029296875 0.029296875
0 0.841796875 0.8125 0.029296875 0.029296875
0 0.701171875 0.876953125 0.029296875 0.029296875
0 0.7265625 0.177734375 0.02734375 0.02734375
0 0.44921875 0.919921875 0.02734375 0.02734375
0 0.767578125 0.109375 0.02734375 0.02734375
0 0.8828125 0.15234375 0.025390625 0.025390625
0 0.919921875 0.849609375 0.025390625 0.025390625
