0 0.22265625 0.013671875 0.15625 0.15625
0 0.419921875 0.869140625 0.12109375 0.12109375
0 0.080078125 0.982421875 0.083984375 0.083984375
0 0.263671875 0.833984375 0.072265625 0.072265625
0 0.01953125 0.5703125 0.068359375 0.068359375
0 0.072265625 0.8515625 0.05859375 0.05859375
0 0.111328125 0.9609375 0.056640625 0.056640625
0 0.044921875 0.576171875 0.0546875 0.0546875
0 0.171875 0.974609375 0.052734375 0.052734375
0 0.095703125 0.859375 0.044921875 0.044921875
0 0.54296875 0.865234375 0.044921875 0.044921875
0 0.3984375 0.802734375 0.041015625 0.041015625
0 0.630859375 0.958984375 0.041015625 0.041015625
0 0.255859375 0.783203125 0.0390625 0.0390625
0 0.521484375 0.64453125 0.033203125 0.033203125
0 0.501953125 0.173828125 0.03125 0.03125
0 0.87890625 0.8515625 0.03125 0.03125
