0 0.869140625 0.623046875 0.154296875 0.154296875
0 0.310546875 0.82421875 0.119140625 0.119140625
0 0.6640625 0.861328125 0.10546875 0.10546875
0 0.72265625 0.2109375 0.103515625 0.103515625
0 0.4375 0.376953125 0.099609375 0.099609375
0 0.052734375 0.158203125 0.09375 0.09375
0 0.515625 0.509765625 0.080078125 0.080078125
0 0.484375 0.630859375 0.0703125 0.0703125
0 0.388671875 0.90234375 0.056640625 0.056640625
0 0.15625 0.0390625 0.056640625 0.056640625
0 0.921875 0.900390625 0.046875 0.046875
0 0.640625 0.78125 0.044921875 0.044921875
0 0.14453125 0.861328125 0.04296875 0.04296875
0 0.658203125 0.611328125 0.041015625 0.041015625
0 0.3984375 0.509765625 0.0390625 0.0390625
0 0.7890625 0.3984375 0.037109375 0.037109375
0 0.712890625 0.9296875 0.037109375 0.037109375
0 0.23046875 0.46484375 0.037109375 0.037109375
0 0.84765625 0.51171875 0.03515625 0.03515625
0 0.84765625 0.33203125 0.033203125 0.033203125
0 0.08984375 0.908203125 0.033203125 0.033203125
0 0.263671875 0.0859375 0.033203125 0.033203125
0 0.90625 0.142578125 0.033203125 0.033203125
0 0.248046875 0.505859375 0.033203125 0.033203125
0 0.896484375 0.80078125 0.03125 0.03125
0 0.482421875 0.236328125 0.03125 0.03125
0 0.673828125 0.716796875 0.029296875 0.029296875
0 0.392578125 0.8515625 0.029296875 0.029296875
0 0.326171875 0.109375 0.029296875 0.029296875
0 0.232421875 0.826171875 0.02734375 0.02734375
0 0.650390625 0.1171875 0.02734375 0.02734375
0 0.50390625 0.283203125 0.02734375 0.02734375
0 0.044921875 0.33203125 0.025390625 0.025390625
0 0.271484375 0.193359375 0.025390625 0.025390625
0 0.49609375 0.16796875 0.025390625 0.025390625
0 0.583984375 0.046875 0.025390625 0.025390625
