0 0.068359375 0.4453125 0.16796875 0.16796875
0 0.189453125 0.595703125 0.162109375 0.162109375
0 0.685546875 0.982421875 0.138671875 0.138671875
0 0.900390625 0.87109375 0.103515625 0.103515625
0 0.587890625 0.064453125 0.091796875 0.091796875
0 0.84375 0.552734375 0.087890625 0.087890625
0 0.6796875 0.1875 0.078125 0.078125
0 0.333984375 0.7890625 0.07421875 0.07421875
0 0.564453125 0.92578125 0.068359375 0.068359375
0 0.5390625 0.50390625 0.064453125 0.064453125
0 0.28125 0.251953125 0.056640625 0.056640625
0 0.728515625 0.6796875 0.048828125 0.048828125
0 0.123046875 0.244140625 0.044921875 0.044921875
0 0.1796875 0.306640625 0.04296875 0.04296875
0 0.435546875 0.439453125 0.041015625 0.041015625
0 0.19140625 0.4453125 0.0390625 0.0390625
0 0.091796875 0.916015625 0.03515625 0.03515625
0 0.76171875 0.994140625 0.033203125 0.033203125
0 0.62109375 0.28125 0.033203125 0.033203125
0 0.26171875 0.412109375 0.033203125 0.033203125
0 0.73828125 0.2265625 0.03125 0.03125
0 0.611328125 0.22265625 0.029296875 0.029296875
0 0.693359375 0.3671875 0.02734375 0.02734375
0 0.044921875 0.34375 0.02734375 0.02734375
0 0.9921875 0.298828125 0.02734375 0.02734375
0 0.3671875 0.431640625 0.02734375 0.02734375
0 0.548828125 0.376953125 0.025390625 0.025390625
