0 0.798828125 0.8515625 0.130859375 0.130859375
0 0.669921875 0.779296875 0.123046875 0.123046875
0 0.65234375 0.0390625 0.078125 0.078125
0 0.02734375 0.447265625 0.07421875 0.07421875
0 0.541015625 0.85546875 0.07421875 0.07421875
0 0.96484375 0.52734375 0.072265625 0.072265625
0 0.705078125 0.5546875 0.064453125 0.064453125
0 0.90234375 0.77734375 0.05859375 0.05859375
0 0.5234375 0.701171875 0.05078125 0.05078125
0 0.3671875 0.32421875 0.046875 0.046875
0 0.2578125 0.052734375 0.04296875 0.04296875
0 0.95703125 0.94921875 0.04296875 0.04296875
0 0.076171875 0.783203125 0.041015625 0.041015625
0 0.994140625 0.19921875 0.0390625 0.0390625
0 0.2734375 0.736328125 0.037109375 0.037109375
0 0.29296875 0.099609375 0.03515625 0.03515625
0 0.9140625 0.875 0.033203125 0.033203125
0 0.05859375 0.423828125 0.03125 0.03125
0 0.083984375 0.2421875 0.03125 0.03125
0 0.291015625 0.953125 0.029296875 0.029296875
0 0.6953125 0.490234375 0.02734375 0.02734375
0 0.615234375 0.859375 0.02734375 0.02734375
0 0.248046875 0.228515625 0.02734375 0.02734375
0 0.30078125 0.724609375 0.025390625 0.025390625
