0 0.552734375 0.09765625 0.28125 0.28125
0 0.83984375 0.580078125 0.20703125 0.20703125
0 0.134765625 0.66796875 0.17578125 0.17578125
0 0.646484375 0.623046875 0.119140625 0.119140625
0 0.67578125 0.439453125 0.072265625 0.072265625
0 0.57421875 0.5703125 0.052734375 0.052734375
0 0.2890625 0.904296875 0.052734375 0.052734375
0 0.517578125 0.466796875 0.041015625 0.041015625
0 0.921875 0.220703125 0.041015625 0.041015625
0 0.716796875 0.357421875 0.0390625 0.0390625
0 0.578125 0.619140625 0.0390625 0.0390625
0 0.076171875 0.333984375 0.037109375 0.037109375
0 0.703125 0.1640625 0.033203125 0.033203125
0 0.888671875 0.2578125 0.02734375 0.02734375
0 0.701171875 0.208984375 0.02734375 0.02734375
0 0.16796875 0.158203125 0.02734375 0.02734375
0 0.74609375 0.36328125 0.025390625 0.025390625
