0 0.5078125 0.5625 0.169921875 0.169921875
0 0.583984375 0.91796875 0.11328125 0.11328125
0 0.892578125 0.751953125 0.091796875 0.091796875
0 0.712890625 0.96875 0.0546875 0.0546875
0 0.267578125 0.951171875 0.0546875 0.0546875
0 0.73828125 0.2109375 0.052734375 0.052734375
0 0.599609375 0.38671875 0.05078125 0.05078125
0 0.521484375 0.798828125 0.04296875 0.04296875
0 0.80078125 0.0390625 0.04296875 0.04296875
0 0.88671875 0.38671875 0.0390625 0.0390625
0 0.599609375 0.4296875 0.033203125 0.033203125
0 0.447265625 0.806640625 0.029296875 0.029296875
0 0.40625 0.671875 0.02734375 0.02734375
0 0.333984375 0.822265625 0.02734375 0.02734375
0 0.353515625 0.8828125 0.025390625 0.025390625
