0 0.65234375 0.150390625 0.306640625 0.306640625
0 0.37109375 0.68359375 0.150390625 0.150390625
0 0.0859375 0.50390625 0.126953125 0.126953125
0 0.826171875 0.703125 0.125 0.125
0 0.5234375 0.654296875 0.10546875 0.10546875
0 0.92578125 0.16015625 0.076171875 0.076171875
0 0.279296875 0.248046875 0.072265625 0.072265625
0 0.275390625 0.736328125 0.072265625 0.072265625
0 0.3046875 0.333984375 0.072265625 0.072265625
0 0.3984375 0.84765625 0.0703125 0.0703125
0 0.8359375 0.080078125 0.064453125 0.064453125
0 0.03515625 0.943359375 0.052734375 0.052734375
0 0.9921875 0.78515625 0.048828125 0.048828125
0 0.130859375 0.115234375 0.0390625 0.0390625
0 0.134765625 0.806640625 0.0390625 0.0390625
0 0.052734375 0.26171875 0.033203125 0.033203125
0 0.09375 0.708984375 0.03125 0.03125
0 0.037109375 0.71875 0.03125 0.03125
0 0.130859375 0.01953125 0.029296875 0.029296875
0 0.138671875 0.974609375 0.02734375 0.02734375
0 0.728515625 0.5546875 0.025390625 0.025390625
0 0.34375 0.033203125 0.025390625 0.025390625
