0 0.673828125 0.208984375 0.22265625 0.22265625
0 0.818359375 0.08984375 0.048828125 0.048828125
0 0.8359375 0.30078125 0.046875 0.046875
0 0.06640625 0.064453125 0.046875 0.046875
0 0.80078125 0.033203125 0.044921875 0.044921875
0 0.0625 0.005859375 0.0390625 0.0390625
0 0.068359375 0.08984375 0.029296875 0.029296875
0 0.646484375 0.046875 0.029296875 0.029296875
0 0.072265625 0.03125 0.029296875 0.029296875
0 0.62890625 0.04296875 0.02734375 0.02734375
0 0.48046875 0.115234375 0.025390625 0.025390625
0 0.5078125 0.849609375 0.123046875 0.123046875
0 0.79296875 0.8203125 0.044921875 0.044921875
0 0.498046875 0.642578125 0.037109375 0.037109375
0 0.1875 0.67578125 0.037109375 0.037109375
0 0.951171875 0.404296875 0.03125 0.03125
0 0.046875 0.7578125 0.029296875 0.029296875
