0 0.330078125 0.99609375 0.205078125 0.205078125
0 0.333984375 0.20703125 0.193359375 0.193359375
0 0.6796875 0.58984375 0.12890625 0.12890625
0 0.90234375 0.099609375 0.10546875 0.10546875
0 0.0390625 0.884765625 0.09765625 0.09765625
0 0.91796875 0.365234375 0.08203125 0.08203125
0 0.7421875 0.751953125 0.0703125 0.0703125
0 0.578125 0.69921875 0.068359375 0.068359375
0 0.255859375 0.533203125 0.06640625 0.06640625
0 0.341796875 0.7734375 0.0625 0.0625
0 0.6953125 0.826171875 0.0546875 0.0546875
0 0.185546875 0.90625 0.052734375 0.052734375
0 0.59375 0.96875 0.048828125 0.048828125
0 0.005859375 0.06640625 0.046875 0.046875
0 0.76953125 0.59765625 0.046875 0.046875
0 0.208984375 0.615234375 0.046875 0.046875
0 0.80078125 0.373046875 0.044921875 0.044921875
0 0.619140625 0.693359375 0.04296875 0.04296875
0 0.798828125 0.4765625 0.04296875 0.04296875
0 0.80078125 0.6328125 0.04296875 0.04296875
0 0.681640625 0.55078125 0.041015625 0.041015625
0 0.85546875 0.5625 0.0390625 0.0390625
0 0.044921875 0.216796875 0.0390625 0.0390625
0 0.44921875 0.43359375 0.037109375 0.037109375
0 0.75 0.5703125 0.037109375 0.037109375
0 0.400390625 0.873046875 0.03515625 0.03515625
0 0.1171875 0.1015625 0.033203125 0.033203125
0 0.025390625 0.912109375 0.029296875 0.029296875
0 0.345703125 0.90625 0.029296875 0.029296875
0 0.962890625 0.033203125 0.029296875 0.029296875
0 0.009765625 0.064453125 0.02734375 0.02734375
0 0.90625 0.576171875 0.025390625 0.025390625
0 0.90625 0.048828125 0.025390625 0.025390625
0 0.1328125 0.75390625 0.025390625 0.025390625
