0 0.23828125 0.234375 0.203125 0.203125
0 0.0234375 0.17578125 0.078125 0.078125
0 0.6015625 0.28515625 0.029296875 0.029296875
0 0.20703125 0.4765625 0.173828125 0.173828125
0 0.244140625 0.4140625 0.140625 0.140625
0 0.404296875 0.642578125 0.12109375 0.12109375
0 0.779296875 0.478515625 0.115234375 0.115234375
0 0.154296875 0.923828125 0.1015625 0.1015625
0 0.787109375 0.408203125 0.076171875 0.076171875
0 0.849609375 0.73046875 0.07421875 0.07421875
0 0.40234375 0.802734375 0.0546875 0.0546875
0 0.8359375 0.6328125 0.0546875 0.0546875
0 0.078125 0.494140625 0.046875 0.046875
0 0.736328125 0.59375 0.044921875 0.044921875
0 0.2578125 0.45703125 0.04296875 0.04296875
0 0.1328125 0.416015625 0.041015625 0.041015625
0 0.97265625 0.794921875 0.033203125 0.033203125
0 0.908203125 0.791015625 0.033203125 0.033203125
0 0.171875 0.68359375 0.033203125 0.033203125
0 0.267578125 0.35546875 0.03125 0.03125
0 0.869140625 0.39453125 0.03125 0.03125
0 0.5390625 0.431640625 0.029296875 0.029296875
0 0.326171875 0.466796875 0.02734375 0.02734375
