0 0.296875 0.763671875 0.119140625 0.119140625
0 0.876953125 0.275390625 0.091796875 0.091796875
0 0.109375 0.533203125 0.091796875 0.091796875
0 0.513671875 0.01953125 0.07421875 0.07421875
0 0.484375 0.73046875 0.072265625 0.072265625
0 0.6875 0.21875 0.052734375 0.052734375
0 0.083984375 0.982421875 0.05078125 0.05078125
0 0.1328125 0.57421875 0.05078125 0.05078125
0 0.03125 0.904296875 0.05078125 0.05078125
0 0.79296875 0.275390625 0.041015625 0.041015625
0 0.875 0.3359375 0.0390625 0.0390625
0 0.404296875 0.01953125 0.037109375 0.037109375
0 0.865234375 0.142578125 0.037109375 0.037109375
0 0.9140625 0.18359375 0.03515625 0.03515625
0 0.8359375 0.240234375 0.03515625 0.03515625
0 0.169921875 0.99609375 0.02734375 0.02734375
