0 0.552734375 0.28125 0.17578125 0.17578125
0 0.763671875 0.875 0.173828125 0.173828125
0 0.919921875 0.42578125 0.15625 0.15625
0 0.099609375 0.666015625 0.134765625 0.134765625
0 0.62109375 0.017578125 0.130859375 0.130859375
0 0.728515625 0.822265625 0.123046875 0.123046875
0 0.03125 0.513671875 0.119140625 0.119140625
0 0.26953125 0.701171875 0.10546875 0.10546875
0 0.533203125 0.68359375 0.099609375 0.099609375
0 0.31640625 0.322265625 0.087890625 0.087890625
0 0.640625 0.8984375 0.0859375 0.0859375
0 0.1796875 0.71875 0.08203125 0.08203125
0 0.0703125 0.705078125 0.080078125 0.080078125
0 0.46484375 0.126953125 0.07421875 0.07421875
0 0.044921875 0.28515625 0.072265625 0.072265625
0 0.994140625 0.865234375 0.056640625 0.056640625
0 0.453125 0.38671875 0.0546875 0.0546875
0 0.11328125 0.552734375 0.052734375 0.052734375
0 0.865234375 0.2890625 0.052734375 0.052734375
0 0.265625 0.302734375 0.05078125 0.05078125
0 0.79296875 0.841796875 0.048828125 0.048828125
0 0.166015625 0.06640625 0.044921875 0.044921875
0 0.515625 0.138671875 0.044921875 0.044921875
0 0.18359375 0.359375 0.04296875 0.04296875
0 0.19921875 0.4296875 0.0390625 0.0390625
0 0.029296875 0.365234375 0.0390625 0.0390625
0 0.69140625 0.140625 0.037109375 0.037109375
0 0.91015625 0.435546875 0.037109375 0.037109375
0 0.69921875 0.70703125 0.03515625 0.03515625
0 0.86328125 0.041015625 0.03515625 0.03515625
0 0.32421875 0.07421875 0.033203125 0.033203125
0 0.41796875 0.70703125 0.033203125 0.033203125
0 0.404296875 0.837890625 0.03125 0.03125
0 0.626953125 0.568359375 0.03125 0.03125
0 0.25390625 0.830078125 0.029296875 0.029296875
0 0.33984375 0.81640625 0.02734375 0.02734375
0 0.224609375 0.34375 0.025390625 0.025390625
0 0.62890625 0.583984375 0.025390625 0.025390625
