0 0.634765625 0.673828125 0.0859375 0.0859375
0 0.9453125 0.83203125 0.078125 0.078125
0 0.89453125 0.041015625 0.06640625 0.06640625
0 0.6015625 0.87890625 0.05078125 0.05078125
0 0.552734375 0.9609375 0.048828125 0.048828125
0 0.775390625 0.404296875 0.044921875 0.044921875
0 0.8515625 0.53515625 0.044921875 0.044921875
0 0.6953125 0.837890625 0.04296875 0.04296875
0 0.505859375 0.65625 0.041015625 0.041015625
0 0.916015625 0.517578125 0.037109375 0.037109375
0 0.841796875 0.57421875 0.029296875 0.029296875
