0 0.72265625 0.0390625 0.21484375 0.21484375
0 0.27734375 0.541015625 0.14453125 0.14453125
0 0.595703125 0.572265625 0.126953125 0.126953125
0 0.458984375 0.525390625 0.119140625 0.119140625
0 0.953125 0.607421875 0.115234375 0.115234375
0 0.861328125 0.6015625 0.09765625 0.09765625
0 0.68359375 0.37109375 0.087890625 0.087890625
0 0.943359375 0.2890625 0.08203125 0.08203125
0 0.9453125 0.525390625 0.080078125 0.080078125
0 0.0390625 0.396484375 0.072265625 0.072265625
0 0.2109375 0.337890625 0.064453125 0.064453125
0 0.251953125 0.119140625 0.0625 0.0625
0 0.158203125 0.396484375 0.060546875 0.060546875
0 0.78125 0.09765625 0.05859375 0.05859375
0 0.810546875 0.388671875 0.056640625 0.056640625
0 0.22265625 0.3671875 0.044921875 0.044921875
0 0.080078125 0.59375 0.0390625 0.0390625
0 0.802734375 0.3671875 0.03515625 0.03515625
0 0.763671875 0.5390625 0.03515625 0.03515625
0 0.1484375 0.1640625 0.03515625 0.03515625
0 0.28125 0.40625 0.03515625 0.03515625
0 0.04296875 0.525390625 0.033203125 0.033203125
0 0.2578125 0.25 0.033203125 0.033203125
0 0.794921875 0.228515625 0.033203125 0.033203125
0 0.763671875 0.51171875 0.03125 0.03125
0 0.15234375 0.5546875 0.029296875 0.029296875
0 0.087890625 0.57421875 0.029296875 0.029296875
0 0.42578125 0.16796875 0.02734375 0.02734375
0 0.01171875 0.2734375 0.02734375 0.02734375
0 0.541015625 0.15625 0.02734375 0.02734375
0 0.263671875 0.62109375 0.02734375 0.02734375
0 0.853515625 0.51953125 0.02734375 0.02734375
0 0.541015625 0.90234375 0.1328125 0.1328125
0 0.587890625 0.685546875 0.115234375 0.115234375
0 0.826171875 0.72265625 0.08203125 0.08203125
0 0.845703125 0.837890625 0.080078125 0.080078125
0 0.66015625 0.783203125 0.06640625 0.06640625
0 0.080078125 0.81640625 0.060546875 0.060546875
0 0.8515625 0.87890625 0.060546875 0.060546875
0 0.017578125 0.802734375 0.056640625 0.056640625
0 0.15625 0.74609375 0.0546875 0.0546875
0 0.501953125 0.984375 0.05078125 0.05078125
0 0.666015625 0.884765625 0.048828125 0.048828125
0 0.162109375 0.8125 0.048828125 0.048828125
0 0.669921875 0.86328125 0.03515625 0.03515625
0 0.166015625 0.775390625 0.03125 0.03125
0 0.27734375 0.962890625 0.025390625 0.025390625
