0 0.8515625 0.28515625 0.326171875 0.326171875
0 0.517578125 0.548828125 0.279296875 0.279296875
0 0.75390625 0.5078125 0.158203125 0.158203125
0 0.150390625 0.20703125 0.12109375 0.12109375
0 0.068359375 0.03125 0.119140625 0.119140625
0 0.224609375 0.544921875 0.103515625 0.103515625
0 0.38671875 0.19140625 0.103515625 0.103515625
0 0.048828125 0.82421875 0.09765625 0.09765625
0 0.01953125 0.84375 0.095703125 0.095703125
0 0.640625 0.751953125 0.08984375 0.08984375
0 0.90625 0.87109375 0.0859375 0.0859375
0 0.080078125 0.99609375 0.078125 0.078125
0 0.46484375 0.583984375 0.076171875 0.076171875
0 0.654296875 0.919921875 0.07421875 0.07421875
0 0.73046875 0.72265625 0.072265625 0.072265625
0 0.216796875 0.0234375 0.064453125 0.064453125
0 0.984375 0.765625 0.064453125 0.064453125
0 0.3828125 0.490234375 0.05859375 0.05859375
0 0.5390625 0.787109375 0.056640625 0.056640625
0 0.6953125 0.0625 0.056640625 0.056640625
0 0.306640625 0.693359375 0.052734375 0.052734375
0 0.341796875 0.611328125 0.05078125 0.05078125
0 0.59765625 0.2265625 0.046875 0.046875
0 0.5546875 0.865234375 0.046875 0.046875
0 0.5625 0.044921875 0.046875 0.046875
0 0.306640625 0.23046875 0.046875 0.046875
0 0.234375 0.341796875 0.044921875 0.044921875
0 0.5703125 0.12890625 0.041015625 0.041015625
0 0.90625 0.029296875 0.0390625 0.0390625
0 0.298828125 0.646484375 0.037109375 0.037109375
0 0.44140625 0.380859375 0.037109375 0.037109375
0 0.05859375 0.50390625 0.037109375 0.037109375
0 0.125 0.068359375 0.03515625 0.03515625
0 0.703125 0.619140625 0.033203125 0.033203125
0 0.232421875 0.849609375 0.033203125 0.033203125
0 0.66796875 0.435546875 0.033203125 0.033203125
0 0.529296875 0.330078125 0.033203125 0.033203125
0 0.9453125 0.263671875 0.033203125 0.033203125
0 0.98828125 0.716796875 0.03125 0.03125
0 0.876953125 0.43359375 0.03125 0.03125
0 0.43359375 0.6640625 0.03125 0.03125
0 0.791015625 0.337890625 0.03125 0.03125
0 0.19921875 0.470703125 0.03125 0.03125
0 0.9375 0.373046875 0.029296875 0.029296875
0 0.634765625 0.4375 0.029296875 0.029296875
0 0.03125 0.603515625 0.025390625 0.025390625
0 0.12109375 0.84765625 0.025390625 0.025390625
0 0.85546875 0.26953125 0.025390625 0.025390625
