0 0.1796875 0.96875 0.515625 0.515625
0 0.388671875 0.103515625 0.29296875 0.29296875
0 0.19921875 0.095703125 0.1953125 0.1953125
0 0.501953125 0.734375 0.125 0.125
0 0.91015625 0.2734375 0.109375 0.109375
0 0.388671875 0.392578125 0.107421875 0.107421875
0 0.50390625 0.025390625 0.10546875 0.10546875
0 0.736328125 0.20703125 0.07421875 0.07421875
0 0.728515625 0.08203125 0.07421875 0.07421875
0 0.091796875 0.712890625 0.0703125 0.0703125
0 0.90234375 0.078125 0.068359375 0.068359375
0 0.71875 0.541015625 0.0625 0.0625
0 0.58984375 0.830078125 0.0625 0.0625
0 0.564453125 0.75390625 0.060546875 0.060546875
0 0.65234375 0.435546875 0.05859375 0.05859375
0 0.892578125 0.54296875 0.052734375 0.052734375
0 0.0625 0.25 0.05078125 0.05078125
0 0.966796875 0.41015625 0.046875 0.046875
0 0.5859375 0.6640625 0.04296875 0.04296875
0 0.685546875 0.650390625 0.037109375 0.037109375
0 0.48046875 0.591796875 0.03515625 0.03515625
0 0.6484375 0.638671875 0.03515625 0.03515625
0 0.533203125 0.853515625 0.033203125 0.033203125
0 0.708984375 0.65234375 0.029296875 0.029296875
0 0.869140625 0.978515625 0.029296875 0.029296875
0 0.775390625 0.267578125 0.02734375 0.02734375
0 0.69140625 0.849609375 0.02734375 0.02734375
