0 0.33203125 0.380859375 0.2109375 0.2109375
0 0.03515625 0.865234375 0.17578125 0.17578125
0 0.357421875 0.779296875 0.162109375 0.162109375
0 0.453125 0.28125 0.154296875 0.154296875
0 0.232421875 0.744140625 0.142578125 0.142578125
0 0.0 0.689453125 0.115234375 0.115234375
0 0.033203125 0.8125 0.09375 0.09375
0 0.77734375 0.8046875 0.087890625 0.087890625
0 0.908203125 0.74609375 0.08203125 0.08203125
0 0.154296875 0.9296875 0.08203125 0.08203125
0 0.46875 0.396484375 0.080078125 0.080078125
0 0.10546875 0.134765625 0.078125 0.078125
0 0.71875 0.306640625 0.0703125 0.0703125
0 0.01171875 0.466796875 0.06640625 0.06640625
0 0.056640625 0.3125 0.06640625 0.06640625
0 0.8203125 0.7109375 0.06640625 0.06640625
0 0.58984375 0.70703125 0.060546875 0.060546875
0 0.875 0.556640625 0.05859375 0.05859375
0 0.646484375 0.158203125 0.056640625 0.056640625
0 0.34375 0.955078125 0.05078125 0.05078125
0 0.64453125 0.720703125 0.05078125 0.05078125
0 0.826171875 0.4453125 0.048828125 0.048828125
0 0.224609375 0.380859375 0.046875 0.046875
0 0.662109375 0.41015625 0.046875 0.046875
0 0.314453125 0.1640625 0.044921875 0.044921875
0 0.912109375 0.7265625 0.044921875 0.044921875
0 0.6015625 0.880859375 0.04296875 0.04296875
0 0.4609375 0.443359375 0.04296875 0.04296875
0 0.751953125 0.509765625 0.041015625 0.041015625
0 0.240234375 0.5859375 0.0390625 0.0390625
0 0.28515625 0.345703125 0.0390625 0.0390625
0 0.177734375 0.294921875 0.037109375 0.037109375
0 0.11328125 0.80078125 0.037109375 0.037109375
0 0.478515625 0.82421875 0.03515625 0.03515625
0 0.20703125 0.615234375 0.033203125 0.033203125
0 0.302734375 0.548828125 0.033203125 0.033203125
0 0.548828125 0.83203125 0.03125 0.03125
0 0.169921875 0.171875 0.03125 0.03125
0 0.041015625 0.0546875 0.03125 0.03125
0 0.76953125 0.125 0.029296875 0.029296875
0 0.666015625 0.109375 0.02734375 0.02734375
0 0.548828125 0.890625 0.02734375 0.02734375
0 0.05859375 0.505859375 0.02734375 0.02734375
0 0.537109375 0.9609375 0.02734375 0.02734375
0 0.3359375 0.77734375 0.02734375 0.02734375
0 0.72265625 0.521484375 0.02734375 0.02734375
0 0.9765625 0.125 0.02734375 0.02734375
0 0.654296875 0.779296875 0.025390625 0.025390625
0 0.494140625 0.857421875 0.025390625 0.025390625
0 0.5078125 0.1875 0.025390625 0.025390625
