0 0.111328125 0.912109375 0.326171875 0.326171875
0 0.48828125 0.3828125 0.291015625 0.291015625
0 0.046875 0.3125 0.240234375 0.240234375
0 0.33203125 0.73046875 0.15625 0.15625
0 0.869140625 0.67578125 0.1171875 0.1171875
0 0.02734375 0.630859375 0.115234375 0.115234375
0 0.23828125 0.38671875 0.11328125 0.11328125
0 0.0390625 0.443359375 0.1015625 0.1015625
0 0.95703125 0.1875 0.0859375 0.0859375
0 0.326171875 0.140625 0.083984375 0.083984375
0 0.08984375 0.72265625 0.078125 0.078125
0 0.6796875 0.859375 0.078125 0.078125
0 0.29296875 0.416015625 0.06640625 0.06640625
0 0.931640625 0.27734375 0.064453125 0.064453125
0 0.646484375 0.619140625 0.064453125 0.064453125
0 0.75 0.404296875 0.064453125 0.064453125
0 0.009765625 0.521484375 0.0625 0.0625
0 0.904296875 0.244140625 0.0625 0.0625
0 0.849609375 0.4609375 0.05859375 0.05859375
0 0.640625 0.07421875 0.052734375 0.052734375
0 0.6640625 0.220703125 0.052734375 0.052734375
0 0.087890625 0.564453125 0.044921875 0.044921875
0 0.0859375 0.048828125 0.04296875 0.04296875
0 0.646484375 0.314453125 0.041015625 0.041015625
0 0.759765625 0.509765625 0.041015625 0.041015625
0 0.759765625 0.8984375 0.041015625 0.041015625
0 0.146484375 0.099609375 0.0390625 0.0390625
0 0.583984375 0.6953125 0.037109375 0.037109375
0 0.693359375 0.78125 0.03515625 0.03515625
0 0.125 0.4296875 0.03515625 0.03515625
0 0.0859375 0.15234375 0.033203125 0.033203125
0 0.0859375 0.494140625 0.033203125 0.033203125
0 0.439453125 0.958984375 0.033203125 0.033203125
0 0.494140625 0.748046875 0.033203125 0.033203125
0 0.546875 0.564453125 0.033203125 0.033203125
0 0.513671875 0.96875 0.03125 0.03125
0 0.904296875 0.265625 0.03125 0.03125
0 0.767578125 0.87109375 0.03125 0.03125
0 0.333984375 0.412109375 0.029296875 0.029296875
0 0.669921875 0.537109375 0.029296875 0.029296875
0 0.884765625 0.904296875 0.029296875 0.029296875
0 0.19921875 0.890625 0.02734375 0.02734375
0 0.373046875 0.890625 0.02734375 0.02734375
0 0.91015625 0.849609375 0.02734375 0.02734375
0 0.615234375 0.921875 0.02734375 0.02734375
0 0.12890625 0.08203125 0.025390625 0.025390625
0 0.025390625 0.072265625 0.025390625 0.025390625
0 0.939453125 0.11328125 0.025390625 0.025390625
