0 0.103515625 0.669921875 0.236328125 0.236328125
0 0.482421875 0.431640625 0.216796875 0.216796875
0 0.611328125 0.333984375 0.17578125 0.17578125
0 0.333984375 0.705078125 0.166015625 0.166015625
0 0.068359375 0.513671875 0.099609375 0.099609375
0 0.05078125 0.328125 0.095703125 0.095703125
0 0.244140625 0.3203125 0.091796875 0.091796875
0 0.595703125 0.17578125 0.0859375 0.0859375
0 0.5234375 0.080078125 0.08203125 0.08203125
0 0.4453125 0.08984375 0.07421875 0.07421875
0 0.2890625 0.373046875 0.068359375 0.068359375
0 0.705078125 0.56640625 0.068359375 0.068359375
0 0.833984375 0.720703125 0.064453125 0.064453125
0 0.697265625 0.099609375 0.0625 0.0625
0 0.013671875 0.076171875 0.0625 0.0625
0 0.740234375 0.384765625 0.05859375 0.05859375
0 0.58984375 0.0 0.05078125 0.05078125
0 0.865234375 0.736328125 0.048828125 0.048828125
0 0.23046875 0.244140625 0.041015625 0.041015625
0 0.0625 0.2578125 0.041015625 0.041015625
0 0.458984375 0.029296875 0.041015625 0.041015625
0 0.07421875 0.09375 0.041015625 0.041015625
0 0.94140625 0.90625 0.037109375 0.037109375
0 0.1953125 0.255859375 0.037109375 0.037109375
0 0.291015625 0.15234375 0.037109375 0.037109375
0 0.4921875 0.39453125 0.033203125 0.033203125
0 0.634765625 0.099609375 0.033203125 0.033203125
0 0.56640625 0.17578125 0.03125 0.03125
0 0.58984375 0.58984375 0.029296875 0.029296875
0 0.3515625 0.9609375 0.029296875 0.029296875
0 0.099609375 0.318359375 0.02734375 0.02734375
0 0.255859375 0.54296875 0.025390625 0.025390625
0 0.8984375 0.765625 0.025390625 0.025390625
0 0.119140625 0.48046875 0.025390625 0.025390625
