0 0.68359375 0.796875 0.138671875 0.138671875
0 0.654296875 0.943359375 0.125 0.125
0 0.0859375 0.42578125 0.10546875 0.10546875
0 0.193359375 0.189453125 0.0859375 0.0859375
0 0.05859375 0.837890625 0.0859375 0.0859375
0 0.9296875 0.8359375 0.068359375 0.068359375
0 0.314453125 0.703125 0.056640625 0.056640625
0 0.732421875 0.3203125 0.044921875 0.044921875
0 0.1328125 0.546875 0.044921875 0.044921875
0 0.169921875 0.380859375 0.0390625 0.0390625
0 0.169921875 0.853515625 0.0390625 0.0390625
0 0.140625 0.57421875 0.0390625 0.0390625
0 0.09765625 0.10546875 0.033203125 0.033203125
0 0.052734375 0.916015625 0.03125 0.03125
0 0.80859375 0.4921875 0.029296875 0.029296875
0 0.04296875 0.14453125 0.02734375 0.02734375
0 0.21875 0.8984375 0.02734375 0.02734375
0 0.08203125 0.02734375 0.02734375 0.02734375
0 0.001953125 0.458984375 0.02734375 0.02734375
0 0.138671875 0.15625 0.025390625 0.025390625
0 0.0859375 0.35546875 0.025390625 0.025390625
0 0.814453125 0.73828125 0.025390625 0.025390625
0 0.70703125 0.083984375 0.025390625 0.025390625
