0 0.083984375 0.361328125 0.375 0.375
0 0.310546875 0.7734375 0.25 0.25
0 0.220703125 0.365234375 0.21484375 0.21484375
0 0.134765625 0.3671875 0.158203125 0.158203125
0 0.001953125 0.91796875 0.134765625 0.134765625
0 0.89453125 0.90625 0.123046875 0.123046875
0 0.96484375 0.357421875 0.087890625 0.087890625
0 0.46875 0.65234375 0.08203125 0.08203125
0 0.775390625 0.17578125 0.080078125 0.080078125
0 0.703125 0.15625 0.068359375 0.068359375
0 0.498046875 0.373046875 0.0625 0.0625
0 0.91796875 0.140625 0.060546875 0.060546875
0 0.720703125 0.05859375 0.05859375 0.05859375
0 0.765625 0.111328125 0.0546875 0.0546875
0 0.8828125 0.162109375 0.052734375 0.052734375
0 0.28125 0.189453125 0.052734375 0.052734375
0 0.85546875 0.34765625 0.052734375 0.052734375
0 0.69140625 0.53125 0.05078125 0.05078125
0 0.9296875 0.048828125 0.05078125 0.05078125
0 0.251953125 0.939453125 0.046875 0.046875
0 0.205078125 0.177734375 0.046875 0.046875
0 0.970703125 0.484375 0.044921875 0.044921875
0 0.41796875 0.28125 0.04296875 0.04296875
0 0.693359375 0.650390625 0.04296875 0.04296875
0 0.734375 0.1015625 0.041015625 0.041015625
0 0.81640625 0.015625 0.0390625 0.0390625
0 0.1484375 0.171875 0.037109375 0.037109375
0 0.76171875 0.080078125 0.037109375 0.037109375
0 0.185546875 0.013671875 0.03515625 0.03515625
0 0.3671875 0.119140625 0.033203125 0.033203125
0 0.875 0.482421875 0.033203125 0.033203125
0 0.66015625 0.392578125 0.03125 0.03125
0 0.119140625 0.53515625 0.03125 0.03125
0 0.578125 0.291015625 0.03125 0.03125
0 0.26953125 0.548828125 0.03125 0.03125
0 0.796875 0.0234375 0.03125 0.03125
0 0.685546875 0.45703125 0.029296875 0.029296875
0 0.822265625 0.232421875 0.02734375 0.02734375
0 0.3046875 0.912109375 0.02734375 0.02734375
0 0.09765625 0.466796875 0.02734375 0.02734375
0 0.580078125 0.107421875 0.02734375 0.02734375
0 0.708984375 0.4140625 0.025390625 0.025390625
0 0.015625 0.69140625 0.025390625 0.025390625
0 0.580078125 0.107421875 0.025390625 0.025390625
