0 0.64453125 0.8125 0.1875 0.1875
0 0.44140625 0.1171875 0.09765625 0.09765625
0 0.720703125 0.080078125 0.07421875 0.07421875
0 0.759765625 0.6640625 0.072265625 0.072265625
0 0.142578125 0.19921875 0.048828125 0.048828125
0 0.205078125 0.056640625 0.046875 0.046875
0 0.744140625 0.51953125 0.044921875 0.044921875
0 0.919921875 0.814453125 0.04296875 0.04296875
0 0.603515625 0.92578125 0.037109375 0.037109375
0 0.166015625 0.46875 0.03515625 0.03515625
0 0.544921875 0.689453125 0.029296875 0.029296875
0 0.87109375 0.5703125 0.029296875 0.029296875
0 0.720703125 0.365234375 0.025390625 0.025390625
