0 0.763671875 0.240234375 0.29296875 0.29296875
0 0.0078125 0.044921875 0.0546875 0.0546875
0 0.751953125 0.26171875 0.048828125 0.048828125
0 0.705078125 0.015625 0.044921875 0.044921875
0 0.794921875 0.013671875 0.03125 0.03125
0 0.216796875 0.533203125 0.587890625 0.587890625
0 0.505859375 0.482421875 0.1015625 0.1015625
0 0.076171875 0.693359375 0.068359375 0.068359375
0 0.671875 0.91796875 0.05078125 0.05078125
0 0.517578125 0.529296875 0.044921875 0.044921875
0 0.783203125 0.787109375 0.044921875 0.044921875
0 0.322265625 0.4296875 0.04296875 0.04296875
0 0.279296875 0.798828125 0.025390625 0.025390625
