0 0.21875 0.935546875 0.1484375 0.1484375
0 0.865234375 0.904296875 0.11328125 0.11328125
0 0.39453125 0.74609375 0.078125 0.078125
0 0.703125 0.59765625 0.078125 0.078125
0 0.33203125 0.82421875 0.0546875 0.0546875
0 0.333984375 0.791015625 0.04296875 0.04296875
0 0.328125 0.76171875 0.041015625 0.041015625
0 0.904296875 0.361328125 0.037109375 0.037109375
0 0.76171875 0.802734375 0.037109375 0.037109375
0 0.955078125 0.06640625 0.03515625 0.03515625
0 0.6640625 0.615234375 0.03125 0.03125
0 0.1640625 0.890625 0.029296875 0.029296875
0 0.32421875 0.744140625 0.02734375 0.02734375
0 0.421875 0.6875 0.025390625 0.025390625
