0 0.611328125 0.396484375 0.35546875 0.35546875
0 0.25390625 0.265625 0.1640625 0.1640625
0 0.150390625 0.708984375 0.162109375 0.162109375
0 0.513671875 0.8984375 0.138671875 0.138671875
0 0.365234375 0.123046875 0.12890625 0.12890625
0 0.734375 0.87890625 0.1171875 0.1171875
0 0.583984375 0.734375 0.111328125 0.111328125
0 0.830078125 0.05078125 0.099609375 0.099609375
0 0.771484375 0.546875 0.099609375 0.099609375
0 0.3515625 0.392578125 0.09375 0.09375
0 0.7109375 0.0625 0.080078125 0.080078125
0 0.09375 0.26953125 0.080078125 0.080078125
0 0.306640625 0.802734375 0.06640625 0.06640625
0 0.267578125 0.513671875 0.06640625 0.06640625
0 0.474609375 0.767578125 0.064453125 0.064453125
0 0.630859375 0.18359375 0.046875 0.046875
0 0.421875 0.341796875 0.044921875 0.044921875
0 0.3828125 0.896484375 0.0390625 0.0390625
0 0.67578125 0.361328125 0.037109375 0.037109375
0 0.8046875 0.994140625 0.033203125 0.033203125
0 0.720703125 0.01171875 0.03125 0.03125
0 0.6015625 0.19140625 0.03125 0.03125
0 0.263671875 0.65234375 0.02734375 0.02734375
