0 0.48828125 0.87109375 0.173828125 0.173828125
0 0.859375 0.33984375 0.150390625 0.150390625
0 0.458984375 0.787109375 0.142578125 0.142578125
0 0.03515625 0.77734375 0.115234375 0.115234375
0 0.771484375 0.1875 0.099609375 0.099609375
0 0.5234375 0.388671875 0.095703125 0.095703125
0 0.009765625 0.240234375 0.08203125 0.08203125
0 0.90234375 0.1328125 0.078125 0.078125
0 0.16015625 0.845703125 0.07421875 0.07421875
0 0.294921875 0.40234375 0.072265625 0.072265625
0 0.724609375 0.576171875 0.064453125 0.064453125
0 0.318359375 0.15234375 0.060546875 0.060546875
0 0.9140625 0.974609375 0.056640625 0.056640625
0 0.720703125 0.556640625 0.046875 0.046875
0 0.75390625 0.240234375 0.046875 0.046875
0 0.689453125 0.001953125 0.04296875 0.04296875
0 0.10546875 0.708984375 0.041015625 0.041015625
0 0.33984375 0.1640625 0.041015625 0.041015625
0 0.091796875 0.9140625 0.041015625 0.041015625
0 0.41015625 0.27734375 0.041015625 0.041015625
0 0.841796875 0.115234375 0.041015625 0.041015625
0 0.349609375 0.572265625 0.0390625 0.0390625
0 0.17578125 0.033203125 0.037109375 0.037109375
0 0.947265625 0.6796875 0.033203125 0.033203125
0 0.888671875 0.48828125 0.03125 0.03125
0 0.76171875 0.59765625 0.03125 0.03125
0 0.6328125 0.2265625 0.029296875 0.029296875
0 0.279296875 0.3359375 0.029296875 0.029296875
0 0.591796875 0.310546875 0.029296875 0.029296875
0 0.478515625 0.033203125 0.02734375 0.02734375
0 0.8828125 0.85546875 0.02734375 0.02734375
0 0.2421875 0.228515625 0.02734375 0.02734375
0 0.982421875 0.390625 0.025390625 0.025390625
