0 0.828125 0.306640625 0.150390625 0.150390625
0 0.376953125 0.02734375 0.14453125 0.14453125
0 0.513671875 0.466796875 0.126953125 0.126953125
0 0.333984375 0.27734375 0.10546875 0.10546875
0 0.056640625 0.255859375 0.10546875 0.10546875
0 0.6953125 0.77734375 0.095703125 0.095703125
0 0.494140625 0.517578125 0.087890625 0.087890625
0 0.369140625 0.158203125 0.083984375 0.083984375
0 0.130859375 0.544921875 0.072265625 0.072265625
0 0.30078125 0.859375 0.072265625 0.072265625
0 0.029296875 0.595703125 0.0703125 0.0703125
0 0.931640625 0.306640625 0.06640625 0.06640625
0 0.990234375 0.560546875 0.052734375 0.052734375
0 0.1875 0.154296875 0.048828125 0.048828125
0 0.29296875 0.13671875 0.046875 0.046875
0 0.5234375 0.41015625 0.046875 0.046875
0 0.5859375 0.568359375 0.044921875 0.044921875
0 0.232421875 0.35546875 0.044921875 0.044921875
0 0.576171875 0.63671875 0.04296875 0.04296875
0 0.41796875 0.859375 0.04296875 0.04296875
0 0.08984375 0.13671875 0.041015625 0.041015625
0 0.740234375 0.203125 0.0390625 0.0390625
0 0.62890625 0.029296875 0.0390625 0.0390625
0 0.2109375 0.734375 0.0390625 0.0390625
0 0.51953125 0.931640625 0.0390625 0.0390625
0 0.3203125 0.4765625 0.037109375 0.037109375
0 0.251953125 0.47265625 0.03515625 0.03515625
0 0.25 0.076171875 0.03515625 0.03515625
0 0.654296875 0.40625 0.033203125 0.033203125
0 0.1484375 0.05859375 0.033203125 0.033203125
0 0.2421875 0.724609375 0.033203125 0.033203125
0 0.080078125 0.4140625 0.033203125 0.033203125
0 0.037109375 0.958984375 0.03125 0.03125
0 0.9609375 0.263671875 0.03125 0.03125
0 0.4453125 0.74609375 0.029296875 0.029296875
0 0.68359375 0.013671875 0.02734375 0.02734375
0 0.23046875 0.748046875 0.02734375 0.02734375
0 0.78515625 0.728515625 0.02734375 0.02734375
0 0.20703125 0.759765625 0.02734375 0.02734375
0 0.5546875 0.6015625 0.02734375 0.02734375
0 0.658203125 0.296875 0.025390625 0.025390625
