0 0.203125 0.052734375 0.107421875 0.107421875
0 0.515625 0.859375 0.10546875 0.10546875
0 0.16796875 0.59375 0.1015625 0.1015625
0 0.638671875 0.353515625 0.1015625 0.1015625
0 0.294921875 0.205078125 0.099609375 0.099609375
0 0.62890625 0.966796875 0.09765625 0.09765625
0 0.3125 0.0 0.095703125 0.095703125
0 0.544921875 0.5078125 0.09375 0.09375
0 0.32421875 0.09765625 0.087890625 0.087890625
0 0.859375 0.578125 0.080078125 0.080078125
0 0.802734375 0.705078125 0.078125 0.078125
0 0.134765625 0.11328125 0.0703125 0.0703125
0 0.255859375 0.51953125 0.068359375 0.068359375
0 0.36328125 0.16796875 0.05859375 0.05859375
0 0.171875 0.87109375 0.056640625 0.056640625
0 0.64453125 0.525390625 0.0546875 0.0546875
0 0.11328125 0.046875 0.052734375 0.052734375
0 0.89453125 0.951171875 0.048828125 0.048828125
0 0.619140625 0.64453125 0.048828125 0.048828125
0 0.173828125 0.14453125 0.048828125 0.048828125
0 0.220703125 0.841796875 0.046875 0.046875
0 0.423828125 0.220703125 0.046875 0.046875
0 0.2109375 0.283203125 0.044921875 0.044921875
0 0.08203125 0.92578125 0.041015625 0.041015625
0 0.439453125 0.626953125 0.037109375 0.037109375
0 0.001953125 0.931640625 0.037109375 0.037109375
0 0.673828125 0.072265625 0.03515625 0.03515625
0 0.5625 0.93359375 0.033203125 0.033203125
0 0.015625 0.087890625 0.033203125 0.033203125
0 0.171875 0.271484375 0.03125 0.03125
0 0.26953125 0.748046875 0.03125 0.03125
0 0.05078125 0.51953125 0.03125 0.03125
0 0.392578125 0.220703125 0.029296875 0.029296875
0 0.275390625 0.89453125 0.029296875 0.029296875
0 0.927734375 0.44921875 0.029296875 0.029296875
0 0.955078125 0.08203125 0.029296875 0.029296875
0 0.908203125 0.080078125 0.029296875 0.029296875
0 0.7734375 0.35546875 0.029296875 0.029296875
0 0.564453125 0.798828125 0.029296875 0.029296875
0 0.861328125 0.3203125 0.025390625 0.025390625
0 0.982421875 0.849609375 0.025390625 0.025390625
0 0.9140625 0.79296875 0.025390625 0.025390625
0 0.078125 0.671875 0.025390625 0.025390625
0 0.673828125 0.3984375 0.025390625 0.025390625
