0 0.373046875 0.408203125 0.203125 0.203125
0 0.798828125 0.28125 0.1328125 0.1328125
0 0.333984375 0.580078125 0.125 0.125
0 0.71875 0.650390625 0.107421875 0.107421875
0 0.46875 0.7734375 0.09765625 0.09765625
0 0.087890625 0.63671875 0.087890625 0.087890625
0 0.53125 0.720703125 0.0859375 0.0859375
0 0.40625 0.53125 0.083984375 0.083984375
0 0.65234375 0.541015625 0.08203125 0.08203125
0 0.66015625 0.126953125 0.068359375 0.068359375
0 0.611328125 0.7265625 0.06640625 0.06640625
0 0.5234375 0.966796875 0.064453125 0.064453125
0 0.244140625 0.763671875 0.0625 0.0625
0 0.771484375 0.28515625 0.05859375 0.05859375
0 0.650390625 0.73046875 0.056640625 0.056640625
0 0.51171875 0.12109375 0.05078125 0.05078125
0 0.603515625 0.244140625 0.05078125 0.05078125
0 0.65234375 0.609375 0.05078125 0.05078125
0 0.287109375 0.185546875 0.05078125 0.05078125
0 0.080078125 0.69921875 0.048828125 0.048828125
0 0.52734375 0.45703125 0.048828125 0.048828125
0 0.197265625 0.83203125 0.046875 0.046875
0 0.705078125 0.953125 0.046875 0.046875
0 0.828125 0.029296875 0.044921875 0.044921875
0 0.08203125 0.818359375 0.044921875 0.044921875
0 0.85546875 0.044921875 0.044921875 0.044921875
0 0.59375 0.919921875 0.044921875 0.044921875
0 0.673828125 0.078125 0.044921875 0.044921875
0 0.31640625 0.61328125 0.04296875 0.04296875
0 0.642578125 0.220703125 0.04296875 0.04296875
0 0.9140625 0.251953125 0.04296875 0.04296875
0 0.244140625 0.267578125 0.041015625 0.041015625
0 0.322265625 0.728515625 0.041015625 0.041015625
0 0.009765625 0.8203125 0.0390625 0.0390625
0 0.779296875 0.796875 0.0390625 0.0390625
0 0.80078125 0.49609375 0.037109375 0.037109375
0 0.044921875 0.5546875 0.03515625 0.03515625
0 0.12109375 0.98046875 0.033203125 0.033203125
0 0.73046875 0.8359375 0.03125 0.03125
0 0.365234375 0.755859375 0.03125 0.03125
0 0.83984375 0.3515625 0.03125 0.03125
0 0.841796875 0.0625 0.03125 0.03125
0 0.044921875 0.595703125 0.03125 0.03125
0 0.037109375 0.6875 0.03125 0.03125
0 0.435546875 0.93359375 0.03125 0.03125
0 0.12109375 0.564453125 0.03125 0.03125
0 0.828125 0.4765625 0.029296875 0.029296875
0 0.37109375 0.81640625 0.029296875 0.029296875
0 0.263671875 0.068359375 0.029296875 0.029296875
0 0.8359375 0.984375 0.029296875 0.029296875
0 0.109375 0.5234375 0.02734375 0.02734375
0 0.41796875 0.916015625 0.02734375 0.02734375
0 0.560546875 0.865234375 0.02734375 0.02734375
0 0.220703125 0.802734375 0.02734375 0.02734375
0 0.712890625 0.59375 0.02734375 0.02734375
0 0.611328125 0.421875 0.02734375 0.02734375
0 0.0703125 0.904296875 0.025390625 0.025390625
0 0.12109375 0.38671875 0.025390625 0.025390625
