0 0.919921875 0.896484375 0.197265625 0.197265625
0 0.91796875 0.626953125 0.1875 0.1875
0 0.091796875 0.021484375 0.16015625 0.16015625
0 0.60546875 0.1953125 0.158203125 0.158203125
0 0.58984375 0.921875 0.154296875 0.154296875
0 0.05859375 0.658203125 0.134765625 0.134765625
0 0.83203125 0.673828125 0.1171875 0.1171875
0 0.109375 0.173828125 0.115234375 0.115234375
0 0.9453125 0.49609375 0.11328125 0.11328125
0 0.818359375 0.138671875 0.111328125 0.111328125
0 0.16015625 0.0703125 0.10546875 0.10546875
0 0.365234375 0.068359375 0.103515625 0.103515625
0 0.482421875 0.150390625 0.0859375 0.0859375
0 0.671875 0.69921875 0.083984375 0.083984375
0 0.845703125 0.044921875 0.076171875 0.076171875
0 0.1171875 0.12890625 0.072265625 0.072265625
0 0.626953125 0.6015625 0.064453125 0.064453125
0 0.896484375 0.146484375 0.0625 0.0625
0 0.4375 0.94140625 0.0625 0.0625
0 0.9453125 0.779296875 0.05859375 0.05859375
0 0.140625 0.0234375 0.056640625 0.056640625
0 0.494140625 0.294921875 0.048828125 0.048828125
0 0.587890625 0.3046875 0.044921875 0.044921875
0 0.771484375 0.595703125 0.04296875 0.04296875
0 0.833984375 0.53515625 0.037109375 0.037109375
0 0.873046875 0.453125 0.037109375 0.037109375
0 0.94921875 0.423828125 0.037109375 0.037109375
0 0.484375 0.642578125 0.03515625 0.03515625
0 0.287109375 0.037109375 0.03515625 0.03515625
0 0.076171875 0.888671875 0.03515625 0.03515625
0 0.6015625 0.5078125 0.03515625 0.03515625
0 0.40625 0.283203125 0.033203125 0.033203125
0 0.1796875 0.607421875 0.029296875 0.029296875
0 0.689453125 0.5859375 0.029296875 0.029296875
0 0.697265625 0.044921875 0.029296875 0.029296875
0 0.564453125 0.734375 0.029296875 0.029296875
0 0.37109375 0.21875 0.02734375 0.02734375
